Mach,Alpha,CD,CD Power-Off,CD Power-On,CA Power-Off,CA Power-On,CL,CN,CN Potential,CN Viscous,CNalpha (0 to 4 deg) (per rad),CP,CP (0 to 4 deg),Reynolds Number
0.01,0,0.4226325025104010080522846307,0.422632502510401,0.41253021252558,0.422632502510401,0.41253021252558,0,0,0,0,4.41494125429082,79.05843994424720251340808999,79.05843994424720251340808999,791730.1
0.02,0,0.3723245594925797723765729229,0.37232455949258,0.362222269507758,0.37232455949258,0.362222269507758,0,0,0,0,4.41494125429082,79.05843994424720251340808999,79.05843994424720251340808999,1583460
0.03,0,0.3470196649988802014516545032,0.34701966499888,0.336917375014059,0.34701966499888,0.336917375014059,0,0,0,0,4.41494125429082,79.05843994424720251340808999,79.05843994424720251340808999,2375190
0.04,0,0.3306388148039728587773391635,0.330638814803973,0.320536524819151,0.330638814803973,0.320536524819151,0,0,0,0,4.41494125429082,79.05843994424720251340808999,79.05843994424720251340808999,3166920
0.05,0,0.3187466626899407529299213915,0.318746662689941,0.308644372705119,0.318746662689941,0.308644372705119,0,0,0,0,4.41494125429082,79.05843994424720251340808999,79.05843994424720251340808999,3958650
0.06,0,0.3095211605000894564277982736,0.309521160500089,0.299418870515268,0.309521160500089,0.299418870515268,0,0,0,0,4.41494125429082,79.05843994424720251340808999,79.05843994424720251340808999,4750380
0.07,0,0.3020471858951481374305544798,0.302047185895148,0.291944895910327,0.302047185895148,0.291944895910327,0,0,0,0,4.41494125429082,79.05843994424720251340808999,79.05843994424720251340808999,5542110
0.08,0,0.2958041530065903879439269665,0.29580415300659,0.285701863021769,0.29580415300659,0.285701863021769,0,0,0,0,4.41494125429082,79.05843994424720251340808999,79.05843994424720251340808999,6333840
0.09,0,0.2904694083241836164475407469,0.290469408324184,0.280367118339362,0.290469408324184,0.280367118339362,0,0,0,0,4.41494125429082,79.05843994424720251340808999,79.05843994424720251340808999,7125571
0.10,0,0.2858301589854646640913619904,0.285830158985465,0.275727869000643,0.285830158985465,0.275727869000643,0,0,0,0,4.41494125429082,79.05843994424720251340808999,79.05843994424720251340808999,7917301
0.11,0,0.2817391232570523338923872606,0.281739123257052,0.271636833272231,0.281739123257052,0.271636833272231,0,0,0,0,4.41494125429082,79.05843994424720251340808999,79.05843994424720251340808999,8709031
0.12,0,0.2780904101556989531161109235,0.278090410155699,0.267988120170878,0.278090410155699,0.267988120170878,0,0,0,0,4.41494125429082,79.05843994424720251340808999,79.05843994424720251340808999,9500761
0.13,0,0.2748055005830068672881618244,0.274805500583007,0.264703210598185,0.274805500583007,0.264703210598185,0,0,0,0,4.41494125429082,79.05843994424720251340808999,79.05843994424720251340808999,10292490
0.14,0,0.2718247608262457965099175603,0.271824760826246,0.261722470841424,0.271824760826246,0.261722470841424,0,0,0,0,4.41494125429082,79.05843994424720251340808999,79.05843994424720251340808999,11084220
0.15,0,0.2691018055422700863249635256,0.26910180554227,0.258999515557449,0.26910180554227,0.258999515557449,0,0,0,0,4.41494125429082,79.05843994424720251340808999,79.05843994424720251340808999,11875950
0.16,0,0.2665999461131226074843704599,0.266599946113123,0.256497656128301,0.266599946113123,0.256497656128301,0,0,0,0,4.41494125429082,79.05843994424720251340808999,79.05843994424720251340808999,12667680
0.17,0,0.2642897278679493289144107758,0.264289727867949,0.254187437883128,0.264289727867949,0.254187437883128,0,0,0,0,4.41494125429082,79.05843994424720251340808999,79.05843994424720251340808999,13459410
0.18,0,0.2621470637373853162071082747,0.262147063737385,0.252044773752564,0.262147063737385,0.252044773752564,0,0,0,0,4.41494125429082,79.05843994424720251340808999,79.05843994424720251340808999,14251140
0.19,0,0.2601521489020646269815783827,0.260152148902065,0.250049858917243,0.260152148902065,0.250049858917243,0,0,0,0,4.41494125429082,79.05843994424720251340808999,79.05843994424720251340808999,15042870
0.20,0,0.2582884917063105885040945061,0.258288491706311,0.248186201721489,0.258288491706311,0.248186201721489,0,0,0,0,4.41494125429082,79.05843994424720251340808999,79.05843994424720251340808999,15834600
0.21,0,0.2565421752837404578504281022,0.25654217528374,0.246439885298919,0.25654217528374,0.246439885298919,0,0,0,0,4.41494125429082,79.05843994424720251340808999,79.05843994424720251340808999,16626330
0.22,0,0.2549013901233229943183779963,0.254901390123323,0.244799100138502,0.254901390123323,0.244799100138502,0,0,0,0,4.41494125429082,79.05843994424720251340808999,79.05843994424720251340808999,17418060
0.23,0,0.2533560322409594729093857407,0.253356032240959,0.243253742256138,0.253356032240959,0.243253742256138,0,0,0,0,4.41494125429082,79.05843994424720251340808999,79.05843994424720251340808999,18209790
0.24,0,0.2518973947495605899016452874,0.251897394749561,0.241795104764739,0.251897394749561,0.241795104764739,0,0,0,0,4.41494125429082,79.05843994424720251340808999,79.05843994424720251340808999,19001520
0.25,0,0.2505179847793413446634993004,0.250517984779341,0.24041569479452,0.250517984779341,0.24041569479452,0,0,0,0,4.41494125429082,79.05843994424720251340808999,79.05843994424720251340808999,19793250
0.26,0,0.2493334795665725162270260308,0.249333479566572,0.239231189581751,0.249333479566572,0.239231189581751,0,0,0,0,4.41494125429082,79.05843994424720251340808999,79.05843994424720251340808999,20584980
0.27,0,0.2482141627847680796842703455,0.248214162784768,0.238111872799947,0.248214162784768,0.238111872799947,0,0,0,0,4.41494125429082,79.05843994424720251340808999,79.05843994424720251340808999,21376710
0.28,0,0.2471551084271413376215162636,0.247155108427141,0.23705281844232,0.247155108427141,0.23705281844232,0,0,0,0,4.41494125429082,79.05843994424720251340808999,79.05843994424720251340808999,22168440
0.29,0,0.2461519375057245902591773002,0.246151937505725,0.236049647520903,0.246151937505725,0.236049647520903,0,0,0,0,4.41494125429082,79.05843994424720251340808999,79.05843994424720251340808999,22960170
0.30,0,0.2452007612584398562672601964,0.24520076125844,0.235098471273618,0.24520076125844,0.235098471273618,0,0,0,0,4.41494125429082,79.05843994424720251340808999,79.05843994424720251340808999,23751900
0.31,0,0.2442981184243930592040053846,0.244298118424393,0.234195828439572,0.244298118424393,0.234195828439572,0,0,0,0,4.41494125429082,79.05843994424720251340808999,79.05843994424720251340808999,24543630
0.32,0,0.2434409423317736490651032641,0.243440942331774,0.233338652346952,0.243440942331774,0.233338652346952,0,0,0,0,4.41494125429082,79.05843994424720251340808999,79.05843994424720251340808999,25335360
0.33,0,0.2426264641245497196306595694,0.24262646412455,0.232524174139728,0.24262646412455,0.232524174139728,0,0,0,0,4.41494125429082,79.05843994424720251340808999,79.05843994424720251340808999,26127090
0.34,0,0.2418522271638013028317214583,0.241852227163801,0.23174993717898,0.241852227163801,0.23174993717898,0,0,0,0,4.41494125429082,79.05843994424720251340808999,79.05843994424720251340808999,26918820
0.35,0,0.2411160027967089638506828470,0.241116002796709,0.231013712811888,0.241116002796709,0.231013712811888,0,0,0,0,4.41494125429082,79.05843994424720251340808999,79.05843994424720251340808999,27710550
0.36,0,0.2404157826408204780393083677,0.24041578264082,0.230313492655999,0.24041578264082,0.230313492655999,0,0,0,0,4.41494125429082,79.05843994424720251340808999,79.05843994424720251340808999,28502280
0.37,0,0.2397497579195766363809064246,0.239749757919577,0.229647467934755,0.239749757919577,0.229647467934755,0,0,0,0,4.41494125429082,79.05843994424720251340808999,79.05843994424720251340808999,29294010
0.38,0,0.2391163071679051069329922739,0.239116307167905,0.229014017183084,0.239116307167905,0.229014017183084,0,0,0,0,4.41494125429082,79.05843994424720251340808999,79.05843994424720251340808999,30085740
0.39,0,0.2385139715765862904969553135,0.238513971576586,0.228411681591765,0.238513971576586,0.228411681591765,0,0,0,0,4.41494125429082,79.05843994424720251340808999,79.05843994424720251340808999,30877470
0.40,0,0.2379413965066823078340283105,0.237941396506682,0.227839106521861,0.237941396506682,0.227839106521861,0,0,0,0,4.41494125429082,79.05843994424720251340808999,79.05843994424720251340808999,31669200
0.41,0,0.2373974270974482629807771371,0.237397427097448,0.227295137112627,0.237397427097448,0.227295137112627,0,0,0,0,4.41494125429082,79.05843994424720251340808999,79.05843994424720251340808999,32460930
0.42,0,0.2368809198888139365142720690,0.236880919888814,0.226778629903993,0.236880919888814,0.226778629903993,0,0,0,0,4.41494125429082,79.05843994424720251340808999,79.05843994424720251340808999,33252660
0.43,0,0.2363909889432018541104875206,0.236390988943202,0.22628869895838,0.236390988943202,0.22628869895838,0,0,0,0,4.41494125429082,79.05843994424720251340808999,79.05843994424720251340808999,34044390
0.44,0,0.2359267168353078707583899513,0.235926716835308,0.225824426850486,0.235926716835308,0.225824426850486,0,0,0,0,4.41494125429082,79.05843994424720251340808999,79.05843994424720251340808999,34836120
0.45,0,0.2354873198600970717562189391,0.235487319860097,0.225385029875276,0.235487319860097,0.225385029875276,0,0,0,0,4.41494125429082,79.05843994424720251340808999,79.05843994424720251340808999,35627850
0.46,0,0.2350721583500550259837489463,0.235072158350055,0.224969868365234,0.235072158350055,0.224969868365234,0,0,0,0,4.41494125429082,79.05843994424720251340808999,79.05843994424720251340808999,36419580
0.47,0,0.2347983600195251891184850417,0.234798360019525,0.224696070034704,0.234798360019525,0.224696070034704,0,0,0,0,4.41494125429082,79.05843994424720251340808999,79.05843994424720251340808999,37211310
0.48,0,0.2346051664285783877251373467,0.234605166428578,0.224502876443757,0.234605166428578,0.224502876443757,0,0,0,0,4.41494125429082,79.05843994424720251340808999,79.05843994424720251340808999,38003040
0.49,0,0.2344304646139605770035940301,0.234430464613961,0.224328174629139,0.234430464613961,0.224328174629139,0,0,0,0,4.41494125429082,79.05843994424720251340808999,79.05843994424720251340808999,38794780
0.50,0,0.2342740407990328858280916790,0.234274040799033,0.224171750814211,0.234274040799033,0.224171750814211,0,0,0,0,4.41494125429082,79.05843994424720251340808999,79.05843994424720251340808999,39586500
0.51,0,0.2341357687039884403874751607,0.234135768703988,0.224033478719167,0.234135768703988,0.224033478719167,0,0,0,0,4.41494125429082,79.05843994424720251340808999,79.05843994424720251340808999,40378230
0.52,0,0.2340155644129304045146615353,0.23401556441293,0.223913274428109,0.23401556441293,0.223913274428109,0,0,0,0,4.41494125429082,79.05843994424720251340808999,79.05843994424720251340808999,41169960
0.53,0,0.2339134244616013565672125837,0.233913424461601,0.22381113447678,0.233913424461601,0.22381113447678,0,0,0,0,4.41494125429082,79.05843994424720251340808999,79.05843994424720251340808999,41961690
0.54,0,0.2338293651774703183753889096,0.23382936517747,0.223727075192649,0.23382936517747,0.223727075192649,0,0,0,0,4.41494125429082,79.05843994424720251340808999,79.05843994424720251340808999,42753420
0.55,0,0.2338243050421794377431435721,0.233824305042179,0.223722015057358,0.233824305042179,0.223722015057358,0,0,0,0,4.41494125429082,79.05843994424720251340808999,79.05843994424720251340808999,43545160
0.56,0,0.2341192841670232424954374648,0.234119284167023,0.224016994182202,0.234119284167023,0.224016994182202,0,0,0,0,4.41494125429082,79.05843994424720251340808999,79.05843994424720251340808999,44336880
0.57,0,0.2344247558203873244868218331,0.234424755820387,0.224322465835566,0.234424755820387,0.224322465835566,0,0,0,0,4.41494125429082,79.05843994424720251340808999,79.05843994424720251340808999,45128610
0.58,0,0.2347413366891341276922642650,0.234741336689134,0.224639046704313,0.234741336689134,0.224639046704313,0,0,0,0,4.41494125429082,79.05843994424720251340808999,79.05843994424720251340808999,45920340
0.59,0,0.2350696864145425284973162139,0.235069686414543,0.224761833577789,0.235069686414543,0.224761833577789,0,0,0,0,4.41494125429082,79.05843994424720251340808999,79.05843994424720251340808999,46712070
0.60,0,0.2354104675922926455658330097,0.235410467592293,0.224897051903607,0.235410467592293,0.224897051903607,0,0,0,0,4.41494125429082,79.05843994424720251340808999,79.05843994424720251340808999,47503810
0.61,0,0.2359630427315472022204623781,0.235963042731547,0.22524406419093,0.235963042731547,0.22524406419093,0,0,0,0,4.41494125429082,79.05843994424720251340808999,79.05843994424720251340808999,48295540
0.62,0,0.2365224343095416375224074460,0.236522434309542,0.225597892916993,0.236522434309542,0.225597892916993,0,0,0,0,4.41494125429082,79.05843994424720251340808999,79.05843994424720251340808999,49087260
0.63,0,0.2370966836633893056223880911,0.237096683663389,0.225966579418908,0.237096683663389,0.225966579418908,0,0,0,0,4.41494125429082,79.05843994424720251340808999,79.05843994424720251340808999,49879000
0.64,0,0.2376867819209823093671700616,0.237686781920982,0.22635111482457,0.237686781920982,0.22635111482457,0,0,0,0,4.41494125429082,79.05843994424720251340808999,79.05843994424720251340808999,50670720
0.65,0,0.2382938657838521959152552572,0.238293865783852,0.226752635835508,0.238293865783852,0.226752635835508,0,0,0,0,4.41494125429082,79.05843994424720251340808999,79.05843994424720251340808999,51462450
0.66,0,0.2389191093362432342135022013,0.238919109336243,0.227172316535967,0.238919109336243,0.227172316535967,0,0,0,0,4.41494125429082,79.05843994424720251340808999,79.05843994424720251340808999,52254190
0.67,0,0.2395639178075972708728449223,0.239563917807597,0.227611562155389,0.239563917807597,0.227611562155389,0,0,0,0,4.41494125429082,79.05843994424720251340808999,79.05843994424720251340808999,53045920
0.68,0,0.2402297823339018989722717385,0.240229782333902,0.228071863829762,0.240229782333902,0.228071863829762,0,0,0,0,4.41494125429082,79.05843994424720251340808999,79.05843994424720251340808999,53837640
0.69,0,0.2409183440531302285141582398,0.24091834405313,0.228554862697058,0.24091834405313,0.228554862697058,0,0,0,0,4.41494125429082,79.05843994424720251340808999,79.05843994424720251340808999,54629380
0.70,0,0.2416314911529513453699201870,0.241631491152951,0.229062446944947,0.241631491152951,0.229062446944947,0,0,0,0,4.41494125429082,79.05843994424720251340808999,79.05843994424720251340808999,55421100
0.71,0,0.2417569018229900924750918354,0.24175690182299,0.228982294763054,0.24175690182299,0.228982294763054,0,0,0,0,4.41494125429082,79.05843994424720251340808999,79.05843994424720251340808999,56212830
0.72,0,0.2418444786832198236483994199,0.24184447868322,0.228864308771352,0.24184447868322,0.228864308771352,0,0,0,0,4.41494125429082,79.05843994424720251340808999,79.05843994424720251340808999,57004570
0.73,0,0.2419319899271308251514830213,0.241931989927131,0.228746257163331,0.241931989927131,0.228746257163331,0,0,0,0,4.41494125429082,79.05843994424720251340808999,79.05843994424720251340808999,57796300
0.74,0,0.2420194352262589841584212081,0.242019435226259,0.228628139610527,0.242019435226259,0.228628139610527,0,0,0,0,4.41494125429082,79.05843994424720251340808999,79.05843994424720251340808999,58588030
0.75,0,0.2421068242540371155941646892,0.242106824254037,0.228509965786374,0.242106824254037,0.228509965786374,0,0,0,0,4.41494125429082,79.05843994424720251340808999,79.05843994424720251340808999,59379760
0.76,0,0.2421941266857803824075475247,0.24219412668578,0.228391705366185,0.24219412668578,0.228391705366185,0,0,0,0,4.41494125429082,79.05843994424720251340808999,79.05843994424720251340808999,60171480
0.77,0,0.2422813821986699446284247389,0.24228138219867,0.228273398027143,0.24228138219867,0.228273398027143,0,0,0,0,4.41494125429082,79.05843994424720251340808999,79.05843994424720251340808999,60963220
0.78,0,0.2423685604717419620724307282,0.242368560471742,0.228155013448283,0.242368560471742,0.228155013448283,0,0,0,0,4.41494125429082,79.05843994424720251340808999,79.05843994424720251340808999,61754940
0.79,0,0.2424556897097353287476657167,0.242455689709735,0.228036579834344,0.242455689709735,0.228036579834344,0,0,0,0,4.41494125429082,79.05843994424720251340808999,79.05843994424720251340808999,62546680
0.80,0,0.2425427325476233733506763951,0.242542732547623,0.2279180598203,0.242542732547623,0.2279180598203,0,0,0,0,4.41494125429082,79.05843994424720251340808999,79.05843994424720251340808999,63338410
0.81,0,0.2441292657176468965810178302,0.244129265717647,0.229299030138392,0.244129265717647,0.229299030138392,0,0,0,0,4.41494125429082,79.05843994424720251340808999,79.05843994424720251340808999,64130140
0.82,0,0.2457157403822532551832963769,0.245715740382253,0.230679941951066,0.245715740382253,0.230679941951066,0,0,0,0,4.41494125429082,79.05843994424720251340808999,79.05843994424720251340808999,64921860
0.83,0,0.2473021177056762498899922155,0.247302117705676,0.232060756422557,0.247302117705676,0.232060756422557,0,0,0,0,4.41494125429082,79.05843994424720251340808999,79.05843994424720251340808999,65713600
0.84,0,0.2488884629493747450662099347,0.248888462949375,0.233441538814324,0.248888462949375,0.233441538814324,0,0,0,0,4.41494125429082,79.05843994424720251340808999,79.05843994424720251340808999,66505320
0.85,0,0.2504747202333855807559869120,0.250474720233386,0.234822233246403,0.250474720233386,0.234822233246403,0,0,0,0,4.41494125429082,79.05843994424720251340808999,79.05843994424720251340808999,67297060
0.86,0,0.2520609262988080281527209964,0.252060926298808,0.236202876459893,0.252060926298808,0.236202876459893,0,0,0,0,4.41494125429082,79.05843994424720251340808999,79.05843994424720251340808999,68088780
0.87,0,0.2536470623168846923445765743,0.253647062316885,0.237583449626038,0.253647062316885,0.237583449626038,0,0,0,0,4.41494125429082,79.05843994424720251340808999,79.05843994424720251340808999,68880520
0.88,0,0.2552331279844402219592351519,0.25523312798444,0.238963952441662,0.25523312798444,0.238963952441662,0,0,0,0,4.41494125429082,79.05843994424720251340808999,79.05843994424720251340808999,69672250
0.89,0,0.2568191415238714626792361632,0.256819141523871,0.240344403129161,0.256819141523871,0.240344403129161,0,0,0,0,4.41494125429082,79.05843994424720251340808999,79.05843994424720251340808999,70463980
0.90,0,0.2584050841115408614663416539,0.258405084111541,0.241724782864899,0.258405084111541,0.241724782864899,0,0,0,0,4.41494125429082,79.05843994424720251340808999,79.05843994424720251340808999,71255700
0.91,0,0.260162238683499,0.260162238683499,0.24336851138838,0.260162238683499,0.24336851138838,0,0,0,0,4.48415786433834,79.0560631242993,78.9445414756924,72047440
0.92,0,0.265433702399375,0.265433702399375,0.248299696958824,0.265433702399375,0.248299696958824,0,0,0,0,4.55337447438585,79.0536863043513,78.8306430071375,72839170
0.93,0,0.272682557556504,0.272682557556505,0.25482637919834,0.272682557556505,0.25482637919834,0,0,0,0,4.62259108443337,79.0513094844034,78.7167445385826,73630900
0.94,0,0.279273072296949,0.27927307229695,0.260482965321704,0.27927307229695,0.260482965321704,0,0,0,0,4.69180769448088,79.0489326644555,78.6028460700278,74422620
0.95,0,0.285863587037394,0.285863587037395,0.26613955144507,0.285863587037395,0.26613955144507,0,0,0,0,4.7610243045284,79.0465558445076,78.4889476014729,75214360
0.96,0,0.292454101777839,0.29245410177784,0.271796137568435,0.29245410177784,0.271796137568435,0,0,0,0,4.83024091457591,79.0441790245596,78.3750491329181,76006090
0.97,0,0.299044616518284,0.299044616518285,0.2774527236918,0.299044616518285,0.2774527236918,0,0,0,0,4.89945752462343,79.0418022046117,78.2611506643632,76797820
0.98,0,0.30563513125873,0.30563513125873,0.283109309815165,0.30563513125873,0.283109309815165,0,0,0,0,4.96867413467094,79.0394253846638,78.1472521958084,77589550
0.99,0,0.312225645999175,0.312225645999175,0.28876589593853,0.312225645999175,0.28876589593853,0,0,0,0,5.03789074471846,79.0370485647158,78.0333537272536,78381280
1.00,0,0.31881616073962,0.31881616073962,0.294422482061895,0.31881616073962,0.294422482061895,0,0,0,0,5.10710735476597,79.0346717447679,77.9194552586987,79173010
1.01,0,0.325406675480065,0.325406675480065,0.30007906818526,0.325406675480065,0.30007906818526,0,0,0,0,5.17632396481349,79.03229492482,77.8055567901439,79964740
1.02,0,0.33199719022051,0.331997190220511,0.305735654308625,0.331997190220511,0.305735654308625,0,0,0,0,5.245540574861,79.029918104872,77.691658321589,80756460
1.03,0,0.338587704960956,0.338587704960956,0.31139224043199,0.338587704960956,0.31139224043199,0,0,0,0,5.31475718490852,79.0275412849241,77.5777598530342,81548190
1.04,0,0.345178219701401,0.345178219701401,0.317048826555355,0.345178219701401,0.317048826555355,0,0,0,0,5.38397379495603,79.0251644649762,77.4638613844793,82339930
1.05,0,0.3517687344418459714835586232,0.351768734441846,0.32270541267872,0.351768734441846,0.32270541267872,0,0.000000,0.000000,0,5.4531904050035498715173103441,79.022787645028251016103092701,77.34996291592445663977349683,83131660
1.06,0,0.3499306124696097942952958156,0.34993061246961,0.320990414290095,0.34993061246961,0.320990414290095,0,0.000000,0.000000,0,5.4863130315454298715173103431,79.212793820857983356966695435,77.51095006722945131506441903,83923380
1.07,0,0.3481136658771795803619164776,0.34811366587718,0.319296591281276,0.34811366587718,0.319296591281276,0,0.000000,0.000000,0,5.5168999980145198715173103431,79.3874854637007333521997221,77.659311073291098261695299757,84715120
1.08,0,0.3463175243697291815956723198,0.346317524369729,0.317623573357438,0.346317524369729,0.317623573357438,0,0.000000,0.000000,0,5.5454917581332498715173103431,79.55020331710971757534657845,77.797796351874510268824832331,85506850
1.09,0,0.3445417915850068378455400542,0.344541791585007,0.315970964156327,0.344541791585007,0.315970964156327,0,0.000000,0.000000,0,5.5724624965315298715173103429,79.70315057481972376928670454,77.928223350852278237283779599,86298580
1.10,0,0.3427861349249151931927363552,0.342786134924915,0.314338431079847,0.342786134924915,0.314338431079847,0,0.000000,0.000000,0,5.5980848748856798715173103434,79.84796252392628103023138936,78.051940558111220057769873731,87090310
1.11,0,0.3410501453959651433297771472,0.341050145395965,0.312725565134508,0.341050145395965,0.312725565134508,0,0.000000,0.000000,0,5.6225628436341298715173103435,79.98597884137980682934140143,78.170049718820215110181633112,87882040
1.12,0,0.3393335174580383731222015679,0.339333517458038,0.311132060780193,0.339333517458038,0.311132060780193,0,0.000000,0.000000,0,5.6460555338767398715173103439,80.11800142392893210904344553,78.283216464030344855348036755,88673770
1.13,0,0.3376358788809597872191088555,0.33763587888096,0.309557545786726,0.33763587888096,0.309557545786726,0,0.000000,0.000000,0,5.6686879076363798715173103439,80.24492192913860846075351093,78.392172719182399812379639131,89465500
1.14,0,0.3359569206083899745696088972,0.33595692060839,0.308001711097768,0.33595692060839,0.308001711097768,0,0.000000,0.000000,0,5.6905632863582598715173103429,80.3673291670761902242223221,78.49740558540387358205063196,90257220
1.15,0,0.3342963466286118553275791610,0.334296346628612,0.306464260701602,0.334296346628612,0.306464260701602,0,0.000000,0.000000,0,5.711763895834369871517310344,80.48558369964592220071915691,78.599215573419141021709987701,91048960
1.16,0,0.3325836210768578491956798470,0.332583621076858,0.304874658733459,0.332583621076858,0.304874658733459,0,0.000000,0.000000,0,5.7323591124825498715173103441,80.60035725497051572449068569,78.698151167518507475955861409,91840690
1.17,0,0.3308864061747690090284184910,0.330886406174769,0.303300567414982,0.330886406174769,0.303300567414982,0,0.000000,0.000000,0,5.752409279930159871517310343,80.71181170057514726589615393,78.794351050123310329497693626,92632420
1.18,0,0.3292069595748699245318621501,0.32920695957487,0.301744244398694,0.32920695957487,0.301744244398694,0,0.000000,0.000000,0,5.7719623112438198715173103441,80.8202968612738003986869873,78.888102225996177492588065123,93424140
1.19,0,0.3275450139296420716943019543,0.327545013929642,0.300205422337078,0.327545013929642,0.300205422337078,0,0.000000,0.000000,0,5.7910641705647598715173103436,80.92608966279921938483483998,78.979633988994038938194524518,94215880
1.20,0,0.3259002767258519007679694065,0.325900276725852,0.29860377837564,0.325900276725852,0.29860377837564,0,0.000000,0.000000,0,5.8097492684377498715173103438,81.02936234718328311344021266,79.069088717073145027122372482,95007620
1.21,0,0.3242725166699824277592199076,0.324272516669982,0.29697601831977,0.324272516669982,0.29697601831977,0,0.000000,0.000000,0,5.828050671241919871517310344,81.13040754440515026095463569,79.156706298131395916906606469,95799340
1.22,0,0.3226614647700939592640887627,0.322661464770094,0.295364966419882,0.322661464770094,0.295364966419882,0,0.000000,0.000000,0,5.8459993957179498715173103435,81.22930828503992118668883056,79.24255795121349472749900587,96591070
1.23,0,0.3210697705756238004167317361,0.321069770575624,0.293773272225412,0.321069770575624,0.293773272225412,0,0.000000,0.000000,0,5.8636184481570298715173103437,81.32627761511109049744314927,79.32681769708504497339716072,97382800
1.24,0,0.3195009917019512227019156760,0.319500991701951,0.292204493351739,0.319500991701951,0.292204493351739,0,0.000000,0.000000,0,5.8809311525040498715173103433,81.42145092125544821332616762,79.40959770951360807968696825,98174530
1.25,0,0.3179520294803060127022743549,0.317952029480306,0.290655531130094,0.317952029480306,0.290655531130094,0,0.000000,0.000000,0,5.8978511408056498715173103439,81.51379920887468970156564457,79.49003170568635695899888155,98966260
1.26,0,0.3164218859485884892009664565,0.316421885948588,0.289125387598376,0.316421885948588,0.289125387598376,0,0.000000,0.000000,0,5.9140544282552698715173103442,81.60025628096763730245608669,79.56552112135043725835602967,99757990
1.27,0,0.3149099385001639456376703579,0.314909938500164,0.287613440149952,0.314909938500164,0.287613440149952,0,0.000000,0.000000,0,5.9300145686832298715173103434,81.68527728296575071959061188,79.63982405951366820369485832,100549700
1.28,0,0.3134157142500740644298906697,0.313415714250074,0.286119215899862,0.313415714250074,0.286119215899862,0,0.000000,0.000000,0,5.9457447035099598715173103433,81.76900864689766578523246997,79.7130603535201507151792832,101341400
1.29,0,0.3119388511255193128240446114,0.311938851125519,0.284642352775307,0.311938851125519,0.284642352775307,0,0.000000,0.000000,0,5.9401615590225898715173103434,81.64632648486667159389765311,79.61177379065829192780975,102133200
1.30,0,0.3104790129338601894096112945,0.31047901293386,0.283182514583648,0.31047901293386,0.283182514583648,0,0.000000,0.000000,0,5.9332195750117798715173103433,81.51123256521329152753547611,79.50001753248990657820294391,102924900
1.31,0,0.3090359156825953904621347963,0.309035915682595,0.281739417332383,0.309035915682595,0.281739417332383,0,0.000000,0.000000,0,5.9263308488283198715173103434,81.37759478324363568570695771,79.38951242050425588117581027,103716600
1.32,0,0.3076092649004783221695543570,0.307609264900478,0.280312766550266,0.307609264900478,0.280312766550266,0,0.000000,0.000000,0,5.9194912435777798715173103433,81.24523584734413393839842978,79.28011227934825186915676544,104508400
1.33,0,0.3061988570040968850577914318,0.306198857004097,0.278902358653885,0.306198857004097,0.278902358653885,0,0.000000,0.000000,0,5.9141227077363998715173103436,81.12784895688930034492156603,79.18336091269981049068393492,105300100
1.34,0,0.3048044138403425906054371353,0.304804413840343,0.277507915490131,0.304804413840343,0.277507915490131,0,0.000000,0.000000,0,5.9124505891834898715173103436,81.04676760500710033128781526,79.117219491997799388810775252,106091800
1.35,0,0.3034257441946909877294410489,0.303425744194691,0.276129245844479,0.303425744194691,0.276129245844479,0,0.000000,0.000000,0,5.9110464245188398715173103438,80.96933676320316702965833027,79.05412626242778608171532845,106883600
1.36,0,0.3020626402252427783311032119,0.302062640225243,0.274766141875031,0.302062640225243,0.274766141875031,0,0.000000,0.000000,0,5.9098837074604398715173103429,80.89527812071988583031367736,78.993845197286587139162920745,107675300
1.37,0,0.3007149031458628481101845512,0.300714903145863,0.273418404795651,0.300714903145863,0.273418404795651,0,0.000000,0.000000,0,5.9089393244743998715173103436,80.82423817664147955049368573,78.936080963440680685932756764,108467000
1.38,0,0.2993823386811382277589831816,0.299382338681138,0.272085840330926,0.299382338681138,0.272085840330926,0,0.000000,0.000000,0,5.9081906394624898715173103436,80.75597656533717926734272987,78.88063025042334679663827085,109258800
1.39,0,0.2980647786174602326282072084,0.29806477861746,0.270768280267248,0.29806477861746,0.270768280267248,0,0.000000,0.000000,0,5.9076165934062698715173103442,80.69035183311567935499598577,78.827370559165788892886591697,110050500
1.40,0,0.2967620366561855390560636592,0.296762036656186,0.269465538305974,0.296762036656186,0.269465538305974,0,0.000000,0.000000,0,5.9072009497106798715173103434,80.62709286965486892126200669,78.776076304044077528007545193,110842200
1.41,0,0.2954739426009701690441865236,0.29547394260097,0.268177444250758,0.29547394260097,0.268177444250758,0,0.000000,0.000000,0,5.9069229727253998715173103436,80.56605660611696997772995143,78.726624269534019448655861344,111633900
1.42,0,0.2942003596001159108971333606,0.294200359600116,0.266903861249904,0.294200359600116,0.266903861249904,0,0.000000,0.000000,0,5.9067685267995698715173103437,80.50699886519586239596010452,78.678811732197178968821517984,112425700
1.43,0,0.2929411026331106954968031744,0.292941102633111,0.265644604282899,0.292941102633111,0.265644604282899,0,0.000000,0.000000,0,5.9067247710186298715173103442,80.44985662423860403006257288,78.632583038155794434220904515,113217400
1.44,0,0.2916960193985425396291291541,0.291696019398543,0.264399521048331,0.291696019398543,0.264399521048331,0,0.000000,0.000000,0,5.9040984421819711715790522193,80.39437071674411167521783451,78.591189285397760610718082758,114009100
1.45,0,0.2904650112457878740808736085,0.290465011245788,0.263168512895576,0.290465011245788,0.263168512895576,0,0.000000,0.000000,0,5.9000765387320344142112180318,80.34050547292637474936379806,78.553003387428529021900946551,114800900
1.46,0,0.2892478894497757942245547963,0.289247889449776,0.261951391099564,0.289247889449776,0.261951391099564,0,0.000000,0.000000,0,5.896126665060207656843383844,80.28811720161092375221118881,78.515981328445616162590833625,115592600
1.47,0,0.2880445408978787290264136362,0.288044540897879,0.260748042547667,0.288044540897879,0.260748042547667,0,0.000000,0.000000,0,5.8922413349658994670798519367,80.23701908954792223582893506,78.479971327584932395955246269,116384300
1.48,0,0.2868548220701634759854111517,0.286854822070163,0.259558323719952,0.286854822070163,0.259558323719952,0,0.000000,0.000000,0,5.8884098624471441421077154693,80.18709664944578560931752434,78.444879008116655873519153038,117176100
1.49,0,0.2856786212495852248477334222,0.285678621249585,0.258382122899373,0.285678621249585,0.258382122899373,0,0.000000,0.000000,0,5.884624239460195952344183562,80.13841910201779776743131276,78.410759810540811024267598801,117967800
1.50,0,0.2845158084021290280200443609,0.284515808402129,0.257219310051917,0.284515808402129,0.257219310051917,0,0.000000,0.000000,0,5.8808762753110891949763493744,80.09071566753749756945565654,78.377393079908050737528285199,118759500
1.51,0,0.2833662350703157527718135902,0.283366235070316,0.256069736720104,0.283366235070316,0.256069736720104,0,0.000000,0.000000,0,5.8771588176136624376085151875,80.04399596302241643490877265,78.344785937158323208831432105,119551200
1.52,0,0.2822298166239630504154286330,0.282229816623963,0.254933318273751,0.282229816623963,0.254933318273751,0,0.000000,0.000000,0,5.8734667216289256802406809997,79.99809587483245495115197655,78.312804792532427988922899206,120343000
1.53,0,0.2811064563097466790290175129,0.281106456309747,0.253809957959535,0.281106456309747,0.253809957959535,0,0.000000,0.000000,0,5.8697922701678189228728468121,79.95301516790115344565556742,78.281448453118761828733591492,121134700
1.54,0,0.2799959910388102980825058950,0.27999599103881,0.252699492688598,0.27999599103881,0.252699492688598,0,0.000000,0.000000,0,5.8661298697738021655050126245,79.90868310900891930996544659,78.25065894373000270089675962,121926400
1.55,0,0.2788983489706755163125424648,0.278898348970676,0.251601850620464,0.278898348970676,0.251601850620464,0,0.000000,0.000000,0,5.8624774082501354081371784371,79.86506539499162278893882404,78.220408863334570184441706384,122718200
1.56,0,0.2778134159303852293554922897,0.277813415930385,0.250516917580173,0.277813415930385,0.250516917580173,0,0.000000,0.000000,0,5.8588273088372286507693442506,79.82198923385302093492870004,78.190556197771477989693240741,123509900
1.57,0,0.2767410847338246812042830480,0.276741084733825,0.249444586383613,0.276741084733825,0.249444586383613,0,0.000000,0.000000,0,5.8551759223135918934015100627,79.77948756612628830350792506,78.161127711876862219899879755,124301600
1.58,0,0.2756812745771880873129596503,0.275681274577188,0.248384776226976,0.275681274577188,0.248384776226976,0,0.000000,0.000000,0,5.8515207225163651360336758755,79.7375269408477142001399937,78.132096322569800163952554726,125093400
1.59,0,0.2746338568523380272948263667,0.274633856852338,0.247337358502126,0.274633856852338,0.247337358502126,0,0.000000,0.000000,0,5.8478570764624083786658416884,79.69596308223055970931437012,78.103343663902243136335974608,125885100
1.60,0,0.2735987751010074003279411678,0.273598775101007,0.246302276750795,0.273598775101007,0.246302276750795,0,0.000000,0.000000,0,5.8441831774955401889023097813,79.65493807061407932147886206,78.074986230752301778838773202,126676800
1.61,0,0.2725759137993458799768442042,0.272575913799346,0.245279415449134,0.272575913799346,0.245279415449134,0,0.00000,0.00000,0,5.8404926881270848371602892736,79.61420468834546017860612518,78.046820756215429335161009374,127468500
1.62,0,0.2715651859724621720337743925,0.271565185972462,0.24426868762225,0.271565185972462,0.24426868762225,0,0.000000,0.000000,0,5.8367865672605980797924550862,79.57376214334761550182273135,78.018847387849608839930318352,128260300
1.63,0,0.2705665178495002304275563021,0.2705665178495,0.243270019499288,0.2705665178495,0.243270019499288,0,0.000000,0.000000,0,5.8330616396674099167988072182,79.5337451365286248594998598,77.991176323726039651539879415,129052000
1.64,0,0.2695798164832578673606008956,0.269579816483258,0.242283318133046,0.269579816483258,0.242283318133046,0,0.000000,0.000000,0,5.8293140479928031594309730313,79.49392732672450780729702146,77.963621527825309961976243064,129843700
1.65,0,0.2686049973719806149627204108,0.268604997371981,0.241308499021769,0.268604997371981,0.241308499021769,0,0.000000,0.000000,0,5.8255425969347864020631388437,79.45446320256811041518774708,77.936310019853750294606848015,130635500
1.66,0,0.2676419791209951471575603793,0.267641979120995,0.240345480770783,0.267641979120995,0.240345480770783,0,0.000000,0.000000,0,5.8217460110340396446953046561,79.41507033210646779882373978,77.909009959197761888529696521,131427200
1.67,0,0.2666906710682836182879693393,0.266690671068284,0.239394172718072,0.266690671068284,0.239394172718072,0,0.000000,0.000000,0,5.8179207607419928873274704689,79.37596312526330305845480001,77.881897038720518560325332777,132218900
1.68,0,0.2657510320846658164673089461,0.265751032084666,0.238454533734454,0.265751032084666,0.238454533734454,0,0.000000,0.000000,0,5.8140687426201261299596362818,79.33707290098617384122170869,77.854915789069588983354234564,133010600
1.69,0,0.2648229605484785647095143711,0.264822960548479,0.237526462198267,0.264822960548479,0.237526462198267,0,0.000000,0.000000,0,5.8101843218015693725918020941,79.29823859454760754597773065,77.827932535760184835011118457,133802400
1.70,0,0.2639064001865127940090115186,0.263906400186513,0.236609901836301,0.263906400186513,0.236609901836301,0,0.000000,0.000000,0,5.8062690997224426152239679068,79.25955950489272974471120611,77.801029760094189146362058202,134594100
1.71,0,0.2630012594945430387345379329,0.263001259494543,0.235704761144331,0.263001259494543,0.235704761144331,0,0.000000,0.000000,0,5.80232030206155585785613372,79.220997625942162277698474491,77.774175779728185624806954632,135385800
1.72,0,0.2621074710996482132037787525,0.262107471099648,0.234810972749436,0.262107471099648,0.234810972749436,0,0.000000,0.000000,0,5.7983368521891891004882995321,79.182534564162497093540439909,77.747355455654691752712075798,136177600
1.73,0,0.2612249782208683005241207246,0.261224978220868,0.233928479870656,0.261224978220868,0.233928479870656,0,0.000000,0.000000,0,5.794320213635750910724767624,79.144183811985897155013484132,77.720580584019395472949227258,136969300
1.74,0,0.2603537323038374113935157686,0.260353732303837,0.233057233953625,0.260353732303837,0.233057233953625,0,0.000000,0.000000,0,5.790267138699795558982747117,79.10581586356542061323202201,77.693743581692413733331157496,137761000
1.75,0,0.2594936488672110155089727801,0.259493648867211,0.232197150516999,0.259493648867211,0.232197150516999,0,0.000000,0.000000,0,5.7861766337725988016149129308,79.06758437654262702875786249,77.666971451099909232614323457,138552800
1.76,0,0.2586446416201689134821842595,0.258644641620169,0.231348143269957,0.258644641620169,0.231348143269957,0,0.000000,0.000000,0,5.7820501663742820442470787422,79.029323192075758380740776552,77.640127309077003041613192387,139344500
1.77,0,0.2578066847915898150485238030,0.25780668479159,0.230510186441378,0.25780668479159,0.230510186441378,0,0.000000,0.000000,0,5.7778842995972552868792445561,78.991085558022031448694464268,77.61325452221414941239609223,140136200
1.78,0,0.2569797231140224974000136596,0.256979723114022,0.22968322476381,0.256979723114022,0.22968322476381,0,0.000000,0.000000,0,5.773680251032998529511410368,78.9528704946710651901387479,77.586352736763686976209543386,140928000
1.79,0,0.2561636718083668721922059174,0.256163671808367,0.228867173458155,0.256163671808367,0.228867173458155,0,0.000000,0.000000,0,5.7694376410082317721435761807,78.914588602885703052570399702,77.559347830574334279132132421,141719700
1.80,0,0.2553584789151789648061048497,0.255358478915179,0.228061980564967,0.255358478915179,0.228061980564967,0,0.000000,0.000000,0,5.7651548985219650147757419927,78.876378651642892711587656723,77.532354687920344806361214248,142511400
1.81,0,0.2546036094157537339449989171,0.254603609415754,0.227307111065542,0.254603609415754,0.227307111065542,0,0.000000,0.000000,0,5.760832791265126851782094125,78.83808648040445341032330885,77.505245618944950998737842573,143303100
1.82,0,0.2538470210835763147621594951,0.253847021083576,0.226550522733364,0.253847021083576,0.226550522733364,0,0.000000,0.000000,0,5.7564701789991200944142599386,78.799849955069677024983951623,77.478135000042456662913025332,144094900
1.83,0,0.2530967309525028798480417828,0.253096730952503,0.225800232602291,0.253096730952503,0.225800232602291,0,0.000000,0.000000,0,5.752066957362283337046425751,78.761503234341121763096395941,77.450885004512084994493094645,144886600
1.84,0,0.2523526664773721977323552122,0.252352666477372,0.22505616812716,0.252352666477372,0.22505616812716,0,0.000000,0.000000,0,5.7476223944135365796785915634,78.723114719073596456720492127,77.423552365975030884896833252,145678300
1.85,0,0.2516147878680888625908713309,0.251614787868089,0.224318289517877,0.251614787868089,0.224318289517877,0,0.000000,0.000000,0,5.7431371198627598223107573763,78.684685594027696595353917015,77.396138266319438675831342461,146470100
1.86,0,0.2508830510403527890363568393,0.250883051040353,0.223586552690141,0.250883051040353,0.223586552690141,0,0.000000,0.000000,0,5.7386107391618130381730391493,78.646206773285280370177090158,77.368635089747768392530916514,147261800
1.87,0,0.2501573969885097508165865603,0.25015739698851,0.222860898638298,0.25015739698851,0.222860898638298,0,0.000000,0.000000,0,5.7340428556666062808052049618,78.607587320009664429051619285,77.340966881380058316845999426,148053500
1.88,0,0.2494377747371366550010662113,0.249437774737137,0.222141276386925,0.249437774737137,0.222141276386925,0,0.000000,0.000000,0,5.7294338167338795234373707739,78.568993590283281703398312444,77.31327254121532603204647941,148845200
1.89,0,0.2487241536768434209276646880,0.248724153676843,0.221427655326631,0.248724153676843,0.221427655326631,0,0.000000,0.000000,0,5.7247817120461341984652343062,78.53030937436934814074926725,77.285454685610769098453231788,149637000
1.90,0,0.2480164847274682752085209644,0.248016484727468,0.220719986377256,0.248016484727468,0.220719986377256,0,0.000000,0.000000,0,5.7200898182078974410974001192,78.49149319100739589413431469,77.257479292187152845940501468,150428700
1.91,0,0.2473147179826993233075478572,0.247314717982699,0.220018219632487,0.247314717982699,0.220018219632487,0,0.000000,0.000000,0,5.7153557182395106837295659317,78.452591513493011799288504093,77.229384618881004874980680193,151220400
1.92,0,0.2466188138739672134665151426,0.246618813873967,0.219322315523755,0.246618813873967,0.219322315523755,0,0.000000,0.000000,0,5.7105793929099639263617317452,78.413603176304003090819664749,77.201169654159067035873406785,152012200
1.93,0,0.2459287243346600797373824313,0.24592872433466,0.218632225984448,0.24592872433466,0.218632225984448,0,0.000000,0.000000,0,5.7057612029492786013895952766,78.374519464707372737770261143,77.172827134381451778120540517,152803900
1.94,0,0.2452444104457129223725652162,0.245244410445713,0.217947912095501,0.245244410445713,0.217947912095501,0,0.000000,0.000000,0,5.7009027593545718440217610899,78.335361569003532080425996959,77.144375117101546627783309037,153595600
1.95,0,0.2445658336004209269566972558,0.244565833600421,0.217269335250209,0.244565833600421,0.217269335250209,0,0.000000,0.000000,0,5.6960010777021236542582291819,78.296093234741208906517239821,77.115782525942738880968172402,154387400
1.96,0,0.2438929666695358891050558181,0.243892966669536,0.216596468319324,0.243892966669536,0.216596468319324,0,0.000000,0.000000,0,5.691058805738788329286092715,78.256734299917733154084943983,77.087066492257140237397435654,155179100
1.97,0,0.2432257516476877804381361532,0.243225751647688,0.215929253297476,0.243225751647688,0.215929253297476,0,0.000000,0.000000,0,5.6860732925087815719182585272,78.21717195124649661639536513,77.058131590021915014882847032,155970800
1.98,0,0.2425641619919841277981726777,0.242564161991984,0.215197637103327,0.242564161991984,0.215197637103327,0,0.000000,0.000000,0,5.6810487069577948145504243405,78.17761125356532405642267693,77.029150912909032510062340453,156762600
1.99,0,0.2419081690959529248069916582,0.241908169095953,0.214471617668852,0.241908169095953,0.214471617668852,0,0.000000,0.000000,0,5.6759814631080123275997992736,78.137850123472597739802614138,76.999953731063349752227885075,157554300
2.00,0,0.2412577081475434128034211678,0.241257708147543,0.213751130181997,0.241257708147543,0.213751130181997,0,0.000000,0.000000,0,5.6708730463421855702319650859,78.098055770853120965140563617,76.970680944673247516893521355,158346000
2.01,0,0.2406642286704017508092942425,0.240664228670402,0.213087624166411,0.240664228670402,0.213087624166411,0,0.000000,0.000000,0,5.6657247966518288128641308979,78.058083610944345233747080154,76.941210982002169842444268151,159137700
2.02,0,0.2400738326514543217745502406,0.240073832651454,0.212427201609019,0.240073832651454,0.212427201609019,0,0.000000,0.000000,0,5.6605331686881120554962967112,78.017966566297155472843444822,76.91157069853166534528909309,159929500
2.03,0,0.2394909541531615615082641317,0.239490954153162,0.211774296572282,0.239490954153162,0.211774296572282,0,0.000000,0.000000,0,5.6553025282084667305241602435,77.977757321100968971138537956,76.881805264005881077797707076,160721200
2.04,0,0.2389155572252247895754577907,0.238915557225225,0.211128873105901,0.238915557225225,0.211128873105901,0,0.000000,0.000000,0,5.6500312530220099731563260556,77.937420614399696298812055698,76.85188450236044263883696377,161512900
2.05,0,0.2383475353216415050657663610,0.238347535321642,0.210490824663873,0.238347535321642,0.210490824663873,0,0.000000,0.000000,0,5.6447186284376232157884918695,77.896959277218323217813640126,76.821810535741548853662479317,162304700
2.06,0,0.2377868270915571867502710706,0.237786827091557,0.209860089895344,0.237786827091557,0.209860089895344,0,0.000000,0.000000,0,5.6393659477018964584206576816,77.85637413059307778487124176,76.791584174875149631651109417,163096400
2.07,0,0.2372333804440500834012174515,0.23723338044405,0.209236616709392,0.23723338044405,0.209236616709392,0,0.000000,0.000000,0,5.6339739186192997010528234945,77.815674414118111136697216239,76.761213238797012456370758669,163888100
2.08,0,0.2366871248272707721251091674,0.236687124827271,0.208620334554168,0.236687124827271,0.208620334554168,0,0.000000,0.000000,0,5.6285407336444729436849893068,77.774836533562599827239798413,76.73067728237789302928891544,164679900
2.09,0,0.2361479811649123331408033538,0.236147981164912,0.208011164353365,0.236147981164912,0.208011164353365,0,0.000000,0.000000,0,5.6230680669298176187128528391,77.733796727059124548199301153,76.699922406037546689171232157,165471600
2.10,0,0.2356159029687803733127139671,0.23561590296878,0.207409059618789,0.23561590296878,0.207409059618789,0,0.000000,0.000000,0,5.6175558287586508613450186524,77.692703505748502625305677619,76.669074288831943295711750057,166263300
2.11,0,0.2350908239353529236560843440,0.235090823935353,0.206813954046917,0.235090823935353,0.206813954046917,0,0.000000,0.000000,0,5.6120047328823741039771844646,77.651413572066163600899928637,76.63801140144836916969759938,167055000
2.12,0,0.2345726890640477986045709044,0.234572689064048,0.206225792637167,0.234572689064048,0.206225792637167,0,0.000000,0.000000,0,5.6064141837144716170265593967,77.609985792160789580500032225,76.606783362209658193222183034,167846800
2.13,0,0.2340614469510760356736596603,0.234061446951076,0.205644523985751,0.234061446951076,0.205644523985751,0,0.000000,0.000000,0,5.6007842434827334272630274905,77.568500627560072685854666354,76.575458404163155973268457662,168638500
2.14,0,0.2335570427019453609220705470,0.233557042701945,0.205070093198175,0.233557042701945,0.205070093198175,0,0.000000,0.000000,0,5.595114697097888102290891023,77.526797099802146042229966781,76.543899523997704745333548535,169430200
2.15,0,0.2330594172679855579117689545,0.233059417267986,0.204502441225771,0.233059417267986,0.204502441225771,0,0.000000,0.000000,0,5.5894076349468213449230568347,77.484976720537608530861910937,76.512193175168959440494869398,170222000
2.16,0,0.2325685103633938801523850558,0.232568510363394,0.203941507782735,0.232568510363394,0.203941507782735,0,0.000000,0.000000,0,5.5836626880431860199509203682,77.443022901211513160105627988,76.48032501264580916071167279,171013700
2.17,0,0.2320842827681828409371800866,0.232084282768183,0.203387253649079,0.232084282768183,0.203387253649079,0,0.000000,0.000000,0,5.5778781806773392625830861808,77.400919478391329253757857999,76.448280791859765494827245985,171805400
2.18,0,0.2316066862871567259547135087,0.231606686287157,0.202839630629608,0.231606686287157,0.202839630629608,0,0.000000,0.000000,0,5.5720572356914625052152519924,77.358697404363764029683769133,76.416087240164876473423121777,172597200
2.19,0,0.2311356860567116236298248406,0.231135686056712,0.202298603860719,0.231135686056712,0.202298603860719,0,0.000000,0.000000,0,5.5661975548230357478474178055,77.316328741891761273721667849,76.383719960375458193381316446,173388900
2.20,0,0.2306712134695837617529175636,0.230671213469584,0.201764104735146,0.230671213469584,0.201764104735146,0,0.000000,0.000000,0,5.5603002764176289904795836183,77.27382740195046338248557915,76.351190818190909865296996668,174180600
2.21,0,0.2302132266959509717758661160,0.230213226695951,0.201236091423069,0.230213226695951,0.201236091423069,0,0.000000,0.000000,0,5.5543657806463022331117494312,77.231185447951274992221873066,76.318492903645700078632769407,174972400
2.22,0,0.2297616889195419522724746225,0.229761688919542,0.200714527108215,0.229761688919542,0.200714527108215,0,0.000000,0.000000,0,5.548393652569896908139612964,77.188399340326363752507189103,76.285622915188249400152538579,175764100
2.23,0,0.2293165588618413962506312374,0.229316558861841,0.20019937051207,0.229316558861841,0.20019937051207,0,0.000000,0.000000,0,5.542386068619810150771778776,77.145419517236154740443120166,76.25253856776137684692370909,176555800
2.24,0,0.2287768574971223701276375748,0.228776857497122,0.199589642608906,0.228776857497122,0.199589642608906,0,0.000000,0.000000,0,5.5364334869657833934039445885,77.103385100417013243525958514,76.220229696591580975210131248,177347500
2.25,0,0.2280866979596150171548434939,0.228086697959615,0.198829456532954,0.228086697959615,0.198829456532954,0,0.000000,0.000000,0,5.5304611305635194740576218021,77.061321970819454636811685431,76.1878508143676698687601236,178139300
2.26,0,0.2274013466314385456047259781,0.227401346631439,0.198074078666333,0.227401346631439,0.198074078666333,0,0.000000,0.000000,0,5.5242834242715627166897876135,77.017183398098633889923507208,76.153617233109092927977042079,178931000
2.27,0,0.2267207404531607075508052653,0.226720740453161,0.197323445949611,0.226720740453161,0.197323445949611,0,0.000000,0.000000,0,5.517905754985837391717651147,76.971095180439390397108285204,76.117634917967855804147802493,179722700
2.28,0,0.2260448385779480667241448283,0.226044838577948,0.196577517535954,0.226044838577948,0.196577517535954,0,0.000000,0.000000,0,5.5113423692129706343498169599,76.923128143407477398735991054,76.079964266338029365585094566,180514400
2.29,0,0.2253735511171880227067640543,0.225373551117188,0.195836203536749,0.225373551117188,0.195836203536749,0,0.000000,0.000000,0,5.5045976502260338769819827724,76.873401816956786313317594263,76.0407061431854017344156503,181306200
2.30,0,0.2247068556519701103070448438,0.22470685565197,0.195099481533086,0.22470685565197,0.195099481533086,0,0.000000,0.000000,0,5.4976860981998971196141485838,76.821985006829089273369871179,75.999919571416144015242134525,182097900
2.31,0,0.2240446765116993532539321980,0.224044676511699,0.194367275854371,0.224044676511699,0.194367275854371,0,0.000000,0.000000,0,5.4906108261915903622463143965,76.768979144446991149898227409,75.957690048968363179389169421,182889600
2.32,0,0.2233869566220393129120670463,0.223386956622039,0.193639529426267,0.223386956622039,0.193639529426267,0,0.000000,0.000000,0,5.4833802073495536048784802092,76.714390913457695181943443915,75.914022469744824868230638514,183681400
2.33,0,0.2227336573698892903693179287,0.222733657369889,0.192916203635672,0.222733657369889,0.192916203635672,0,0.00000,0.00000,0,5.4760036963855782799063437423,76.658321569951159771546716708,75.869003355963900078890687915,184473100
2.34,0,0.2220847233547916917831391794,0.222084723354792,0.19219724308213,0.222084723354792,0.19219724308213,0,0.000000,0.000000,0,5.4684904993539115225385095549,76.600934440288000270916119294,75.822772896610585793610544182,185264800
2.35,0,0.2214400910865429874942488126,0.221440091086543,0.191482584275436,0.221440091086543,0.191482584275436,0,0.000000,0.000000,0,5.4608419435550047651706753669,76.542160364753145447089208617,75.775269863534923087553719934,186056600
2.36,0,0.2207997244852264182504454501,0.220799724485226,0.190772191135675,0.220799724485226,0.190772191135675,0,0.000000,0.000000,0,5.4530693479719580078028411798,76.482196201848828042929087306,75.726663962647247234006574714,186848300
2.37,0,0.2201635693518424068733232644,0.220163569351842,0.190066009463847,0.220163569351842,0.190066009463847,0,0.000000,0.000000,0,5.4451762793930055208522161127,76.421062715238313221657741196,75.67697204595760463793308505,187640000
2.38,0,0.2195315765789529976642296449,0.219531576578953,0.189363990152513,0.219531576578953,0.189363990152513,0,0.000000,0.000000,0,5.4371725491431487634843819254,76.358723641066122052095211777,75.626162520427338894563220531,188431800
2.39,0,0.2189037001825903793274509300,0.21890370018259,0.188666087217705,0.21890370018259,0.188666087217705,0,0.000000,0.000000,0,5.4290589986676334385122454585,76.295402622480818947566307346,75.574427319579253138033685097,189223500
2.40,0,0.2182799018173962465641300471,0.218279901817396,0.187972262314067,0.218279901817396,0.187972262314067,0,0.000000,0.000000,0,5.4208435377671766811444112706,76.231027396612642854607941996,75.52170361232107999958071013,190015200
2.41,0,0.2176601195747018987767060797,0.217660119574702,0.187282453532928,0.217660119574702,0.187282453532928,0,0.000000,0.000000,0,5.4125296588707499237765770837,76.165629700534264879278924017,75.468017871156482963518205103,190807000
2.42,0,0.2170443331025320650296330883,0.217044333102532,0.186596640522313,0.217044333102532,0.186596640522313,0,0.000000,0.000000,0,5.4041236266146631664087428957,76.099352102807176545935855894,75.413493041566878659051078052,191598700
2.43,0,0.2164324839797143903786376957,0.216432483979714,0.185914764861051,0.216432483979714,0.185914764861051,0,0.000000,0.000000,0,5.3956307707428864090409087086,76.032242352711932689210369719,75.358169968303998690242468922,192390400
2.44,0,0.2158245230504312083648100152,0.215824523050431,0.185236777393323,0.215824523050431,0.185236777393323,0,0.000000,0.000000,0,5.3870542932223296516730745209,75.964256169173032785887220902,75.302009411453969617930129741,193182100
2.45,0,0.2152204224864794647200007185,0.215220422486479,0.184562650320477,0.215220422486479,0.184562650320477,0,0.000000,0.000000,0,5.3784014620888743267009380544,75.895548528587217834451152827,75.245145563988513801723792419,193973900
2.46,0,0.2146201438642618427556050099,0.214620143864262,0.184104747332247,0.214620143864262,0.184104747332247,0,0.000000,0.000000,0,5.3696706906901375693331038667,75.826015947508898692199724158,75.187487212672656915079402512,194765600
2.47,0,0.2140236308753733610465426538,0.214023630875373,0.183650609977346,0.214023630875373,0.183650609977346,0,0.000000,0.000000,0,5.3608732945116508119652696793,75.755781601845014945319044459,75.129141553090743573314961184,195557300
2.48,0,0.2134308471307623699955829881,0.213430847130762,0.183200201866722,0.213430847130762,0.183200201866722,0,0.000000,0.000000,0,5.3520042288858740545974354922,75.684934292587145291977795615,75.070184165313235768936705149,196349100
2.49,0,0.2128417654183902039531966752,0.21284176541839,0.182753495788337,0.21284176541839,0.182753495788337,0,0.000000,0.000000,0,5.3430761682656972972296013042,75.613466098002159194285910336,75.010608634407735303173059013,197140800
2.50,0,0.2122563524850737436428562330,0.212256352485074,0.182310458489008,0.212256352485074,0.182310458489008,0,0.000000,0.000000,0,5.334086217737844810278976237,75.541406984506563136170456528,74.950439708154663892180710744,197932500
2.51,0,0.2116745518791187720246679463,0.211674551879119,0.181871033517041,0.211674551879119,0.181871033517041,0,0.000000,0.000000,0,5.325040577376398052911142049,75.468750389282781322634551736,74.88967135602046727254637066,198724300
2.52,0,0.2110963388054579487331342122,0.211096338805458,0.181435196077367,0.211096338805458,0.181435196077367,0,0.000000,0.000000,0,5.315941518401792727939005582,75.395522032493751240758988369,74.828325222972185428497605812,199516000
2.53,0,0.2105216604398870761806845924,0.210521660439887,0.181002893345784,0.210521660439887,0.181002893345784,0,0.000000,0.000000,0,5.3067914520057145381754736754,75.321891495911850325120818788,74.766548602401902419737565435,200307700
2.54,0,0.2099505126205380556376081014,0.209950512620538,0.180574121160423,0.209950512620538,0.180574121160423,0,0.000000,0.000000,0,5.2975925384310877808076394873,75.247722938007463011289691169,74.704222288267033259186093959,201099400
2.55,0,0.2093828415589050236534364552,0.209382841558905,0.180148825732777,0.209382841558905,0.180148825732777,0,0.000000,0.000000,0,5.2883520083665324558355030196,75.17318423400631003967158824,74.641492762653903244382329925,201891200
2.56,0,0.2088186154271477637599265786,0.208818615427148,0.179726975235007,0.208818615427148,0.179726975235007,0,0.000000,0.000000,0,5.2790672135232856984676688327,75.098157991572571785310779322,74.578256304397442417745642682,202682900
2.57,0,0.2082577915739865367200984082,0.208257791573987,0.179308527015833,0.208257791573987,0.179308527015833,0,0.000000,0.000000,0,5.2697451887915089410998346456,75.022794727408369990612968574,74.514644385157219665064159849,203474600
2.58,0,0.2077003577560761920280863979,0.207700357756076,0.178893468831911,0.207700357756076,0.178893468831911,0,0.000000,0.000000,0,5.2603825119154621837320004584,74.946983437198639481247367573,74.450558698490222924361680811,204266400
2.59,0,0.2071462632713166930461822477,0.207146263271317,0.178481749981139,0.207146263271317,0.178481749981139,0,0.000000,0.000000,0,5.2509881620250254263641662703,74.870970580447039944818048938,74.386215159342409628964060735,205058100
2.60,0,0.2065954857535123723025564232,0.206595485753512,0.178073348097322,0.206595485753512,0.178073348097322,0,0.000000,0.000000,0,5.2415595907330301013920298037,74.794501415169118467588060558,74.321389546088507088951593478,205849800
2.61,0,0.2060479757936534131748858849,0.206047975793653,0.17766821377145,0.206047975793653,0.17766821377145,0,0.000000,0.000000,0,5.2320996910389033440241956164,74.717822901678878861153719672,74.256297852305338359514274418,206641500
2.62,0,0.2055037220153648809857395793,0.205503722015365,0.177266335627149,0.205503722015365,0.177266335627149,0,0.0000000,0.0000000,0,5.2226115238895765866563614279,74.640829545085841540413953208,74.190847096954531339025092159,207433300
2.63,0,0.2049627045714294584761217803,0.204962704571429,0.176867693817201,0.204962704571429,0.176867693817201,0,0.0000000,0.0000000,0,5.2130983213531740997057363608,74.563628736695694541226883142,74.125131116926945733297580985,208225000
2.64,0,0.2044248638570821241859932607,0.204424863857082,0.176472228736841,0.204424863857082,0.176472228736841,0,0.0000000,0.0000000,0,5.2035577517565973423379021734,74.486184900247364531528938675,74.059117788565488036017612112,209016800
2.65,0,0.2038901898445741632911094142,0.203890189844574,0.176079930358321,0.203890189844574,0.176079930358321,0,0.0000000,0.0000000,0,5.1939955398352405849700679868,74.408497139251249541841626583,73.992806078821137577938453225,209808500
2.66,0,0.2033586539041279447578582193,0.203358653904128,0.175690770051862,0.203358653904128,0.175690770051862,0,0.0000000,0.0000000,0,5.1844131299575638276022337995,74.330652145666564861797345878,73.926271687202362263526754589,210600200
2.67,0,0.2028302173307187637856187980,0.202830217330719,0.17530470911244,0.202830217330719,0.17530470911244,0,0.0000000,0.0000000,0,5.1748093029350670702343996123,74.252628261161939969717069786,73.859494828028570423714211533,211391900
2.68,0,0.2023048516236533671758082945,0.202304851623653,0.174921719039362,0.202304851623653,0.174921719039362,0,0.0000000,0.0000000,0,5.1651864558707317452622631439,74.174380433720727292886009436,73.792435310755959461499715043,212183700
2.69,0,0.2017825380591762446289262330,0.201782538059176,0.174541781108873,0.201782538059176,0.174541781108873,0,0.0000000,0.0000000,0,5.1555490946759949878944289562,74.096037895537450287906715723,73.72520672842536698439048528,212975400
2.70,0,0.2012632587312087158189050296,0.201263258731209,0.174164877414893,0.201263258731209,0.174164877414893,0,0.000000,0.000000,0,5.1492961799173782305265947694,74.003139747414155800807089859,73.645278204476642939664147471,213767100
2.71,0,0.2007469566272089774906171577,0.200746956627209,0.17379095094488,0.200746956627209,0.17379095094488,0,0.0000000,0.0000000,0,5.1442103391746414731587605817,73.905318691150041427318466698,73.560959320877296155829928704,214558800
2.72,0,0.2002336340053194284016822423,0.200233634005319,0.173420003956978,0.200233634005319,0.173420003956978,0,0.0000000,0.0000000,0,5.1391088341454347157909263942,73.807728469603077459381862366,73.476711973481843598833832361,215350600
2.73,0,0.1997232443440503243903365059,0.19972324434405,0.173051989929697,0.19972324434405,0.173051989929697,0,0.0000000,0.0000000,0,5.1339942986734579584230922074,73.710402499064651176048086182,73.392566106966110732363849156,216142300
2.74,0,0.1992157688880843678110897121,0.199215768888084,0.172686890107718,0.199215768888084,0.172686890107718,0,0.0000000,0.0000000,0,5.1288678510296626334509557405,73.613342290778592152094086208,73.308523382560782390572238399,216934000
2.75,0,0.1987111923737097983975189682,0.19871119237371,0.172324689227331,0.19871119237371,0.172324689227331,0,0.0000000,0.0000000,0,5.1237280862530258760831215526,73.516462442062968137607619867,73.224508269564130979532195044,217725800
2.76,0,0.1982094786498806104722269434,0.198209478649881,0.17196535113749,0.198209478649881,0.17196535113749,0,0.0000000,0.0000000,0,5.118578855006473389132496485,73.419881808260623617079309258,73.140626493500527323961526257,218517500
2.77,0,0.1977106019695774400268494644,0.197710601969577,0.171608850091174,0.197710601969577,0.171608850091174,0,0.000000,0.000000,0,5.1134197951737451993689645786,73.323590666435162620461353548,73.056869702952988786636929226,219309200
2.78,0,0.1972145548977975937138573251,0.197214554897798,0.171255178653381,0.197214554897798,0.171255178653381,0,0.0000000,0.0000000,0,5.1082508821785338743968281105,73.227585764085700373546259036,72.973235287792857965630378797,220101000
2.79,0,0.1967212927256019522248532325,0.196721292725602,0.170904292115173,0.196721292725602,0.170904292115173,0,0.0000000,0.0000000,0,5.1030733309753031170289939226,73.131807567549391715452715148,72.889670642210352512003201327,220892700
2.80,0,0.1962307997796671613188170798,0.196230799779667,0.170556174803226,0.196230799779667,0.170556174803226,0,0.0000000,0.0000000,0,5.0978918485133883596611597359,73.036392715196588819331370276,72.806297711350281076925628641,221684400
2.81,0,0.1957430604603197035227322917,0.19574306046032,0.170210811117866,0.19574306046032,0.170210811117866,0,0.0000000,0.0000000,0,5.0927003935089070346890232678,72.941249562994236418278262049,72.723035012177036077662250646,222476100
2.82,0,0.1952580401007356499973991989,0.195258040100736,0.169868166392269,0.195258040100736,0.169868166392269,0,0.0000000,0.0000000,0,5.0875081022168552773211890815,72.846433993797983039305667771,72.639932966082027246214279658,223267900
2.83,0,0.1947757136414735504543625869,0.194775713641474,0.169528215566995,0.194775713641474,0.169528215566995,0,0.0000000,0.0000000,0,5.0823081003331370875576571735,72.751990527836564429039866758,72.557031320273924134614065965,224059600
2.84,0,0.1942960767989889209310149102,0.194296076798989,0.169190954358498,0.194296076798989,0.169190954358498,0,0.0000000,0.0000000,0,5.0771067888298127625855207062,72.657854799590552254142265686,72.474273285027645807534331683,224851300
2.85,0,0.1938190953675653443084931598,0.193819095367565,0.168856348561062,0.193819095367565,0.168856348561062,0,0.0000000,0.0000000,0,5.0719013811536010052176865195,72.56400322422859459648318408,72.391637955012491671909301652,225643100
2.86,0,0.1933447449614276019065414535,0.193344744961428,0.168524373788911,0.193344744961428,0.168524373788911,0,0.0000000,0.0000000,0,5.066696109793349247849852332,72.470620302284863767323548328,72.309290664087002668877886873,226434800
2.87,0,0.1928730004740547747069923183,0.192873000474055,0.168195004935526,0.192873000474055,0.168195004935526,0,0.0000000,0.0000000,0,5.0614876082020094904820181442,72.377515415341236942926417313,72.227061333181899224831584875,227226500
2.88,0,0.1924038583696420512389642314,0.192403858369642,0.167868238465101,0.192403858369642,0.167868238465101,0,0.0000000,0.0000000,0,5.0562784607322917331141839563,72.284799725645430052181691891,72.145049799420547390822712821,228018300
2.89,0,0.1919372859527080189308212038,0.191937285952708,0.167544041682154,0.191937285952708,0.167544041682154,0,0.0000000,0.0000000,0,5.051068222487890246163558889,72.192457968046014584633546389,72.063242804555326656046544769,228810000
2.90,0,0.1914732687511678442337961258,0.191473268751168,0.167222400114601,0.191473268751168,0.167222400114601,0,0.0000000,0.0000000,0,5.0458595444733484887957247017,72.100530471845304634552072004,71.981676993107861085343934869,229601700
2.91,0,0.1910117743096444595583179993,0.191011774309644,0.166903281307065,0.191011774309644,0.166903281307065,0,0.0000000,0.0000000,0,5.0406534572393471638235882347,72.008952814182242234996400814,71.900295032646361273007090188,230393500
2.92,0,0.1905527979142474173407173946,0.190552797914247,0.166586680545656,0.190552797914247,0.166586680545656,0,0.0000000,0.0000000,0,5.0354449554530104064557540478,71.917804272775082395729549456,71.81916838763429659340486937,231185200
2.93,0,0.1900963174363435773820460453,0.190096317436344,0.16627257570174,0.190096317436344,0.16627257570174,0,0.0000000,0.0000000,0,5.0302408939693866490879198593,71.827029132250373280631060022,71.738247620668169581699827808,231976900
2.94,0,0.1896422909576920617419800567,0.189642290957692,0.165960924857075,0.189642290957692,0.165960924857075,0,0.0000000,0.0000000,0,5.0250397866054378917200856723,71.73667879867863070227708197,71.657579348366561691768021741,232768600
2.95,0,0.1891907235900432516477193249,0.189190723590043,0.165651733123414,0.189190723590043,0.165651733123414,0,0.000000,0.000000,0,5.019838714412401134352251485,71.646647394410834141301021006,71.577068678776045577964513983,233560400
2.96,0,0.1887415949346895633861968631,0.18874159493469,0.165344980102048,0.18874159493469,0.165344980102048,0,0.0000000,0.0000000,0,5.0146445070611323769844172973,71.5570898107541168221385297,71.496855594394851189990341191,234352100
2.97,0,0.1882948803631772978712775127,0.188294880363177,0.165040641164523,0.188294880363177,0.165040641164523,0,0.0000000,0.0000000,0,5.0094510680659880520122808301,71.467988069859272154272130186,71.416924409251116461650692045,235143800
2.98,0,0.1878505497509753466589071206,0.187850549750975,0.164738686186309,0.187850549750975,0.164738686186309,0,0.0000000,0.0000000,0,5.0042640411212342946444466436,71.379284192760279198599990112,71.337223418323077428260539863,235935600
2.99,0,0.1874085988218768968167104350,0.187408598821877,0.164439110891198,0.187408598821877,0.164439110891198,0,0.0000000,0.0000000,0,4.9990796985479345372766124551,71.290931764005447660258004293,71.257711095622275177894112471,236727300
3.00,0,0.1869690176996778487667364368,0.186969017699678,0.16414190541222,0.186969017699678,0.16414190541222,0,0.0000000,0.0000000,0,4.9939011314736877799087782683,71.203099322219383390997729848,71.178540215437172720707881928,237519000
3.01,0,0.1865902947929218972671121832,0.186590294792922,0.163836187548052,0.186590294792922,0.163836187548052,0,0.0000000,0.0000000,0,4.9887273472341210225409440807,71.115641622515195403085648949,71.09958004333230435807185621,238310800
3.02,0,0.1862131915257702636667971014,0.18621319152577,0.163532089323488,0.18621319152577,0.163532089323488,0,0.000000,0.000000,0,4.983559935631562535590319014,71.028644741276244577277864893,71.020908946295569813460581877,239102500
3.03,0,0.1858377247823023736676567049,0.185837724782302,0.163229627622607,0.185837724782302,0.163229627622607,0,0.0000000,0.0000000,0,4.978397329587845778222484826,70.942152703382728623899067098,70.942567419486435031817751782,239894200
3.04,0,0.1854638514603146964855182307,0.185463851460315,0.162928759343207,0.185463851460315,0.162928759343207,0,0.0000000,0.0000000,0,4.9732407715029644532503483585,70.855984038915665416959144212,70.864391527373650067137938346,240685900
3.05,0,0.1850915678281325549075700320,0.185091567828133,0.162629480753612,0.185091567828133,0.162629480753612,0,0.0000000,0.0000000,0,4.9680911305028706958825141716,70.770349295055933122495255132,70.786572724142358201482340528,241477700
3.06,0,0.1847208596117950276956007118,0.184720859611795,0.162331777579862,0.184720859611795,0.162331777579862,0,0.0000000,0.0000000,0,4.9629486958546075061189822643,70.6851173978365191409019531,70.708992662034560990934480469,242269400
3.07,0,0.1843517348834485435868635142,0.184351734883449,0.162035657894103,0.184351734883449,0.162035657894103,0,0.0000000,0.0000000,0,4.9578117626022391811468457969,70.600394262554106095501897393,70.631748144276134904551186107,243061100
3.08,0,0.1839841693608565501972634878,0.183984169360857,0.161741097414099,0.183984169360857,0.161741097414099,0,0.000000,0.000000,0,4.9526803592626494237790116087,70.516057426215122161790346429,70.554728425137218328175219408,243852900
3.09,0,0.1836181599434647597892461004,0.183618159943465,0.161448093039295,0.183618159943465,0.161448093039295,0,0.0000000,0.0000000,0,4.9475601800436146664111774225,70.432233839977387182547039906,70.478049541938419502973389136,244644600
3.10,0,0.1832537029442484950608094422,0.183253702944248,0.161156641082666,0.183253702944248,0.161156641082666,0,0.000000,0.000000,0,4.9424450346115113414390409545,70.348792663504577597147665092,70.401592987953571587932100876,245436300
3.11,0,0.1828907852793684220739384944,0.182890785279368,0.160866728460373,0.182890785279368,0.160866728460373,0,0.0000000,0.0000000,0,4.9373389071830561516755090477,70.265898588790825286793345291,70.325509431602235892660928842,246228000
3.12,0,0.1825293938396700247629598658,0.18252939383967,0.160578342063262,0.18252939383967,0.160578342063262,0,0.0000000,0.0000000,0,4.9322387250576733943076748595,70.183393339304931431928416869,70.249655185205908630599458482,247019800
3.13,0,0.1821695149627056784570804133,0.182169514962706,0.160291468228885,0.182169514962706,0.160291468228885,0,0.0000000,0.0000000,0,4.9271468520087460693355383921,70.101424956000753987790117568,70.174165978344705661928487982,247811500
3.14,0,0.1818111561173293533204372074,0.181811156117329,0.160006114426096,0.181811156117329,0.160006114426096,0,0.000000,0.000000,0,4.9220641543331813119677042043,70.019896061813410172881484052,70.098953522080377881220784425,248603200
3.15,0,0.1814543025085040301969363517,0.181454302508504,0.159722265859859,0.181454302508504,0.159722265859859,0,0.0000000,0.0000000,0,4.9169900364688818250170791379,69.938838498992361665171563425,70.024047551629533346461826481,249395000
3.16,0,0.1810989404720715298255760366,0.181098940472072,0.159439908866014,0.181098940472072,0.159439908866014,0,0.0000000,0.0000000,0,4.9119229331213570676492449509,69.858183023137999985945251922,69.949385307941295162960537489,250186700
3.17,0,0.1807450586084274877669653631,0.180745058608428,0.159159032044957,0.180745058608428,0.159159032044957,0,0.0000000,0.0000000,0,4.9068650944473183102814107624,69.778084926801199563631628954,69.875109650565509294521670704,250978400
3.18,0,0.1803926527315396878157094161,0.18039265273154,0.158879631210657,0.18039265273154,0.158879631210657,0,0.0000000,0.0000000,0,4.9018172845826765529135765753,69.698417399058977645136789498,69.801105042232576601606171039,251770200
3.19,0,0.1800417191759909078850793130,0.180041719175991,0.158601702697695,0.180041719175991,0.158601702697695,0,0.0000000,0.0000000,0,4.8967757846090457955457423879,69.619272631443733555305524463,69.727456811296194780620532864,252561900
3.20,0,0.1796922342759294576181686980,0.179692234275929,0.158325222840221,0.179692234275929,0.158325222840221,0,0.0000000,0.0000000,0,4.8917444529474434705736059205,69.540560241946913168957587219,69.654082581123103687335881566,253353600
3.21,0,0.1793442161245725921796145232,0.179344216124573,0.158050209731452,0.179344216124573,0.158050209731452,0,0.0000000,0.0000000,0,4.8867222968307657132057717334,69.462331895679570781959706322,69.581030490485004084717276208,254145400
3.22,0,0.1789976198823433850884600573,0.178997619882343,0.15777661853181,0.178997619882343,0.15777661853181,0,0.0000000,0.0000000,0,4.8817089188899249558379375464,69.384596619196157906708033688,69.508309569191742984144082613,254937100
3.23,0,0.1786524825314942282351030847,0.178652482531494,0.157504486223549,0.178652482531494,0.157504486223549,0,0.0000000,0.0000000,0,4.8767050883730281984701033583,69.307282806201288942853764415,69.435854541749197127682729328,255728800
3.24,0,0.1783087515223236725782559181,0.178308751522324,0.157233760256966,0.178308751522324,0.157233760256966,0,0.0000000,0.0000000,0,4.871710596513901441102269171,69.230524961224607891094622074,69.363790044445110601106829332,256520500
3.25,0,0.1779664426706498517430211253,0.17796644267065,0.156964456447879,0.17796644267065,0.156964456447879,0,0.0000000,0.0000000,0,4.8667245111897346837344349843,69.154181907021039863372996879,69.291986669300542425271185569,257312300
3.26,0,0.1776255434190827775342668549,0.177625543419083,0.1566965622389,0.177625543419083,0.1566965622389,0,0.000000,0.000000,0,4.8617473553672763587622985169,69.07831903322828230871870903,69.220505382126701139117145481,258104000
3.27,0,0.1772860602532769889046844529,0.177286060253277,0.156430084115681,0.177286060253277,0.156430084115681,0,0.0000000,0.0000000,0,4.8567793969733736013944643283,69.002945411082003001306032755,69.149355285975316128159213407,258895700
3.28,0,0.1769479493657096030757473139,0.17694794936571,0.156164978270701,0.17694794936571,0.156164978270701,0,0.0000000,0.0000000,0,4.8518234547073341144438392622,68.928093257161437452370517386,69.078566856781493924664634775,259687500
3.29,0,0.1766112278419772412610229494,0.176611227841977,0.155901261789557,0.176611227841977,0.155901261789557,0,0.0000000,0.0000000,0,4.8468750690790023570760050745,68.853705044403283188112445788,69.008087774823585100796828152,260479200
3.30,0,0.1762758920343838569712170318,0.176275892034384,0.155638931024551,0.176275892034384,0.155638931024551,0,0.0000000,0.0000000,0,4.8419355115740465997081708872,68.779794869631195767761996429,68.937931769651024930332306901,261270900
3.31,0,0.1759419192876160100944905270,0.175941919287616,0.15537796332037,0.175941919287616,0.15537796332037,0,0.0000000,0.0000000,0,4.8370073377229898423403367002,68.706342873452935420767681116,68.868081067832689316638908793,262062700
3.32,0,0.1756093056278696705285318972,0.17560930562787,0.155118354703211,0.17560930562787,0.155118354703211,0,0.0000000,0.0000000,0,4.8320883044578460849725025127,68.633436133605538098812331229,68.79861729530743764903126559,262854400
3.33,0,0.1752780578100492898502506263,0.175278057810049,0.154860111927978,0.175278057810049,0.154860111927978,0,0.0000000,0.0000000,0,4.8271769318235167600003660448,68.560931209720022968793017354,68.729408098804068601917994127,263646100
3.34,0,0.1749481534494746470148431990,0.174948153449475,0.154603212609991,0.174948153449475,0.154603212609991,0,0.0000000,0.0000000,0,4.8222760303288145702368341371,68.488926186840809706561155667,68.660545187953788656252922826,264437800
3.35,0,0.1746195783119263539242884941,0.174619578311926,0.15434764251503,0.174619578311926,0.15434764251503,0,0.0000000,0.0000000,0,4.8173859201578368128689999505,68.417428296732501428000842687,68.592036088888106991147193726,265229600
3.36,0,0.1742923393363718545575565134,0.174292339336372,0.154093408582063,0.174292339336372,0.154093408582063,0,0.0000000,0.0000000,0,4.8125052060014924878968634821,68.346415445916065061912616519,68.523861094454811306246826635,266021300
3.37,0,0.1739664329849836078302200153,0.173966432984984,0.153840507273263,0.173966432984984,0.153840507273263,0,0.000000,0.000000,0,4.8076314373986867305290292953,68.275851240514855651556588934,68.455987139585970513967454025,266813000
3.38,0,0.1736418266806820073187675982,0.173641826680682,0.153588906011549,0.173641826680682,0.153588906011549,0,0.0000000,0.0000000,0,4.8027697779813629731611951078,68.205752568250210316482310921,68.388430494353398792050997653,267604800
3.39,0,0.1733185263060676053766267101,0.173318526306068,0.153338610679522,0.173318526306068,0.153338610679522,0,0.0000000,0.0000000,0,4.7979170011239482157933609204,68.13619654997257467169727517,68.321264066198763307647779797,268396500
3.40,0,0.1729965392787435881660907043,0.172996539278744,0.153089628694785,0.172996539278744,0.153089628694785,0,0.0000000,0.0000000,0,4.7930746923801994584255267332,68.067074924360279423751047277,68.254387510365138566740544839,269188200
3.41,0,0.1726758320749666242713734209,0.172675832074967,0.152841926533596,0.172675832074967,0.152841926533596,0,0.000000,0.000000,0,4.7882399260369639714749016667,67.99841822851831525388220159,68.187830196350794538778703353,269980000
3.42,0,0.1723564310590822672340051779,0.172356431059082,0.152595530560299,0.172356431059082,0.152595530560299,0,0.0000000,0.0000000,0,4.7834167841613472141070674785,67.93033214860116673587291284,68.121691702843068976264952948,270771700
3.43,0,0.1720382936416058856135278335,0.172038293641606,0.15235039818541,0.172038293641606,0.15235039818541,0,0.0000000,0.0000000,0,4.778601955392816889134931011,67.862656698793264299089078468,68.055823214661095558328106751,271563400
3.44,0,0.1717214364403730168222558836,0.171721436440373,0.152106546026764,0.171721436440373,0.152106546026764,0,0.0000000,0.0000000,0,4.7737974939102321317670968235,67.795420238903893788060168457,67.990251892487087903483787904,272355100
3.45,0,0.1714058346577917077817852786,0.171405834657792,0.15186394928677,0.171405834657792,0.15186394928677,0,0.0000000,0.0000000,0,4.7689996993260283743992626369,67.728682653554824152978499263,67.925034828084554509178567872,273146900
3.46,0,0.1710914979167215552795326896,0.171091497916722,0.151622617588288,0.171091497916722,0.151622617588288,0,0.0000000,0.0000000,0,4.7642159644835546170314284489,67.662501741857679638973961978,67.86022689685704127374719616,273938600
3.47,0,0.1707784105092279660051844821,0.170778410509228,0.151382535223382,0.170778410509228,0.151382535223382,0,0.0000000,0.0000000,0,4.7594374915735638596635942614,67.596683693182444643726607907,67.795647169171452249326552002,274730300
3.48,0,0.1704665599865235663730835949,0.170466559986524,0.151143689743265,0.170466559986524,0.151143689743265,0,0.0000000,0.0000000,0,4.7546696448528301022957600746,67.531420849710417738151142173,67.731477036290889349900087073,275522100
3.49,0,0.1701559431699005272056948634,0.170155943169901,0.150906077969229,0.170155943169901,0.150906077969229,0,0.0000000,0.0000000,0,4.7499123269685797773236236071,67.466605194213549281579310159,67.667615736784076547247755482,276313800
3.50,0,0.1698465571654040299088629509,0.169846557165404,0.15066969700732,0.169846557165404,0.15066969700732,0,0.000000,0.000000,0,4.7451632264256080199557894195,67.402247274650552349237034607,67.604074069489101958834944718,277105500
3.51,0,0.1695383977684418889776384993,0.169538397768442,0.150434542652946,0.169538397768442,0.150434542652946,0,0.0000000,0.0000000,0,4.7404234593395162625879552323,67.338371827180782748749164772,67.540876119916520156068032301,277897200
3.52,0,0.1692314531217706119249703522,0.169231453121771,0.150200603048862,0.169231453121771,0.150200603048862,0,0.0000000,0.0000000,0,4.7356936078778905052201210441,67.2749894656143426338038567,67.478032740314962923423742233,278689000
3.53,0,0.1689257084371952240921079625,0.168925708437195,0.149967863406874,0.168925708437195,0.149967863406874,0,0.0000000,0.0000000,0,4.7309704743403380182694959779,67.212049280638331359420718729,67.415496813682513808333854957,279480700
3.54,0,0.1686211712740679333313410118,0.168621171274068,0.149736331286334,0.168621171274068,0.149736331286334,0,0.0000000,0.0000000,0,4.7262584543498842609016617896,67.149612321735714334436124978,67.353326686152221287394684555,280272400
3.55,0,0.1683178281810696525540535861,0.16831782818107,0.149505993235923,0.16831782818107,0.149505993235923,0,0.0000000,0.0000000,0,4.7215552623862555035338276033,67.087587117701306363365545204,67.291436733400596828858958414,281064200
3.56,0,0.1680156665656038964100728060,0.168015666565604,0.149276836663045,0.168015666565604,0.149276836663045,0,0.0000000,0.0000000,0,4.7168617051603421785616911351,67.026110494138603174682942133,67.229957326525679403735663776,281855900
3.57,0,0.1677146922328481710901929612,0.167714692232848,0.149048867372877,0.167714692232848,0.149048867372877,0,0.0000000,0.0000000,0,4.7121740682579024211938569474,66.96499776820247096469906494,67.168714432385125203841514822,282647600
3.58,0,0.1674148929177562785708691431,0.167414892917756,0.148822073100372,0.167414892917756,0.148822073100372,0,0.0000000,0.0000000,0,4.7074980859869946638260227611,66.904464585517158728289967712,67.107913179171836708003015978,283439400
3.59,0,0.1671162544371364857692505000,0.167116254437136,0.14859643966234,0.167116254437136,0.14859643966234,0,0.0000000,0.0000000,0,4.7053659646432773313316974187,66.844315446605176831908103692,67.049471194246630834107655651,284231100
3.60,0,0.1668187841959529688953967653,0.166818784195953,0.148371974463744,0.166818784195953,0.148371974463744,0,0.0000000,0.0000000,0,4.7048663199996113313316974186,66.784667354306312897443117335,66.99282822386342143972991297,285022800
3.61,0,0.1665224593565548413581912789,0.166522459356555,0.148148654666933,0.166522459356555,0.148148654666933,0,0.0000000,0.0000000,0,4.7043743570082223313316974189,66.725470261338503754738394842,66.936613986983448671854214683,285814600
3.62,0,0.1662272853340025979520500477,0.166227285334003,0.147926485686968,0.166227285334003,0.147926485686968,0,0.0000000,0.0000000,0,4.7038897672333683313316974186,66.666723224332189337131144677,66.880827579869533292917930075,286606300
3.63,0,0.1659332399457324619063908391,0.165933239945732,0.147705445341286,0.165933239945732,0.147705445341286,0,0.000000,0.000000,0,4.703414165778825331331697419,66.608450297184887998070608627,66.825491757654109925159229045,287398000
3.64,0,0.1656403503685632574419621974,0.165640350368563,0.147485560806704,0.165640350368563,0.147485560806704,0,0.0000000,0.0000000,0,4.7029492090594083313316974179,66.550666629383945331523385699,66.770620810357766002463906263,288189800
3.65,0,0.1653485820320387779233394907,0.165348582032039,0.147266797512767,0.165348582032039,0.147266797512767,0,0.0000000,0.0000000,0,4.7024911787971403313316974176,66.493276904925720441811655191,66.716124340860902519034774049,288981500
3.66,0,0.1650579129344842589469903631,0.165057912934484,0.1470491334578,0.165057912934484,0.1470491334578,0,0.0000000,0.0000000,0,4.7020406948630713313316974185,66.436392729788443823021612806,66.662108321516456569822819922,289773200
3.67,0,0.1647683900846524017246925409,0.164768390084652,0.146832615650556,0.164768390084652,0.146832615650556,0,0.0000000,0.0000000,0,4.7015997920888623313316974188,66.379927225252270098509811368,66.608490101970083338172444642,290565000
3.68,0,0.1644799589271505420871500557,0.164479958927151,0.146617189535641,0.164479958927151,0.146617189535641,0,0.0000000,0.0000000,0,4.7011659779768773313316974178,66.323963521137983446731165092,66.555348750381196179642303973,291356700
3.69,0,0.1641926374614545872522004247,0.164192637461455,0.146402873112533,0.164192637461455,0.146402873112533,0,0.0000000,0.0000000,0,4.7007415067740963313316974188,66.268420975920671781087993425,66.502607530124409228589172408,292148400
3.70,0,0.1639063917290332723107762187,0.163906391729033,0.146189632422699,0.163906391729033,0.146189632422699,0,0.0000000,0.0000000,0,4.7003228567390013313316974182,66.21330062875775736789369858,66.450267583479964852669762026,292940100
3.71,0,0.1636212587570619954780706923,0.163621258757062,0.145977504493315,0.163621258757062,0.145977504493315,0,0.0000000,0.0000000,0,4.6999135787170373313316974182,66.158656187945731190069375617,66.398379732621946073088342213,293731900
3.72,0,0.1633371965471071990364849946,0.163337196547107,0.145766447325948,0.163337196547107,0.145766447325948,0,0.0000000,0.0000000,0,4.6995114981332793313316974184,66.104452756587152389519157896,66.346910917508123316652518801,294523600
3.73,0,0.1630542096010460558031592469,0.163054209601046,0.145556465422474,0.163054209601046,0.145556465422474,0,0.0000000,0.0000000,0,4.6991180355715933313316974186,66.050711396529501002204348235,66.295881052953219048729873946,295315300
3.74,0,0.1627722974824335985684930972,0.162772297482434,0.145347558346449,0.162772297482434,0.145347558346449,0,0.0000000,0.0000000,0,4.6987345189187913313316974186,65.997458359178108103091881836,66.245314984895637370772535606,296107000
3.75,0,0.1624914450867917532720860254,0.162491445086792,0.145139710993395,0.162491445086792,0.145139710993395,0,0.000000,0.000000,0,4.6983553027895353313316974178,65.944545008859696819080688001,66.195071800011304164129424473,296898800
3.76,0,0.1622116590812457378051835130,0.162211659081246,0.144932930030436,0.162211659081246,0.144932930030436,0,0.0000000,0.0000000,0,4.6979852759159643313316974183,65.89215752318720921865555786,66.145328075628359451192810017,297690500
3.77,0,0.1619329274793740688822817675,0.161932927479374,0.144727203471152,0.161932927479374,0.144727203471152,0,0.0000000,0.0000000,0,4.6976221874944863313316974184,65.840158253967201333626433407,66.095953159529537462862827981,298482200
3.78,0,0.1616552271167040571644158621,0.161655227116704,0.144522508151069,0.161655227116704,0.144522508151069,0,0.0000000,0.0000000,0,4.6972667909145133313316974184,65.788662558843362629087689326,66.047056572768053099961220361,299274000
3.79,0,0.1613785739315040813514959359,0.161378573931504,0.144318860008457,0.161378573931504,0.144318860008457,0,0.000000,0.000000,0,4.6969187903368193313316974185,65.737549774269533841040753188,65.998523695006316241948132466,300065700
3.80,0,0.1611029660967971228733649454,0.161102966096797,0.144116257216338,0.161102966096797,0.144116257216338,0,0.0000000,0.0000000,0,4.6965784462334843313316974187,65.686939146481383717897275969,65.950467766711499267843015277,300857400
3.81,0,0.1608283689843723110261935480,0.160828368984372,0.1439146651465,0.160828368984372,0.1439146651465,0,0.0000000,0.0000000,0,4.6962445649972643313316974179,65.636700011584502554917191947,65.902764720866066136745366649,301649200
3.82,0,0.1605548001757652395897620996,0.160554800175765,0.143714101380481,0.160554800175765,0.143714101380481,0,0.0000000,0.0000000,0,4.6959195180313823313316974178,65.586932337277003734993590695,65.855509365625444323019554948,302440900
3.83,0,0.1602822368223396283036198481,0.16028223682234,0.143514543069642,0.16028223682234,0.143514543069642,0,0.0000000,0.0000000,0,4.6956000066304293313316974189,65.537573099752609857826225384,65.808642006887044172320569591,303232600
3.84,0,0.1600106949687072117139603768,0.160010694968707,0.143316006258598,0.160010694968707,0.143316006258598,0,0.0000000,0.0000000,0,4.6952879996543613313316974182,65.488659015444293973791462191,65.762197393254206880009508996,304024400
3.85,0,0.1597401525073809711048250222,0.159740152507381,0.143118468802922,0.159740152507381,0.143118468802922,0,0.0000000,0.0000000,0,4.6949812165600043313316974177,65.440156912610586281241269132,65.716144133331442942313117911,304816100
3.86,0,0.1594706162944813789044990647,0.159470616294481,0.142896049714836,0.159470616294481,0.142896049714836,0,0.0000000,0.0000000,0,4.6946835165572853313316974189,65.392115499896788537419227622,65.670528253201294562899925409,305607800
3.87,0,0.1592020621218199957949760816,0.15920206212182,0.142674612666988,0.15920206212182,0.142674612666988,0,0.0000000,0.0000000,0,4.6943917236797743313316974185,65.344444354015031070887508787,65.625264033711591118668388969,306399500
3.88,0,0.1589344977938995203859221809,0.1589344977939,0.142454165463881,0.1589344977939,0.142454165463881,0,0.0000000,0.0000000,0,4.6941061894752043313316974189,65.297247332445365627193344489,65.580450092175127729079106488,307191300
3.89,0,0.1586679097053625386493483515,0.158667909705363,0.142234694500158,0.158667909705363,0.142234694500158,0,0.0000000,0.0000000,0,4.6938276462238453313316974186,65.250429235807389501759341595,65.535995943428164103644237127,307983000
3.90,0,0.1584023053138068390700957857,0.158402305313807,0.142016207233416,0.158402305313807,0.142016207233416,0,0.0000000,0.0000000,0,4.6935559977129083313316974186,65.204097375131255077272261405,65.492003510274466460049383589,308774800
3.91,0,0.1581376611412300219579544896,0.15813766114123,0.141798680185653,0.15813766114123,0.141798680185653,0,0.000000,0.000000,0,4.6932908404218273313316974186,65.158139084541554170099001168,65.448365786172440460565553564,309566500
3.92,0,0.1578739848870890287998278247,0.157873984887089,0.141582121056326,0.157873984887089,0.141582121056326,0,0.000000,0.000000,0,4.6930317194516533313316974177,65.11264474057301005539745161,65.405168631550555351630756676,310358200
3.93,0,0.1576112624959225641060121632,0.157611262495923,0.141366515789973,0.157611262495923,0.141366515789973,0,0.0000000,0.0000000,0,4.692779329998825331331697419,65.067535693054402070883304295,65.362337283695850316770332379,311149900
3.94,0,0.1573494907496422728829824095,0.157349490749642,0.141151861168506,0.157349490749642,0.141151861168506,0,0.0000000,0.0000000,0,4.6925318109296923313316974186,65.022818735655590169483494992,65.319878300467308725128360786,311941700
3.95,0,0.1570886677054387833463145256,0.157088667705439,0.140938155249116,0.157088667705439,0.140938155249116,0,0.0000000,0.0000000,0,4.6922921189862173313316974182,64.978547486577979951640003138,65.277842412385242477583940972,312733400
3.96,0,0.1568287795717682858554358282,0.156828779571768,0.14072538424026,0.156828779571768,0.14072538424026,0,0.0000000,0.0000000,0,4.6920574477474673313316974186,64.93467613143785948414239403,65.23618626844090325835913383,313525100
3.97,0,0.1565698332386193705254706391,0.156569833238619,0.140513555031924,0.156569833238619,0.140513555031924,0,0.0000000,0.0000000,0,4.6918284027191153313316974187,64.891217690103155693886263127,65.194922186166428711296735648,314316800
3.98,0,0.1563118161006481119241569280,0.156311816100648,0.140302655018767,0.156311816100648,0.140302655018767,0,0.0000000,0.0000000,0,4.6916063750212273313316974181,64.848189595383166437779220811,65.154066622349316442562700779,315108600
3.99,0,0.1560547250539241137447315681,0.156054725053924,0.140092681096857,0.156054725053924,0.140092681096857,0,0.0000000,0.0000000,0,4.6913893824069313313316974179,64.805560317119600434084102714,65.113589745663649643211541674,315900300
4.00,0,0.1557985460041160020287591582,0.155798546004116,0.139883619171862,0.155798546004116,0.139883619171862,0,0.0000000,0.0000000,0,4.6911783471472293313316974177,64.763345093539004406137365475,65.073505959262510516087215055,316692000
4.01,0,0.1555527373595585148272475072,0.155552737359559,0.139684927652118,0.155552737359559,0.139684927652118,0,0.0000000,0.0000000,0,4.6909731488237713313316974189,64.721491106320448804861110554,65.033765091454919644259472318,317483800
4.02,0,0.1553078856947926015016268983,0.155307885694793,0.139487193112166,0.155307885694793,0.139487193112166,0,0.0000000,0.0000000,0,4.6907728872083783313316974184,64.680086255058027563313604841,64.994450682315219155187897907,318275500
4.03,0,0.1550639875275870355269634167,0.155063987527587,0.139290412069774,0.155063987527587,0.139290412069774,0,0.0000000,0.0000000,0,4.6905786988989903313316974185,64.639089176201237193136046528,64.955523357235960001128674913,319067200
4.04,0,0.1548210403620689519261740872,0.154821040362069,0.13909458202907,0.154821040362069,0.13909458202907,0,0.0000000,0.0000000,0,4.690389597487966331331697418,64.598443425203545599534084314,64.916929559860406490871781523,319858900
4.05,0,0.1545790111141915178126013712,0.154579011114192,0.138899669906006,0.154579011114192,0.138899669906006,0,0.000000,0.000000,0,4.6902054494673403313316974187,64.55824978811789188362414486,64.878765019904110443590561248,320650700
4.06,0,0.1543379263275301508231320081,0.15433792632753,0.138705702244158,0.15433792632753,0.138705702244158,0,0.0000000,0.0000000,0,4.690027191618777331331697418,64.518405286725181746835689834,64.840931852419570480421751488,321442400
4.07,0,0.1540977629302355296515562670,0.154097762930236,0.138512655971678,0.154097762930236,0.138512655971678,0,0.0000000,0.0000000,0,4.6898542881842703313316974184,64.478967478443250051261912057,64.803484754309808631903984274,322234100
4.08,0,0.1538585292927545128840701881,0.153858529292754,0.13832053945901,0.153858529292754,0.13832053945901,0,0.0000000,0.0000000,0,4.6896853965439493313316974179,64.43991187334769831325433165,64.766400548864630633488188978,323025900
4.09,0,0.1536202208584671637595438413,0.153620220858467,0.138129348149537,0.153620220858467,0.138129348149537,0,0.0000000,0.0000000,0,4.6895223758447763313316974182,64.401258558829086480233063489,64.729698178149278673966147593,323817600
4.10,0,0.1533828151095975420451994131,0.153382815109598,0.137939059525481,0.153382815109598,0.137939059525481,0,0.0000000,0.0000000,0,4.6893635697765293313316974187,64.36304345674643184246674746,64.693411868657624751889819166,324609300
4.11,0,0.1531463295756536648876447988,0.153146329575654,0.13774969111635,0.153146329575654,0.13774969111635,0,0.0000000,0.0000000,0,4.6892109076405093313316974176,64.325138834735290397816467502,64.657420153804050133604693573,325401100
4.12,0,0.1529107308893690833081370020,0.152910730889369,0.13756120955488,0.152910730889369,0.13756120955488,0,0.000000,0.000000,0,4.689062289414984331331697418,64.287713983801387520189264597,64.621883969458578763264383702,326192800
4.13,0,0.1526760365542877382622154987,0.152676036554288,0.137373632344612,0.152676036554288,0.137373632344612,0,0.0000000,0.0000000,0,4.6910432690455223313316974184,64.266300025670992831002339489,64.601403082642910646961882761,326984500
4.14,0,0.1524422423522186474429328837,0.152442242352219,0.137186955267356,0.152442242352219,0.137186955267356,0,0.0000000,0.0000000,0,4.6916778226610493313316974177,64.225148992331630577362030157,64.562270705452959921429120947,327776300
4.15,0,0.1522093369740430024275006460,0.152209336974043,0.137001167013995,0.152209336974043,0.137001167013995,0,0.0000000,0.0000000,0,4.6923271862569403313316974179,64.184358388439595975624483033,64.523479066069955846491078033,328568000
4.16,0,0.1519773165127186478549889889,0.151977316512719,0.136816263677484,0.151977316512719,0.136816263677484,0,0.0000000,0.0000000,0,4.6929921529067113313316974185,64.143932061630498478828287575,64.485031750807314520921088033,329359700
4.17,0,0.1517461781780075409411343332,0.151746178178008,0.136632242467587,0.151746178178008,0.136632242467587,0,0.0000000,0.0000000,0,4.6936716708913013313316974178,64.103807246791644887858496088,64.446869206887935882349562199,330151500
4.18,0,0.1515159292637543193015972575,0.151515929263754,0.136449110678147,0.151515929263754,0.136449110678147,0,0.0000000,0.0000000,0,4.6943658567429673313316974179,64.064088908418797039356487185,64.409091117660402014570059076,330943200
4.19,0,0.1512865364274063436277901853,0.151286536427406,0.136266834966613,0.151286536427406,0.136266834966613,0,0.0000000,0.0000000,0,4.6950735826530413313316974176,64.024664541250375640875839416,64.37159069153499497722684914,331734900
4.20,0,0.1510580169382598380683277592,0.15105801693826,0.13608543260228,0.15105801693826,0.13608543260228,0,0.0000000,0.0000000,0,4.6957969216133323313316974186,63.98565389309211883465727936,64.334481512227797588930043808,332526600
4.21,0,0.1508303580714255061729057598,0.150830358071426,0.135904890860259,0.150830358071426,0.135904890860259,0,0.0000000,0.0000000,0,4.6965349231803013313316974178,63.946954281969484595598436717,64.29766610496743561171492235,333318400
4.22,0,0.1506035568146198665842732502,0.15060355681462,0.135725206728267,0.15060355681462,0.135725206728267,0,0.0000000,0.0000000,0,4.6972865077492153313316974185,63.908590339848034964566098806,64.261167939277226577874600611,334110100
4.23,0,0.1503776101614456561627970409,0.150377610161446,0.135546377199907,0.150377610161446,0.135546377199907,0,0.0000000,0.0000000,0,4.6980528260143853313316974187,63.870635399345505604610319243,64.225056580532634870996576021,334901800
4.24,0,0.1501525154046706758077868692,0.150152515404671,0.135368399567945,0.150152515404671,0.135368399567945,0,0.0000000,0.0000000,0,4.6988338412053853313316974187,63.832986039308950873788529403,64.189233783196645059475716971,335693500
4.25,0,0.1499282601289593097798562455,0.149928260128959,0.135191261417048,0.149928260128959,0.135191261417048,0,0.000000,0.000000,0,4.6996282005423593313316974186,63.795681294003339287920233256,64.153736721450982560544612409,336485300
4.26,0,0.1497048504777713570354150037,0.149704850477771,0.135014968890674,0.149704850477771,0.135014968890674,0,0.0000000,0.0000000,0,4.7004373984206293313316974186,63.758727318879665495374551407,64.11857112235982121451019261,337277000
4.27,0,0.1494822637574276152882614014,0.149482263757428,0.134839499295144,0.149482263757428,0.134839499295144,0,0.0000000,0.0000000,0,4.7012602115665813313316974176,63.722114123051342166941119201,64.083727582248071061083339373,338068700
4.28,0,0.1492605275779475972796440759,0.149260527577948,0.134664880240477,0.149260527577948,0.134664880240477,0,0.000000,0.000000,0,4.7020968979584533313316974179,63.685852440536471983626495626,64.049216272468524830973461764,338860500
4.29,0,0.1490396089689401213296032323,0.14903960896894,0.134491078756284,0.14903960896894,0.134491078756284,0,0.0000000,0.0000000,0,4.7029470771234103313316974176,63.64992311110285697794126881,64.015019015828449421581973974,339652200
4.30,0,0.1488195149661211849966711911,0.148819514966121,0.134318101878278,0.148819514966121,0.134318101878278,0,0.000000,0.000000,0,4.7038119080709863313316974177,63.614356977873603352115989907,63.981165017104318148668501107,340443900
4.31,0,0.1486002320490796544900321895,0.14860023204908,0.13414593608605,0.14860023204908,0.13414593608605,0,0.0000000,0.0000000,0,4.7046897007877883313316974177,63.57911434839511188127771257,63.947616696530131847552266733,341235600
4.32,0,0.1483817689795888140387284527,0.148381768979589,0.133974590141373,0.148381768979589,0.133974590141373,0,0.0000000,0.0000000,0,4.7055808365164783313316974183,63.544216838945825121707530051,63.914394555380359484250715382,342027400
4.33,0,0.1481641213967871512285860115,0.148164121396787,0.133804059683385,0.148164121396787,0.133804059683385,0,0.0000000,0.0000000,0,4.7064869622143753313316974189,63.509672995005588481763074172,63.881506578267157756961306686,342819100
4.34,0,0.1479472777706158098358101590,0.147947277770616,0.133634333182028,0.147947277770616,0.133634333182028,0,0.0000000,0.0000000,0,4.7074054802129513313316974175,63.475410871031751280265960623,63.848884617639502432632872885,343610900
4.35,0,0.1477312343500610133337934237,0.147731234350061,0.133465406886287,0.147731234350061,0.133465406886287,0,0.0000000,0.0000000,0,4.7083368047136763313316974183,63.441526554911752903698796438,63.816619922275899533652055121,344402600
4.36,0,0.1475159879227905509054551518,0.147515987922791,0.13329727758383,0.147515987922791,0.13329727758383,0,0.0000000,0.0000000,0,4.7092819981852713313316974182,63.407928676654130098755351732,63.784625601812749265281493807,345194300
4.37,0,0.1473015372545339168685080507,0.147301537254534,0.133129944040387,0.147301537254534,0.133129944040387,0,0.000000,0.000000,0,4.710240637734777331331697418,63.374728550023469748207934834,63.753007438410926661039324168,345986000
4.38,0,0.1470878680426407433928073517,0.147087868042641,0.132963391953307,0.147087868042641,0.132963391953307,0,0.0000000,0.0000000,0,4.7112124535943413313316974186,63.341809100498791296012710404,63.72165422660091125895220067,346777800
4.39,0,0.1468749882207955647718796544,0.146874988220796,0.132803877962,0.146874988220796,0.132803877962,0,0.0000000,0.0000000,0,4.7121974513942293313316974177,63.309273796585364777169491964,63.690664264035297036163460531,347569500
4.40,0,0.1466628946420459936109689212,0.146662894642046,0.132659468840707,0.146662894642046,0.132659468840707,0,0.0000000,0.0000000,0,4.7131955932132493313316974189,63.277028447169092172798779846,63.659948065515243225667226143,348361200
4.41,0,0.1464515654899006029828022187,0.146451565489901,0.132515410753708,0.146451565489901,0.132515410753708,0,0.0000000,0.0000000,0,4.7142061701286853313316974183,63.245109999604399976138136079,63.629540789416822269113810412,349153000
4.42,0,0.1462410168011920853060889793,0.146241016801192,0.132371722933537,0.146241016801192,0.132371722933537,0,0.0000000,0.0000000,0,4.715229680987615331331697418,63.213563788652883174788113785,63.599485466815503141129090701,349944700
4.43,0,0.1460312359939798009143436186,0.14603123599398,0.132228395964261,0.14603123599398,0.132228395964261,0,0.0000000,0.0000000,0,4.7162660240415143313316974183,63.18229897755670577089666243,63.569695802523593809520530518,350736400
4.44,0,0.1458222207274740259085419047,0.145822220727474,0.132085430641714,0.145822220727474,0.132085430641714,0,0.0000000,0.0000000,0,4.7173149824184853313316974186,63.151358449708052084824799772,63.540212556968554117111978473,351528200
4.45,0,0.1456139581316372105633439045,0.145613958131637,0.131942817203418,0.145613958131637,0.131942817203418,0,0.0000000,0.0000000,0,4.7183776410041993313316974182,63.12077038162405667118628122,63.511062411924167633877570233,352319900
4.46,0,0.1454064654062643803711093741,0.145406465406264,0.131800575927972,0.145406465406264,0.131800575927972,0,0.0000000,0.0000000,0,4.7194510862061673313316974176,63.090474082942817326126538162,63.482187945492896767147479907,353111600
4.47,0,0.1451997199290264017484521909,0.145199719929026,0.131658687243397,0.145199719929026,0.131658687243397,0,0.0000000,0.0000000,0,4.7205384392744273313316974178,63.060523797998356717668168433,63.45364043925045286491628689,353903300
4.48,0,0.1449937191424802601842490770,0.14499371914248,0.131517151614456,0.14499371914248,0.131517151614456,0,0.0000000,0.0000000,0,4.7216371744000643313316974182,63.030881928125911704787173077,63.425384380175360729445333558,354695100
4.49,0,0.1447884599798998127645421059,0.1447884599799,0.131375968968776,0.1447884599799,0.131375968968776,0,0.0000000,0.0000000,0,4.7227500914707263313316974189,63.001591715001171928932902696,63.397460622505152670345263117,355486800
4.50,0,0.1445839393175831434182333123,0.144583939317583,0.131235139149456,0.144583939317583,0.131235139149456,0,0.0000000,0.0000000,0,4.7238734843393303313316974189,62.972593752072553963317241522,63.369813031998572866826547777,356278500
4.51,0,0.1443801551357140322666427203,0.144380155135714,0.13109466307622,0.144380155135714,0.13109466307622,0,0.0000000,0.0000000,0,4.7250098984196933313316974185,62.94392581407702251058380522,63.342477289905755300222367844,357070300
4.52,0,0.1441771043941993557217727012,0.144177104394199,0.130954540621538,0.144177104394199,0.130954540621538,0,0.0000000,0.0000000,0,4.726158007192678331331697418,62.915520676773046048843127574,63.315389633431709693986477432,357862000
4.53,0,0.1439747844949244575497375524,0.143974784494924,0.130814772073175,0.143974784494924,0.130814772073175,0,0.0000000,0.0000000,0,4.7273187403270303313316974179,62.8874966538337817218456723,63.288662408875709539189019947,358653700
4.54,0,0.1437731930020308862819742352,0.143773193002031,0.130675357854741,0.143773193002031,0.130675357854741,0,0.0000000,0.0000000,0,4.7284913349223233313316974186,62.859780038781626701127265273,63.262225647589652176335604949,359445400
4.55,0,0.1435723270324599367177016368,0.14357232703246,0.130536297916521,0.14357232703246,0.130536297916521,0,0.0000000,0.0000000,0,4.7296757745738573313316974182,62.832340753310556503911043731,63.236050772134655183187757286,360237200
4.56,0,0.1433721635815826451363685454,0.143372163581583,0.130397572061376,0.143372163581583,0.130397572061376,0,0.000000,0.000000,0,4.7308719812531733313316974181,62.805250121420884270354824505,63.210205567589625125709253872,361028900
4.57,0,0.1431727101574991010554193358,0.143172710157499,0.130259190579316,0.143172710157499,0.130259190579316,0,0.0000000,0.0000000,0,4.7320811280432283313316974179,62.778489679667453780212632823,63.184672393071062370916975155,361820700
4.58,0,0.1429739744762581460204698233,0.142973974476258,0.130121163942986,0.142973974476258,0.130121163942986,0,0.0000000,0.0000000,0,4.7333008176463543313316974179,62.751982865678013445607900049,63.159378702700987523271930994,362612400
4.59,0,0.1427759435597265097336592854,0.142775943559727,0.129983481905805,0.142775943559727,0.129983481905805,0,0.0000000,0.0000000,0,4.7345324896188533313316974188,62.725836200142033894193664888,63.134425601447552278682982504,363404100
4.60,0,0.1425786251325013237090109576,0.142578625132501,0.129846154899139,0.142578625132501,0.129846154899139,0,0.0000000,0.0000000,0,4.7357767611016173313316974176,62.699966701024534303554381678,63.109734183384992502806700956,364195800
4.61,0,0.1423819859408398507821737810,0.14238198594084,0.12970915235149,0.14238198594084,0.12970915235149,0,0.0000000,0.0000000,0,4.737030865556894331331697418,62.674381064154445271147984795,63.085311054513719498820286406,364987600
4.62,0,0.1421860435254656369723113348,0.142186043525466,0.129572494461558,0.142186043525466,0.129572494461558,0,0.0000000,0.0000000,0,4.7382969941855073313316974179,62.649160695571709790444012859,63.061233392593859392401390406,365779300
4.63,0,0.1419907951403824348678316162,0.141990795140382,0.129436181117312,0.141990795140382,0.129436181117312,0,0.0000000,0.0000000,0,4.7395756870731263313316974184,62.624216327059533353253718284,63.037416321602110135052677833,366571000
4.64,0,0.1417962388207409121102858940,0.141796238820741,0.129300212964104,0.141796238820741,0.129300212964104,0,0.0000000,0.0000000,0,4.7408643037288823313316974185,62.599557472315931137700342063,63.013869117278712610472923469,367362800
4.65,0,0.1416023513479003060297105699,0.1416023513479,0.12916456936998,0.1416023513479,0.12916456936998,0,0.0000000,0.0000000,0,4.7421657912168793313316974175,62.57522279129302744785676097,62.990628268801611168410196677,368154500
4.66,0,0.1414091599955121751172394530,0.141409159995512,0.129029280172006,0.141409159995512,0.129029280172006,0,0.0000000,0.0000000,0,4.7434770766643703313316974182,62.551173451344171480518360093,62.967657145516095973364904649,368946200
4.67,0,0.1412166326302589897111650245,0.141216632630259,0.128894315777255,0.141216632630259,0.128894315777255,0,0.0000000,0.0000000,0,4.7448001874899113313316974182,62.527482815077639718128743193,62.945025299490650690331956066,369738000
4.68,0,0.1410247864251761003886223882,0.141024786425176,0.12875969587636,0.141024786425176,0.12875969587636,0,0.0000000,0.0000000,0,4.746133955976831331331697418,62.50404023484802854574798518,62.922627680387400909357191604,370529700
4.69,0,0.1408335990762751498898461216,0.140833599076275,0.12862540066038,0.140833599076275,0.12862540066038,0,0.0000000,0.0000000,0,4.7474797261323443313316974181,62.480912895759954725554003452,62.900528028994379518138385073,371321400
4.70,0,0.1406430775901881516758535440,0.140643077590188,0.128491439608676,0.140643077590188,0.128491439608676,0,0.000000,0.000000,0,4.7488360845017833313316974185,62.458077607996250539231476861,62.878704436697320403395170314,372113100
4.71,0,0.1404532092733412880871442317,0.140453209273341,0.128357802478315,0.140453209273341,0.128357802478315,0,0.0000000,0.0000000,0,4.750203601358768331331697418,62.435544733638601462423147697,62.857166708575766313210189084,372904900
4.72,0,0.1402640120252002254403935485,0.1402640120252,0.128224509597544,0.1402640120252,0.128224509597544,0,0.0000000,0.0000000,0,4.7515819172503123313316974189,62.413256848504844293937439678,62.835860303562080307033481872,373696600
4.73,0,0.1400754528720480308756640102,0.140075452872048,0.128091530399795,0.140075452872048,0.128091530399795,0,0.0000000,0.0000000,0,4.7529698543491083313316974184,62.391303267681859444985441054,62.814870224970444757666882562,374488300
4.74,0,0.1398875698935466630092199146,0.139887569893547,0.127958905350468,0.139887569893547,0.127958905350468,0,0.0000000,0.0000000,0,4.7543696618481143313316974188,62.369660252574498389063388388,62.794173718210734954686317914,375280000
4.75,0,0.1397003099579336704179180453,0.139700309957934,0.12782658368235,0.139700309957934,0.12782658368235,0,0.0000000,0.0000000,0,4.7557802701430033313316974179,62.348309159717689487071520242,62.773753165902380712156379133,376071800
4.76,0,0.1395137002413708526480523258,0.139513700241371,0.127694594915179,0.139513700241371,0.127694594915179,0,0.0000000,0.0000000,0,4.7572008707257253313316974177,62.327235146660838688421584509,62.753594540109889673324502119,376863500
4.77,0,0.1393277190042237908252147200,0.139327719004224,0.127562919632143,0.139327719004224,0.127562919632143,0,0.0000000,0.0000000,0,4.7586322775011433313316974185,62.30642024386955429729643015,62.733680694628426376958839264,377655200
4.78,0,0.1391423834337343883471557931,0.139142383433734,0.12743157732276,0.139142383433734,0.12743157732276,0,0.0000000,0.0000000,0,4.7600744545995673313316974184,62.285941182916848988019632986,62.714084577783953159823264026,378447000
4.79,0,0.1389576908887557006704483197,0.138957690888756,0.127300567627832,0.138957690888756,0.127300567627832,0,0.0000000,0.0000000,0,4.7615274069433853313316974187,62.265760099263379416096987706,62.694770206342070136442461425,379238700
4.80,0,0.1387736187346803856747488564,0.13877361873468,0.127169870174571,0.13877361873468,0.127169870174571,0,0.0000000,0.0000000,0,4.7629903119751733313316974181,62.245815457948544907801318471,62.67567916870018903548879164,380030500
4.81,0,0.1385901646366819120612809880,0.138590164636682,0.127039484870055,0.138590164636682,0.127039484870055,0,0.0000000,0.0000000,0,4.7644629799479083313316974186,62.226190783416357472232348199,62.656890887910699153493814372,380822200
4.82,0,0.1384073359732219411516306386,0.138407335973222,0.126909421314936,0.138407335973222,0.126909421314936,0,0.0000000,0.0000000,0,4.7659476373545683313316974183,62.206837355221431891461747456,62.638358858302034828225995684,381613900
4.83,0,0.1382251307157798883945886792,0.13822513071578,0.126779679683366,0.13822513071578,0.126779679683366,0,0.0000000,0.0000000,0,4.7674411672232963313316974186,62.187790069708944753904809758,62.620116544236314020742751597,382405600
4.84,0,0.1380435256693805520010182559,0.138043525669381,0.126650238963733,0.138043525669381,0.126650238963733,0,0.0000000,0.0000000,0,4.7689453756513543313316974179,62.168996860802229757469916478,62.602114295673402293145523856,383197400
4.85,0,0.1378625488185463712879678116,0.137862548818546,0.126521129304801,0.137862548818546,0.126521129304801,0,0.0000000,0.0000000,0,4.7704594412801633313316974182,62.15052136176216008828449389,62.584412689628120982918888894,383989100
4.86,0,0.1376821775678235688145740816,0.137682177567824,0.126392330256434,0.137682177567824,0.126392330256434,0,0.0000000,0.0000000,0,4.7719833289236503313316974181,62.132282270170127710087882427,62.566934447532460515743787402,384780800
4.87,0,0.1375024093282667259498143891,0.137502409328267,0.126263841356275,0.137502409328267,0.126263841356275,0,0.0000000,0.0000000,0,4.7735182594025953313316974183,62.114341371040335750569324969,62.549738205071639809189600825,385572500
4.88,0,0.1373232421039211719590185504,0.137323242103921,0.126135662716414,0.137323242103921,0.126135662716414,0,0.000000,0.000000,0,4.7750619237086583313316974183,62.096710258067558477053842233,62.532835205939160020300058952,386364300
4.89,0,0.1371446723010322464906928459,0.137144672301032,0.126007792832787,0.137144672301032,0.126007792832787,0,0.0000000,0.0000000,0,4.7766166527670953313316974176,62.079326228040859110390649113,62.516165634828248940539793073,387156000
4.90,0,0.1369666988010977720696514373,0.136966698801098,0.125880232658416,0.136966698801098,0.125880232658416,0,0.0000000,0.0000000,0,4.7781798513307213313316974183,62.062204253390738526592361728,62.499743972818152943368337397,387947700
4.91,0,0.1367893089012192690252946308,0.136789308901219,0.125752971543941,0.136789308901219,0.125752971543941,0,0.0000000,0.0000000,0,4.7797541248882513313316974185,62.045372865728813721528234257,62.483597118128786504552065145,388739500
4.92,0,0.1366125190325552847137812643,0.136612519032555,0.125626027956254,0.136612519032555,0.125626027956254,0,0.0000000,0.0000000,0,4.7813372427334063313316974183,62.028813096918535541273644019,62.467707251745957689008817154,389531200
4.93,0,0.1364362979542466330321537985,0.136436297954247,0.125499372672609,0.136436297954247,0.125499372672609,0,0.0000000,0.0000000,0,4.7829302755093623313316974181,62.012562211275478986842229622,62.452109717027914055337403529,390322900
4.94,0,0.1362606732516909561649646552,0.136260673251691,0.125373035279067,0.136260673251691,0.125373035279067,0,0.0000000,0.0000000,0,4.784532932896651331331697418,61.996553618769206464277174424,62.43674123820866566407972441,391114700
4.95,0,0.1360856221279147543714316743,0.136085622127915,0.125246994962049,0.136085622127915,0.125246994962049,0,0.0000000,0.0000000,0,4.7861455834469163313316974188,61.980825874169516952177315572,62.421638449957170297895450132,391906400
4.96,0,0.1359111418897496523242187267,0.13591114188975,0.125121250994683,0.13591114188975,0.125121250994683,0,0.0000000,0.0000000,0,4.7877671514659463313316974183,61.965350714756928893792508654,62.406774589234192928636373147,392698100
4.97,0,0.1357372401824264017066903814,0.135737240182426,0.124995812971568,0.135737240182426,0.124995812971568,0,0.0000000,0.0000000,0,4.7893987028742813313316974181,61.950160597932700496720134139,62.392180430799404556900638461,393489800
4.98,0,0.1355638953237382373364320251,0.135563895323738,0.124870661143112,0.135563895323738,0.124870661143112,0,0.0000000,0.0000000,0,4.7910400098435493313316974184,61.935207125576089353657260859,62.377809986647429140337088865,394281600
4.99,0,0.1353911339700198921032352197,0.13539113397002,0.124745824081673,0.13539113397002,0.124745824081673,0,0.000000,0.000000,0,4.7926892959050433313316974187,61.920536658806745600711706689,62.363707515600435832614296621,395073300
5.00,0,0.1352189246196290554144261732,0.135218924619629,0.124621272185209,0.135218924619629,0.124621272185209,0,0.0000000,0.0000000,0,4.7943492857225953313316974183,61.906159010282646956679371193,62.349882109197026509100512156,395865000
5.01,0,0.1350472644806197911519033515,0.13504726448062,0.124497004545115,0.13504726448062,0.124497004545115,0,0.0000000,0.0000000,0,4.7960182146266943313316974183,61.892047673870114644052785351,62.336308737950619148962926501,396656800
5.02,0,0.1348761710606718917932329908,0.134876171060672,0.124373040536314,0.134876171060672,0.124373040536314,0,0.000000,0.000000,0,4.7976958972656253313316974178,61.878187480875863538486136158,62.322973006235537736451459802,397448500
5.03,0,0.1347056320536569911445642456,0.134705632053657,0.124249369703984,0.134705632053657,0.124249369703984,0,0.0000000,0.0000000,0,4.7993826154545723313316974176,61.86458960198136604075265463,62.309885522172058434185633707,398240300
5.04,0,0.1345356357949962700095969329,0.134535635794996,0.124125982219074,0.134535635794996,0.124125982219074,0,0.0000000,0.0000000,0,4.8010790221695413313316974183,61.851231233848190236480589696,62.297024551401840551036753326,399032000
5.05,0,0.1343661887065247441099728640,0.134366188706525,0.124002886323322,0.134366188706525,0.124002886323322,0,0.0000000,0.0000000,0,4.8027843414953933313316974189,61.83817026711669640284049111,62.284445231022772943570018038,399823700
5.06,0,0.1341972892060397979607720259,0.13419728920604,0.123880082238964,0.13419728920604,0.123880082238964,0,0.0000000,0.0000000,0,4.8044987583329813313316974185,61.825371765379012368677945175,62.272114332655436849691928078,400615400
5.07,0,0.1340289250514122174774743427,0.134028925051412,0.123757559512994,0.134028925051412,0.123757559512994,0,0.0000000,0.0000000,0,4.8062226914116253313316974178,61.81284432667346789971986114,62.260040006782621042205668319,401407200
5.08,0,0.1338610932798819451199902792,0.133861093279882,0.123635316956611,0.133861093279882,0.123635316956611,0,0.000000,0.000000,0,4.8079549418211863313316974189,61.800527945172939708973744305,62.248165308972896419603757456,402198900
5.09,0,0.1336938021383229921773310621,0.133693802138323,0.123513364575637,0.133693802138323,0.123513364575637,0,0.0000000,0.0000000,0,4.8096956398981333313316974187,61.78850313903559775899709969,62.236566815909901900530353373,402990600
5.10,0,0.1335270387898509730117497786,0.133527038789851,0.12339169127727,0.133527038789851,0.12339169127727,0,0.0000000,0.0000000,0,4.8115108228311963313316974187,61.772075008102416075578415331,62.220773100245147479182756659,403782300
5.11,0,0.1333608014905871446866968125,0.133360801490587,0.123270297046993,0.133360801490587,0.123270297046993,0,0.0000000,0.0000000,0,4.8078133067642643313316974179,61.761329424700527851511683464,62.210898533104751819094908502,404574100
5.12,0,0.1331950978112894225624950237,0.133195097811289,0.123149191170356,0.133195097811289,0.123149191170356,0,0.0000000,0.0000000,0,4.8041204715946253313316974178,61.750454287265286515989755878,62.20090165965852929201341925,405365800
5.13,0,0.1330299053289634924550565816,0.133029905328964,0.123028352924722,0.133029905328964,0.123028352924722,0,0.0000000,0.0000000,0,4.8004323542570803313316974185,61.739527331298096176435241836,62.190856415506336051625402418,406157500
5.14,0,0.1328652318245679260226050982,0.132865231824568,0.12290779177712,0.132865231824568,0.12290779177712,0,0.0000000,0.0000000,0,4.7967480067015873313316974181,61.728454678219170391099087462,62.18067362225014304653423063,406949200
5.15,0,0.1327010743057763879092230432,0.132701074305776,0.122787506407145,0.132701074305776,0.122787506407145,0,0.0000000,0.0000000,0,4.7930686549322293313316974177,61.717299311915805205728493331,62.170413072358979548586902699,407741000
5.16,0,0.1325374317306785770929861768,0.132537431730679,0.122667497430799,0.132537431730679,0.122667497430799,0,0.0000000,0.0000000,0,4.789394214656759331331697418,61.706095724873495077014963342,62.160107580217244340523966636,408532700
5.17,0,0.1323742912214828584304361358,0.132374291221483,0.122547753614326,0.132374291221483,0.122547753614326,0,0.000000,0.000000,0,4.7857249453783893313316974181,61.694769987848373294806937225,62.149686831841228699833851856,409324400
5.18,0,0.1322116700975698133967780672,0.13221167009757,0.122428293907407,0.13221167009757,0.122428293907407,0,0.000000,0.000000,0,4.7820598094570483313316974179,61.683350456921561706418420696,62.139177899800890780492556911,410116200
5.19,0,0.1320495370329719063232310919,0.132049537032972,0.122309088600769,0.132049537032972,0.122309088600769,0,0.0000000,0.0000000,0,4.7783990669249283313316974183,61.671869300637036662736328524,62.128611354161714962560902194,410907900
5.20,0,0.1318879085048702068940512182,0.13188790850487,0.122190155774817,0.13188790850487,0.122190155774817,0,0.0000000,0.0000000,0,4.7747435346474223313316974186,61.660277709516901360142332875,62.117940719359884157092704537,411699600
5.21,0,0.1317267935759921057759450054,0.131726793575992,0.122071506082163,0.131726793575992,0.122071506082163,0,0.0000000,0.0000000,0,4.7710934738436403313316974183,61.648606271213970879844338376,62.107195060885052682926582785,412491400
5.22,0,0.1315661594145774368998319852,0.131566159414577,0.121953108267717,0.131566159414577,0.121953108267717,0,0.0000000,0.0000000,0,4.7674478775354473313316974189,61.636846647419164623777518297,62.09636655695009214677687687,413283100
5.23,0,0.1314060133704824973011527909,0.131406013370482,0.121834971244927,0.131406013370482,0.121834971244927,0,0.000000,0.000000,0,4.7638069171912163313316974184,61.625001741198044920805081805,62.085457960286672111254511964,414074800
5.24,0,0.1312463640528489004675203990,0.131246364052849,0.121717105173567,0.131246364052849,0.121717105173567,0,0.000000,0.000000,0,4.7601714411760213313316974179,61.613118918874102732242240447,62.074514222629613811567744728,414866500
5.25,0,0.1310871985259170313538895492,0.131087198525917,0.121599498655681,0.131087198525917,0.121599498655681,0,0.0000000,0.0000000,0,4.7565398499777673313316974181,61.601110443942776189447845613,62.063452106583915816602762412,415658300
5.26,0,0.1309285049556310300221606906,0.130928504955631,0.121482141382308,0.130928504955631,0.121482141382308,0,0.000000,0.000000,0,4.7529138982879253313316974188,61.589018603270323799768609024,62.052311648706983589936658952,416450000
5.27,0,0.1307703113783100901636925145,0.13077031137831,0.12136506290228,0.13077031137831,0.12136506290228,0,0.000000,0.000000,0,4.7492940408165083313316974178,61.576870430208576842822924084,62.041118506578913730589050839,417241800
5.28,0,0.1306125848018675084146729423,0.130612584801868,0.121248231723561,0.130612584801868,0.121248231723561,0,0.0000000,0.0000000,0,4.7456780194472163313316974184,61.564623113160836214606901608,62.02983221746254963211090411,418033500
5.29,0,0.1304553235649347853263933962,0.130455323564935,0.121131647672487,0.130455323564935,0.121131647672487,0,0.0000000,0.0000000,0,4.7420668901175073313316974179,61.552298861106124411281622938,62.018473795836606188025749021,418825200
5.30,0,0.1302985352767621867167828792,0.130298535276762,0.121015319833792,0.130298535276762,0.121015319833792,0,0.0000000,0.0000000,0,4.7384618985972063313316974185,61.53990782710866360179644194,62.007052775727155212578777054,419617000
5.31,0,0.1301422276284005181669476991,0.130142227628401,0.120899257361903,0.130142227628401,0.120899257361903,0,0.0000000,0.0000000,0,4.7348610395080883313316974187,61.527434338029524254556125914,61.995554466978690344941509105,420408700
5.32,0,0.1299863793339737009636614281,0.129986379333974,0.120783440422329,0.129986379333974,0.120783440422329,0,0.0000000,0.0000000,0,4.7312654609775323313316974183,61.514882626306434116949171204,61.983982786927394335106837513,421200400
5.33,0,0.1298309967129914623672862179,0.129830996712991,0.120667876774088,0.129830996712991,0.120667876774088,0,0.0000000,0.0000000,0,4.7276760037383153313316974184,61.502277275676899347304304031,61.972361019861538714380665485,421992100
5.34,0,0.1296760687832280412623100547,0.129676068783228,0.120552556862703,0.129676068783228,0.120552556862703,0,0.0000000,0.0000000,0,4.7240910085169103313316974183,61.489549283040213893657598581,61.960623769597106989806428734,422783900
5.35,0,0.1295216032551294858515529483,0.129521603255129,0.120437489814717,0.129521603255129,0.120437489814717,0,0.0000000,0.0000000,0,4.7205113721242653313316974178,61.4767885166928547844383478,61.948856348326859499550639112,423575600
5.36,0,0.1293675974886504579248312705,0.12936759748865,0.120322674394643,0.12936759748865,0.120322674394643,0,0.0000000,0.0000000,0,4.7169373809827153313316974178,61.463960044490607005796783551,61.937025540401997162401089778,424367300
5.37,0,0.1292140292101268297729203809,0.129214029210127,0.120208089721947,0.129214029210127,0.120208089721947,0,0.0000000,0.0000000,0,4.7133676287873843313316974189,61.451050822617718531182313857,61.925119100910114009934332073,425159000
5.38,0,0.1290609070918370476456365659,0.129060907091837,0.120093745850718,0.129060907091837,0.120093745850718,0,0.0000000,0.0000000,0,4.7098036505463573313316974189,61.43803405335069030460206777,61.913111425121139336147988587,425950800
5.39,0,0.1289082482221158467000213382,0.128908248222116,0.119979661239887,0.128908248222116,0.119979661239887,0,0.0000000,0.0000000,0,4.7062453840327833313316974185,61.425000680080483680358800384,61.901088926089810502762921128,426742500
5.40,0,0.1287560309888831227909052007,0.128756030988883,0.119865815636867,0.128756030988883,0.119865815636867,0,0.0000000,0.0000000,0,4.7026927181692373313316974179,61.411900728122135579007342815,61.889004141428113518908407145,427534200
5.41,0,0.1286042427880156860246041363,0.128604242788016,0.119752197786024,0.128604242788016,0.119752197786024,0,0.0000000,0.0000000,0,4.6991449343506043313316974183,61.398730684569389414685060163,61.876853813366770377628649865,428326000
5.42,0,0.1284528916680206962720869788,0.128452891668021,0.119638817073461,0.128452891668021,0.119638817073461,0,0.0000000,0.0000000,0,4.6956027185319723313316974185,61.385455869470975090303853114,61.864604937047470434687657091,429117700
5.43,0,0.1283019957368189847568935767,0.128301995736819,0.119525692933899,0.128301995736819,0.119525692933899,0,0.0000000,0.0000000,0,4.6920655579891123313316974177,61.372147874912914266930195248,61.852325576980398537275877673,429909400
5.44,0,0.1281515130503921230819527236,0.128151513050392,0.119412784739429,0.128151513050392,0.119412784739429,0,0.0000000,0.0000000,0,4.6885344327843673313316974187,61.358751734732033851447111631,61.839963427929066265755664638,430701200
5.45,0,0.1280014606886044636510884695,0.128001460688604,0.119300110875432,0.128001460688604,0.119300110875432,0,0.0000000,0.0000000,0,4.6850081676108893313316974188,61.345321629518318076349352188,61.827570078218826871913289164,431492900
5.46,0,0.1278518571194674357279473661,0.127851857119467,0.119187691104949,0.127851857119467,0.119187691104949,0,0.0000000,0.0000000,0,4.6814870991308833313316974183,61.331788014661366819507692597,61.815079447187906602802771251,432284600
5.47,0,0.1277026500743640462388648733,0.127702650074364,0.119075474443996,0.127702650074364,0.119075474443996,0,0.0000000,0.0000000,0,4.6779721048568593313316974178,61.318234583093988856729958005,61.802570937485208174778421793,433076300
5.48,0,0.1275538779763432807017854395,0.127553877976343,0.118963500589963,0.127553877976343,0.118963500589963,0,0.0000000,0.0000000,0,4.6744623175665303313316974186,61.30457638804504639180773764,61.789963968985964339200024658,433868100
5.49,0,0.1274055279841908018414817856,0.127405527984191,0.118851757965777,0.127405527984191,0.118851757965777,0,0.0000000,0.0000000,0,4.6709585600717793313316974177,61.290910185088026768035318153,61.777350347853149474763629873,434659800
5.50,0,0.1272575881917809057698279161,0.127257588191781,0.118740235919352,0.127257588191781,0.118740235919352,0,0.0000000,0.0000000,0,4.6674592571723713313316974181,61.277128309273849453862569578,61.76462800071640346827114507,435451600
5.51,0,0.1271100570351621739870157514,0.127110057035162,0.118628934130767,0.127110057035162,0.118628934130767,0,0.0000000,0.0000000,0,4.6639661939574763313316974186,61.26333725574890765883119606,61.751897875200799764609846564,436243300
5.52,0,0.1269629419869990844509438839,0.126962941986999,0.118517861306804,0.126962941986999,0.118517861306804,0,0.0000000,0.0000000,0,4.6604785357784193313316974176,61.249442986565094452387427282,61.739070768090626625229619861,437035000
5.53,0,0.1268162411578793995398465106,0.126816241157879,0.118407016782345,0.126816241157879,0.118407016782345,0,0.0000000,0.0000000,0,4.6569972581151963313316974187,61.235547913438468242882204543,61.726243823773742649825499101,437826800
5.54,0,0.1266699424102636664116228186,0.126669942410264,0.118296389634414,0.126669942410264,0.118296389634414,0,0.0000000,0.0000000,0,4.6535204384973473313316974176,61.221540355789634043428548321,61.713311210008509458206300517,438618500
5.55,0,0.1265240535304654251755192506,0.126524053530465,0.118185988854251,0.126524053530465,0.118185988854251,0,0.0000000,0.0000000,0,4.6500492989499553313316974183,61.207481463549064788700066746,61.700330864894964079041669679,439410200
5.56,0,0.1263785529388655042426972046,0.126378552938865,0.118075794057608,0.126378552938865,0.118075794057608,0,0.0000000,0.0000000,0,4.646584651698101331331697418,61.193378032057653556211889943,61.687309157418409533814771679,440201900
5.57,0,0.1262334578883397236152072852,0.12623345788834,0.117965823683276,0.12623345788834,0.117965823683276,0,0.0000000,0.0000000,0,4.6431244721104783313316974183,61.179241780238523884160332326,61.674257431004489455031062396,440993700
5.58,0,0.1260887571381171066032605032,0.126088757138117,0.11785606766702,0.126088757138117,0.11785606766702,0,0.0000000,0.0000000,0,4.6396700906162093313316974181,61.165015099443076589344911174,61.661120859700512209888732164,441785400
5.59,0,0.1259444479148637114914381892,0.125944447914864,0.11774652440276,0.125944447914864,0.11774652440276,0,0.0000000,0.0000000,0,4.6362224116722373313316974179,61.150759679525994598409959702,61.647957913618522870929600032,442577100
5.60,0,0.1258005292795109373520199110,0.125800529279511,0.117637194109478,0.125800529279511,0.117637194109478,0,0.0000000,0.0000000,0,4.6327794697860253313316974187,61.136425115313986114240880413,61.634720959799529547098423351,443368800
5.61,0,0.1256569978544491518752512860,0.125656997854449,0.117528074558497,0.125656997854449,0.117528074558497,0,0.0000000,0.0000000,0,4.6293423088933803313316974181,61.122046531186259951215712333,61.621443232670341178511781779,444160600
5.62,0,0.1255138524492211679757309253,0.125513852449221,0.117419165699263,0.125513852449221,0.117419165699263,0,0.0000000,0.0000000,0,4.6259110629158723313316974186,61.107659602084522626460874369,61.608158581034650462277837045,444952300
5.63,0,0.1253710909034151967399702337,0.125371090903415,0.117310466502319,0.125371090903415,0.117310466502319,0,0.0000000,0.0000000,0,4.6224844927443843313316974189,61.093169125650669016174584797,61.594776782390314878948177829,445744000
5.64,0,0.1252287210942237350284849812,0.125228721094224,0.117201985966944,0.125228721094224,0.117201985966944,0,0.0000000,0.0000000,0,4.6190650121781593313316974188,61.078651840867341458903007353,61.581370414446242435371088892,446535700
5.65,0,0.1250867112237481355256486114,0.125086711223748,0.117093693408542,0.125086711223748,0.117093693408542,0,0.0000000,0.0000000,0,4.6156505963948113313316974183,61.064078902425424820300434704,61.567912323376170168820599185,447327500
5.66,0,0.1249450791259625875506662051,0.124945079125963,0.116985607765685,0.124945079125963,0.116985607765685,0,0.0000000,0.0000000,0,4.612241980798056331331697418,61.049458362192457418335343247,61.554410074785087893859749992,448119200
5.67,0,0.1248038227455034971648968054,0.124803822745504,0.116877728078983,0.124803822745504,0.116877728078983,0,0.0000000,0.0000000,0,4.6088386110762573313316974176,61.034784275752747187482117003,61.540858092051551466152442724,448910900
5.68,0,0.1246629405409116140383549782,0.124662940540912,0.116770053894406,0.124662940540912,0.116770053894406,0,0.0000000,0.0000000,0,4.6054411320373583313316974187,61.020060093137850547990123548,61.527259582530235522681318986,449702700
5.69,0,0.1245224304375483747659155294,0.124522430437548,0.116662584216274,0.124522430437548,0.116662584216274,0,0.0000000,0.0000000,0,4.6020490172599623313316974187,61.005283671204649786554584243,61.513612574393077807486017708,450494400
5.70,0,0.1243822797132139495886384820,0.124382279713214,0.11655530739296,0.124382279713214,0.11655530739296,0,0.0000000,0.0000000,0,4.5986638509446633313316974189,60.990480868240650108977920761,61.499941431561872740029925383,451286100
5.71,0,0.1242424774972809665971481191,0.124242477497281,0.116448213616092,0.124242477497281,0.116448213616092,0,0.0000000,0.0000000,0,4.5952830237496993313316974189,60.975615554643540186102748957,61.486212164332285479644719295,452077900
5.72,0,0.1241030611008296783077813782,0.12410306110083,0.116341341250771,0.12410306110083,0.116341341250771,0,0.0000000,0.0000000,0,4.5919084776504673313316974186,60.960718202489953237638677682,61.472453473258246510769330221,452869600
5.73,0,0.1239639884483221851559075252,0.123963988448322,0.116234649267314,0.123963988448322,0.116234649267314,0,0.000000,0.000000,0,4.5885401791688823313316974185,60.945779371791594724513716411,61.458656407302447982299902719,453661300
5.74,0,0.1238252783491071320210152637,0.123825278349107,0.116128157512838,0.123825278349107,0.116128157512838,0,0.0000000,0.0000000,0,4.5893640330748297710496285322,60.930785326809287018142862771,61.453476592664160309103370008,454453100
5.75,0,0.1236869178582007325641527219,0.123686917858201,0.116021854072111,0.123686917858201,0.116021854072111,0,0.0000000,0.0000000,0,4.5932749292822889005363685475,60.915714305874347574214150602,61.45461943213198817957212083,455244800
5.76,0,0.1235489063955652566976579043,0.123548906395565,0.115915739386905,0.123548906395565,0.115915739386905,0,0.0000000,0.0000000,0,4.5971921591848610300231085635,60.900644649630869639999178519,61.455782866114555256635411036,456036500
5.77,0,0.1234112504110922083596573111,0.123411250411092,0.11580982092105,0.123411250411092,0.11580982092105,0,0.0000000,0.0000000,0,4.6011148922012101595098485791,60.885528750732493291833420336,61.456921971534851358795121694,456828300
5.78,0,0.1232739293477078003397967844,0.123273929347708,0.115704079123612,0.123273929347708,0.115704079123612,0,0.0000000,0.0000000,0,4.6050430626758857213922863146,60.870363107025344998833504613,61.458033563560359345650570987,457620000
5.79,0,0.1231369605601618439876803663,0.123136960560162,0.11559853234775,0.123136960560162,0.11559853234775,0,0.0000000,0.0000000,0,4.608977813714034850879026329,60.855173358273633070075748343,61.45914171852258329560495722,458411700
5.80,0,0.1230003323018514060555410396,0.123000332301851,0.115493169837612,0.123000332301851,0.115493169837612,0,0.000000,0.000000,0,4.6129180016332049803657663445,60.839903590341442234398699746,61.460194099071950815650185002,459203500
5.81,0,0.1228640328311937186348558295,0.122864032831194,0.115387980834773,0.122864032831194,0.115387980834773,0,0.0000000,0.0000000,0,4.6168636689373471098525063601,60.824621113250991844667683635,61.461254034020417005571238676,459995200
5.82,0,0.1227280801257461835831931794,0.122728080125746,0.115282984292429,0.122728080125746,0.115282984292429,0,0.0000000,0.0000000,0,4.6208149948505922393392463765,60.809303741972547732726324342,61.46230069199702402756175074,460786900
5.83,0,0.1225924618515900707614717890,0.12259246185159,0.115178168844843,0.12259246185159,0.115178168844843,0,0.0000000,0.0000000,0,4.6247721017526863688259863911,60.793948194526073332604825802,61.463331038745175337675162674,461578600
5.84,0,0.1224571668822942210342815216,0.122457166882294,0.115073524326379,0.122457166882294,0.115073524326379,0,0.0000000,0.0000000,0,4.6287358198378445250826104468,60.778527852772072205100743312,61.464320190776845932329675323,462370400
5.85,0,0.1223222123116038813557288661,0.122322212311604,0.114969068784254,0.122322212311604,0.114969068784254,0,0.0000000,0.0000000,0,4.6327041116618500869650481813,60.763086516729633156723402451,61.465309410782327798953986822,463162100
5.86,0,0.1221875776052207614094620786,0.122187577605221,0.114864782630387,0.122187577605221,0.114864782630387,0,0.0000000,0.0000000,0,4.6366792706303732164517881979,60.747590940522157638561152654,61.466267436128710416642179618,463953800
5.87,0,0.1220532798730535836091630310,0.122053279873054,0.114760683913711,0.122053279873054,0.114760683913711,0,0.0000000,0.0000000,0,4.6406591239547689135428304931,60.732072683511921783074182247,61.467224021613522270257387159,464745500
5.88,0,0.1219192974081413982865152422,0.121919297408141,0.114656751859163,0.121919297408141,0.114656751859163,0,0.0000000,0.0000000,0,4.6446458302612264754252682289,60.716543960201826517871182651,61.46819013687921173121051141,465537300
5.89,0,0.1217856185083904300583992240,0.12178561850839,0.114552975689484,0.12178561850839,0.114552975689484,0,0.0000000,0.0000000,0,4.6486372715092206049120082436,60.700920805541617498160948216,61.469088386838006859773841737,466329000
5.90,0,0.1216522711833109771364478729,0.121652271183311,0.114449384332016,0.121652271183311,0.114449384332016,0,0.0000000,0.0000000,0,4.6526357104283833020030505401,60.68532478123426875523005048,61.470030979168431319935625954,467120800
5.91,0,0.1215192437404865911823617343,0.121519243740487,0.114345967005239,0.121519243740487,0.114345967005239,0,0.0000000,0.0000000,0,4.6566389393054568638854882753,60.669640571837690460464915601,61.470911723262284097643964449,467912400
5.92,0,0.1213865339058225138968728605,0.121386533905823,0.114242722339075,0.121386533905823,0.114242722339075,0,0.000000,0.000000,0,4.66064906176540599337222829,60.653980803195031551825815908,61.471834220178222841864135374,468704200
5.93,0,0.1212541205790035190882378402,0.121254120579004,0.11413963013041,0.121254120579004,0.11413963013041,0,0.0000000,0.0000000,0,4.6646641849751471228589683064,60.638226487392519528846879338,61.472689220273957169301374267,469495900
5.94,0,0.1211220212092304592931400295,0.12112202120923,0.114036708718891,0.12112202120923,0.114036708718891,0,0.0000000,0.0000000,0,4.6686851665231108199500106015,60.622489065013784018380268436,61.473579139368907933457743515,470287700
5.95,0,0.1209902341202315675850679663,0.120990234120232,0.113933957311997,0.120990234120232,0.113933957311997,0,0.000000,0.000000,0,4.6727112842987893818324483365,60.606665949657673440282086322,61.474409946480544432461329138,471079400
5.96,0,0.1208587479297179603592754998,0.120858747929718,0.113831365404552,0.120858747929718,0.113831365404552,0,0.0000000,0.0000000,0,4.6767443310677815113191883516,60.590866044987575732177887284,61.475281181509375341336491456,471871100
5.97,0,0.1207275601070864325016269106,0.120727560107086,0.113728931336488,0.120727560107086,0.113728931336488,0,0.0000000,0.0000000,0,4.6807824879169056675758124069,60.574988058938517851972816999,61.476100476412770893976422911,472662800
5.98,0,0.1205966789872065270157359343,0.120596678987207,0.11362666430669,0.120596678987207,0.11362666430669,0,0.0000000,0.0000000,0,4.6848265456910607970625524233,60.559124633347596028459907136,61.476952373521943770402928229,473454600
5.99,0,0.1204660931989363551319879110,0.120466093198936,0.113524553801567,0.120466093198936,0.113524553801567,0,0.0000000,0.0000000,0,4.688876935552760926549292439,60.543192040634674316991407835,61.477760403318077271555154633,474246300
6.00,0,0.1203358005248492595743830418,0.120335800524849,0.113422598454839,0.120335800524849,0.113422598454839,0,0.0000000,0.0000000,0,4.6929323566729610560360324539,60.527223174224088887423743855,61.478554907727541598947179416,475038000
6.01,0,0.1202082517021097641621447700,0.12020825170211,0.113323249848467,0.12020825170211,0.113323249848467,0,0.0000000,0.0000000,0,4.6969939292832461855227724697,60.511262177347400709771226353,61.479375759403773500510507278,475829800
6.02,0,0.1200838248644542873813312064,0.120083824864454,0.113226886954689,0.120083824864454,0.113226886954689,0,0.0000000,0.0000000,0,4.7010606705802717474052102054,60.495230501054314584858691238,61.480151867373598995560404544,476621500
6.03,0,0.1199597486576726912253228571,0.119959748657673,0.113130739251558,0.119959748657673,0.113130739251558,0,0.0000000,0.0000000,0,4.70513355557431187689195022,60.479176358607452928622413307,61.480926828130624972606387593,477413200
6.04,0,0.1198360314769975725787869274,0.119836031476998,0.113034815960386,0.119836031476998,0.113034815960386,0,0.0000000,0.0000000,0,4.7092127918424770063786902362,60.463141701516694270513529613,61.481738455022065596177380785,478205000
6.05,0,0.1197126528401233835612834445,0.119712652840123,0.112939097418815,0.119712652840123,0.112939097418815,0,0.000000,0.000000,0,4.7132972541772841358654302507,60.447033196391156836324284957,61.482502663565800165359653839,478996700
6.06,0,0.1195896311551956131394058044,0.119589631155196,0.112843602848861,0.119589631155196,0.112843602848861,0,0.0000000,0.0000000,0,4.7173868420786792653521702661,60.430880251497370707706148981,61.483246158022764014109091309,479788400
6.07,0,0.1194669456519536467347968832,0.119466945651954,0.112748312288111,0.119466945651954,0.112748312288111,0,0.0000000,0.0000000,0,4.7214829424045033948389102821,60.414717123677595217319082996,61.483999491672469719664272538,480580200
6.08,0,0.1193446053378309917552313442,0.119344605337831,0.112653235545874,0.119344605337831,0.112653235545874,0,0.0000000,0.0000000,0,4.7255852561442555243256502981,60.398568679646994524733001656,61.484784964213623451332302796,481371900
6.09,0,0.1192226194478201733347512737,0.11922261944782,0.112558382653099,0.11922261944782,0.112558382653099,0,0.0000000,0.0000000,0,4.729693054678133086208088033,60.382357115242459867085886332,61.485532886318450730524738848,482163600
6.10,0,0.1191009664155519229970389526,0.119100966415552,0.112463732833502,0.119100966415552,0.112463732833502,0,0.0000000,0.0000000,0,4.7338059806264782424647120876,60.366107638415383200719256571,61.486266046969792295601967848,482955300
6.11,0,0.1189796457744801766087302574,0.11897964577448,0.112369286404809,0.11897964577448,0.112369286404809,0,0.0000000,0.0000000,0,4.7379254204206833719514521032,60.349846975607046222833359777,61.487008030828021142118281609,483747100
6.12,0,0.1188586659708093567335529487,0.118858665970809,0.112275052591726,0.118858665970809,0.112275052591726,0,0.0000000,0.0000000,0,4.7420501251603995014381921192,60.333556421801471941955462829,61.487742400279452724984028386,484538800
6.13,0,0.1187380262729928422658734261,0.118738026272993,0.112181031435491,0.118738026272993,0.112181031435491,0,0.0000000,0.0000000,0,4.7461805560825326309249321348,60.317233665127294555504003815,61.488467006965993424552230464,485330600
6.14,0,0.1186177356809624107848350169,0.118617735680962,0.112087232703155,0.118617735680962,0.112087232703155,0,0.0000000,0.0000000,0,4.7503171445320123280159744295,60.300893881405476634777109879,61.489195252477747887337090102,486122300
6.15,0,0.1184977631990281782389660152,0.118497763199028,0.111993626160526,0.118497763199028,0.111993626160526,0,0.0000000,0.0000000,0,4.7544593148325228898984121654,60.284571157305745516109090283,61.48995747362747379103761582,486914000
6.16,0,0.1183781281033448427268444396,0.118378128103345,0.111900231839687,0.118378128103345,0.111900231839687,0,0.0000000,0.0000000,0,4.7586069867845870193851521805,60.268175727178706728145154249,61.490674019556128869144955019,487705700
6.17,0,0.1182588288710652841817060728,0.118258828871065,0.111807048968195,0.118258828871065,0.111807048968195,0,0.0000000,0.0000000,0,4.7627603195330131488718921968,60.251761431735823397528878644,61.491392651858842828404847258,488497500
6.18,0,0.1181398547879030899089344991,0.118139854787903,0.111714067576694,0.118139854787903,0.111714067576694,0,0.0000000,0.0000000,0,4.7669198800945692783586322124,60.235331969326835236510815554,61.492116455949052544079679447,489289200
6.19,0,0.1180212146106693042196078592,0.118021214610669,0.111621297161498,0.118021214610669,0.111621297161498,0,0.0000000,0.0000000,0,4.7710841229514274078453722273,60.218867073260106526140048103,61.492827933517789143711575575,490080900
6.20,0,0.1179028978958244483688137749,0.117902897895824,0.111528728013185,0.117902897895824,0.111528728013185,0,0.0000000,0.0000000,0,4.7752549990300475373321122429,60.202390582751656078319661304,61.493547582285158726549588173,490872600
6.21,0,0.1177849034078536951293731330,0.117784903407854,0.111436359625027,0.117784903407854,0.111436359625027,0,0.000000,0.000000,0,4.7794314392039166668188522589,60.185891609075730778968545241,61.494266059694400514637259526,491664400
6.22,0,0.1176672501812022752420350916,0.117667250181202,0.111344211754962,0.117667250181202,0.111344211754962,0,0.0000000,0.0000000,0,4.7836134051704507963055922737,60.169371475467204434151180127,61.494984523421379466954423705,492456100
6.23,0,0.1175499069931977795989081427,0.117549906993198,0.111252253898568,0.117549906993198,0.111252253898568,0,0.0000000,0.0000000,0,4.7878011327082553849579140485,60.152833210496900835245093591,61.495705540387527089857741266,493247800
6.24,0,0.1174328934102893242160673642,0.117432893410289,0.111160506335343,0.117432893410289,0.111160506335343,0,0.0000000,0.0000000,0,4.7919953835917755144446540641,60.136279674410235086853789929,61.496431360763461005841630058,494039600
6.25,0,0.1173161979577154916813954719,0.117316197957716,0.111068958298418,0.117316197957716,0.111068958298418,0,0.0000000,0.0000000,0,4.7961943066050352115356963595,60.119697349969403456812981126,61.49715066496614854020190879,494831300
6.26,0,0.1171998099480778456708375880,0.117199809948078,0.110977599803178,0.117199809948078,0.110977599803178,0,0.0000000,0.0000000,0,4.8003989475347267734181340953,60.103052432095192825210626353,61.497833714142140986528439747,495623000
6.27,0,0.1170837584367884621105970336,0.117083758436788,0.110886460602746,0.117083758436788,0.110886460602746,0,0.0000000,0.0000000,0,4.8046092905606479029048741102,60.086429376328777572354976073,61.498554139958745812362950392,496414800
6.28,0,0.1169680224834014698319173539,0.116968022483401,0.110795520449364,0.116968022483401,0.110795520449364,0,0.0000000,0.0000000,0,4.8088252728020000323916141268,60.069791249272657287535439455,61.49927968012180935768698529,497206500
6.29,0,0.1168526011515950800019834728,0.116852601151595,0.110704779094416,0.116852601151595,0.110704779094416,0,0.0000000,0.0000000,0,4.8130471705834561618783541411,60.053127929391460514513521473,61.500001428578216781708971652,497998200
6.30,0,0.1167374835091539538490588534,0.116737483509154,0.110614226288448,0.116737483509154,0.110614226288448,0,0.0000000,0.0000000,0,4.8172746672276072913650941567,60.036456393106268976873139474,61.500734173278446876379937422,498790000
6.31,0,0.1166226883733562267543261554,0.116622688373356,0.110523881526604,0.116622688373356,0.110523881526604,0,0.0000000,0.0000000,0,4.8215079767301554208518341722,60.019757874057979867554601565,61.501461552853858693141890747,499581700
6.32,0,0.1165082053301610306060255237,0.116508205330161,0.110433735067849,0.116508205330161,0.110433735067849,0,0.000000,0.000000,0,4.8257471183561075503385741879,60.003053472511715816705414286,61.502201773132807724816416666,500373400
6.33,0,0.1163940228045708820128826062,0.116394022804571,0.110343776005377,0.116394022804571,0.110343776005377,0,0.0000000,0.0000000,0,4.8299909093804571122210119237,59.986276819956066315596746236,61.502897934716414982658510287,501165100
6.34,0,0.1162801706805748422424234780,0.116280170680575,0.110254034886591,0.116280170680575,0.110254034886591,0,0.0000000,0.0000000,0,4.8342417033672528093120542197,59.969539634322672165198281401,61.503645596652639024830616101,501956900
6.35,0,0.1161666073945153856625789016,0.116166607394515,0.110164470806511,0.116166607394515,0.110164470806511,0,0.0000000,0.0000000,0,4.8384971224743113711944919544,59.952770749814908795007031183,61.504384114161162835661677874,502748600
6.36,0,0.1160533622913781216394701309,0.116053362291378,0.110075113764105,0.116053362291378,0.110075113764105,0,0.0000000,0.0000000,0,4.8427584709216995274511160094,59.935989914683421811508083801,61.505130031653858634795355719,503540400
6.37,0,0.1159404242174830947103078089,0.115940424217483,0.109985953255018,0.115940424217483,0.109985953255018,0,0.0000000,0.0000000,0,4.8470257131453536569378560252,59.919170181421901904553592964,61.505860229037603406001556582,504332100
6.38,0,0.1158277827730197993533536210,0.11582778277302,0.109896979524148,0.11582778277302,0.109896979524148,0,0.0000000,0.0000000,0,4.8512977459491687864245960412,59.902346407781921270129944718,61.506604915239883140720807522,505123800
6.39,0,0.1157154465633148955573487055,0.115715446563315,0.10980820181695,0.115715446563315,0.10980820181695,0,0.0000000,0.0000000,0,4.8555756717657529159113360567,59.885510839652066077490089041,61.507357022113302709335405302,505915500
6.40,0,0.1156034251932286289880048210,0.115603425193229,0.109719630373871,0.115603425193229,0.109719630373871,0,0.0000000,0.0000000,0,4.8598596771491410453980760719,59.868635918428714430816900003,61.508092944793634830007090524,506707300
6.41,0,0.1154916872791234120991388543,0.115491687279123,0.10963123444236,0.115491687279123,0.10963123444236,0,0.0000000,0.0000000,0,4.864148973701763174884816087,59.851781532528278956924623856,61.508863944718880226551640921,507499000
6.42,0,0.1153802621847620711732812540,0.115380262184762,0.109543044012798,0.115380262184762,0.109543044012798,0,0.0000000,0.0000000,0,4.8684438547669293043715561031,59.834909520631158114308130919,61.509637323371813880609983401,508290700
6.43,0,0.1152691287847381459552227857,0.115269128784738,0.109455038581971,0.115269128784738,0.109455038581971,0,0.0000000,0.0000000,0,4.8727442450565914338582961177,59.817983342488070914207867073,61.510382088874886937313340253,509082400
6.44,0,0.1151583066931277569207992068,0.115158306693128,0.109367238381755,0.115158306693128,0.109367238381755,0,0.0000000,0.0000000,0,4.8770501618664575633450361342,59.801077931199546441896501738,61.511161785786850682325325905,509874200
6.45,0,0.1150477545480544122664384167,0.115047754548054,0.10927960266372,0.115047754548054,0.10927960266372,0,0.0000000,0.0000000,0,4.8813619831952966928317761492,59.784167496123481648060451131,61.511954291383530436668869668,510665900
6.46,0,0.1149375219681505478219447373,0.114937521968151,0.109192181655624,0.114937521968151,0.109192181655624,0,0.0000000,0.0000000,0,4.8856792788474248223185161642,59.767207982586850839236010808,61.512722494276215124659213572,511457600
6.47,0,0.1148275776022782940400460617,0.114827577602278,0.109104944611174,0.114827577602278,0.109104944611174,0,0.0000000,0.0000000,0,4.8900019725414589518052561797,59.750269575536356254247450723,61.513525647505778246497244237,512249300
6.48,0,0.1147179305914080822694739040,0.114717930591408,0.109017901271937,0.114717930591408,0.109017901271937,0,0.0000000,0.0000000,0,4.8943301013042415404575779552,59.733275503128557321620435013,61.514298970099752900568479666,513041100
6.49,0,0.1146085605609242431965676581,0.114608560560924,0.108931031859683,0.114608560560924,0.108931031859683,0,0.0000000,0.0000000,0,4.8986634989258162375486202505,59.716303490701848096992192712,61.51510791898394062103460735,513832800
6.50,0,0.1144994860289813374681182480,0.114499486028981,0.108844355484771,0.114499486028981,0.108844355484771,0,0.0000000,0.0000000,0,4.9030028234034427994310579866,59.699326578813449120830417431,61.5159294538781823705212429,514624500
6.51,0,0.1143907169186690242095643155,0.114390716918669,0.108757882658357,0.114390716918669,0.108757882658357,0,0.0000000,0.0000000,0,4.9073477846313009289177980015,59.682303325387032887491054497,61.516728901026780798892843077,515416300
6.52,0,0.1142822117586384420786577119,0.114282211758638,0.108671572493046,0.114282211758638,0.108671572493046,0,0.0000000,0.0000000,0,4.9116982863779000584045380175,59.665301660815033680400278922,61.517563153704172073867886862,516208000
6.53,0,0.1141740097085101475299528008,0.11417400970851,0.10858546472834,0.11417400970851,0.10858546472834,0,0.0000000,0.0000000,0,4.9160536876093081878912780324,59.648250596027752071801976316,61.518373025791845892171040157,516999700
6.54,0,0.1140660904047391839345317122,0.114066090404739,0.108499539576531,0.114066090404739,0.108499539576531,0,0.0000000,0.0000000,0,4.9204150934214397497737157684,59.631224582783058743166202923,61.519220221684546711259579802,517791500
6.55,0,0.1139584525381543625395545369,0.113958452538154,0.108413796300279,0.113958452538154,0.108413796300279,0,0.0000000,0.0000000,0,4.9247816155908244468647580639,59.614147120366495175903977696,61.520041241426737805783932685,518583200
6.56,0,0.1138511055144700827863348062,0.11385110551447,0.108328244873152,0.11385110551447,0.108328244873152,0,0.0000000,0.0000000,0,4.9291538046794595763514980784,59.597071993214241299638775345,61.520880642499528912618594144,519374900
6.57,0,0.1137440385057203500610072955,0.11374403850572,0.108242875031097,0.11374403850572,0.108242875031097,0,0.0000000,0.0000000,0,4.933531465575867138233935815,59.580007891505238566331039804,61.521745592626699941888662801,520166700
6.58,0,0.1136372506875662497288996651,0.113637250687566,0.108157686509774,0.113637250687566,0.108157686509774,0,0.0000000,0.0000000,0,4.9379147333620272677206758306,59.562911206571606253012302314,61.522599789803157163564785588,520958400
6.59,0,0.1135307410063590136357887505,0.113530741006359,0.108072678811658,0.113530741006359,0.108072678811658,0,0.0000000,0.0000000,0,4.9423032385391789648117181259,59.5458310763882588609766664,61.52348402063006414238755714,521750100
6.60,0,0.1134245088793291078075070805,0.113424508879329,0.107987851906254,0.113424508879329,0.107987851906254,0,0.0000000,0.0000000,0,4.9466970020397045266941558608,59.528703548636079057634523258,61.524345336156781895436024761,522541900
6.61,0,0.1133185734929108947530198802,0.113318573492911,0.107903225528456,0.113318573492911,0.107903225528456,0,0.0000000,0.0000000,0,4.9510964666273726829507799156,59.511607028016942324612860096,61.525248240596294526872841372,523333600
6.62,0,0.1132128940371007143920368906,0.113212894037101,0.107818759412933,0.113212894037101,0.107818759412933,0,0.0000000,0.0000000,0,4.955501407124356812437519932,59.49446889191569823227422812,61.526132860527840701876497415,524125300
6.63,0,0.1131074994753874414753813589,0.113107499475387,0.107734483064097,0.113107499475387,0.107734483064097,0,0.0000000,0.0000000,0,4.9599116972310469419242599464,59.477320457482559453652352595,61.527025029621798402719518016,524917100
6.64,0,0.1130023794656583486491876961,0.113002379465658,0.10765038667703,0.113002379465658,0.10765038667703,0,0.0000000,0.0000000,0,4.9643273256831860714109999625,59.46016096824331029114031448,61.52792407162034245241955273,525708800
6.65,0,0.1128975425204549568240382421,0.112897542520455,0.107566479297778,0.112897542520455,0.107566479297778,0,0.0000000,0.0000000,0,4.9687484318809262008977399775,59.443027815417730148410681345,61.528860481937094521258343932,526500500
6.66,0,0.1127929585318859063052206850,0.112792958531886,0.10748273134829,0.112792958531886,0.10748273134829,0,0.0000000,0.0000000,0,4.9731747312120053303844799931,59.425845922828918113000429724,61.529772810667071824459908368,527292200
6.67,0,0.1126886661043009142386276947,0.112688666104301,0.107399181959122,0.112688666104301,0.107399181959122,0,0.0000000,0.0000000,0,4.9776064225559704598712200082,59.40866479684301080627169907,61.530701465357060106154122563,528084000
6.68,0,0.1125846351971404610290135539,0.11258463519714,0.107315801612317,0.11258463519714,0.107315801612317,0,0.0000000,0.0000000,0,4.9820437875086175893579600237,59.391508335701459634751541552,61.531665693326176336948191274,528875700
6.69,0,0.1124808741986142259030148377,0.112480874198614,0.107232599215111,0.112480874198614,0.107232599215111,0,0.0000000,0.0000000,0,4.9864860698313547188447000392,59.374303248236781792444731181,61.532606001154303449164974164,529667400
6.70,0,0.1123773930062510006323461554,0.112377393006251,0.107149585180515,0.112377393006251,0.107149585180515,0,0.0000000,0.0000000,0,4.9909340315620188483314400549,59.357098969197854889506320978,61.533562300456781380296713693,530459100
6.71,0,0.1122741603903473199284675575,0.112274160390347,0.107066728790786,0.112274160390347,0.107066728790786,0,0.0000000,0.0000000,0,4.9953870432693138426095755109,59.339913349354611988348565232,61.534549237210650894761008387,531250900
6.72,0,0.1121712058014654015516066864,0.112171205801465,0.10698406000496,0.112171205801465,0.10698406000496,0,0.0000000,0.0000000,0,4.9998456588274606749092223666,59.322693918287904169573630255,61.535523916164963111255491448,532042600
6.73,0,0.1120685184677039303195997752,0.112068518467704,0.106901568556147,0.112068518467704,0.106901568556147,0,0.0000000,0.0000000,0,5.0043094297461425607486373014,59.305467851447014669492064675,61.536508533091070193649985761,532834300
6.74,0,0.1119660973980962745772095641,0.111966097398096,0.106819253954958,0.111966097398096,0.106819253954958,0,0.0000000,0.0000000,0,5.0087785807866103930482841562,59.288230702669508062226683909,61.537499327047149918340753088,533626000
6.75,0,0.1118639320512551187273785463,0.111863932051255,0.106737106158176,0.111863932051255,0.106737106158176,0,0.0000000,0.0000000,0,5.0132529162673448197221173327,59.270995760521381149803783223,61.538507037698948913180585444,534417800
6.76,0,0.1117620316653410172591928773,0.111762031665341,0.106655134898755,0.111762031665341,0.106655134898755,0,0.0000000,0.0000000,0,5.0177327361314610844174619077,59.253776461617947807418003383,61.539542232886513594950448455,535209500
6.77,0,0.1116603854818409043494907564,0.111660385481841,0.106573329909621,0.111660385481841,0.106573329909621,0,0.0000000,0.0000000,0,5.0222178904871409167171087633,59.236527224125774443031392697,61.540568208695377671358323329,536001200
6.78,0,0.1115590125257900207949405586,0.11155901252579,0.106491710703925,0.11155901252579,0.106491710703925,0,0.0000000,0.0000000,0,5.0267079751387467757866396589,59.219268084202899602634845534,61.541601236536514434490342581,536793000
6.79,0,0.1114578922663672612169487622,0.111457892266367,0.106410257235661,0.111457892266367,0.106410257235661,0,0.0000000,0.0000000,0,5.0312035964506656080862865136,59.20199966915326374077694474,61.542641480347948065942466441,537584700
6.80,0,0.1113570339549382945823810292,0.111357033954938,0.106328979237738,0.111357033954938,0.106328979237738,0,0.0000000,0.0000000,0,5.0357045790760900347601196892,59.184733925161871093980886483,61.543698508126856911422303857,538376400
6.81,0,0.1112564366283461109521176488,0.111256436628346,0.106247876225298,0.111256436628346,0.106247876225298,0,0.0000000,0.0000000,0,5.0402105423719942994554642651,59.167459297080684148636174536,61.5447631685264063104747664,539168200
6.82,0,0.1111560897635652554324255204,0.111156089763565,0.106166938150389,0.111156089763565,0.106166938150389,0,0.0000000,0.0000000,0,5.0447219394944847261292974402,59.150181554893917375999036899,61.545839784367255401645379565,539959900
6.83,0,0.1110560026217044904716274248,0.111056002621704,0.106086174746004,0.111056002621704,0.106086174746004,0,0.0000000,0.0000000,0,5.0492383182520759908246420157,59.132927490316703897408896685,61.546949802691742112023049151,540751600
6.84,0,0.1109561641046309278775337696,0.110956164104631,0.10600557538272,0.110956164104631,0.10600557538272,0,0.0000000,0.0000000,0,5.0537601779702974174984751921,59.115644309264147693630436292,61.548050860854133076209478358,541543400
6.85,0,0.1108565939902515672462313859,0.110856593990252,0.105925160304012,0.110856593990252,0.105925160304012,0,0.0000000,0.0000000,0,5.0582869900505426821938197667,59.098351519081667359493737553,61.549158698918239088214135642,542335100
6.86,0,0.1107572614026622849988091233,0.110757261402662,0.105844899096422,0.110757261402662,0.105844899096422,0,0.0000000,0.0000000,0,5.062819159910445135637536982,59.081053965355932406944643317,61.550276899799877987579306321,543126800
6.87,0,0.1106581854018388445159106425,0.110658185401839,0.105764811279278,0.110658185401839,0.105764811279278,0,0.0000000,0.0000000,0,5.0673562747914959679371838372,59.063753445166468782255427143,61.551407008491035144603399715,543918500
6.88,0,0.1105593554800256988652255286,0.110559355480026,0.105684886801106,0.110559355480026,0.105684886801106,0,0.0000000,0.0000000,0,5.071898893714345800236830693,59.046441996868990841201516643,61.55254238272981043802832689,544710300
6.89,0,0.1104607909174178820769232933,0.110460790917418,0.105605145395336,0.110460790917418,0.105605145395336,0,0.0000000,0.0000000,0,5.076446709779831659306361589,59.029138859154085978454989103,61.553698281825823381902207154,545502000
6.90,0,0.1103624507853200373187352875,0.11036245078532,0.105525546583484,0.11036245078532,0.105525546583484,0,0.0000000,0.0000000,0,5.0809994680157894916060084447,59.011825171673113283693038533,61.554859866662166001540499245,546293800
6.91,0,0.1102643845834533168964465494,0.110264384583453,0.105446140312485,0.110264384583453,0.105446140312485,0,0.0000000,0.0000000,0,5.0855573213221523506755393389,58.994509221318896468366294902,61.556033518870112989029497455,547085400
6.92,0,0.1101665496013586006571539586,0.110166549601359,0.105366884316117,0.110166549601359,0.105366884316117,0,0.0000000,0.0000000,0,5.0901207146336321829751861947,58.977192418064808575631494453,61.557220034652262026919474898,547877200
6.93,0,0.1100689629215142960152887270,0.110068962921514,0.105287796118147,0.110068962921514,0.105287796118147,0,0.0000000,0.0000000,0,5.0946885860916980420447170902,58.959872818155212862207002792,61.558418339661995692467672001,548668900
6.94,0,0.1099716290510137063303439107,0.109971629051014,0.105208880664023,0.109971629051014,0.105208880664023,0,0.0000000,0.0000000,0,5.0992621250832618743443639455,58.942551866261863457204127211,61.559628877157949676229635504,549460700
6.95,0,0.1098745282886147136279577913,0.109874528288615,0.105130118687956,0.109874528288615,0.105130118687956,0,0.0000000,0.0000000,0,5.103840591977120733413894841,58.925227395401926464572785954,61.560850244725413107302542074,550252400
6.96,0,0.1097776787278155871802869883,0.109777678727816,0.105051528716012,0.109777678727816,0.105051528716012,0,0.0000000,0.0000000,0,5.1084242550746115657135416965,58.907895902521255010357399919,61.562079494999294955327932299,551044200
6.97,0,0.1096810698829790538112664757,0.109681069882979,0.104973100692261,0.109681069882979,0.104973100692261,0,0.0000000,0.0000000,0,5.1130126947487533980131885531,58.890565013689114515178550448,61.563322716016836156987685914,551835800
6.98,0,0.1095847010619521638010447136,0.109584701061952,0.104894834351421,0.109584701061952,0.104894834351421,0,0.0000000,0.0000000,0,5.1176065793801212570827194478,58.873230641747479638416916947,61.56457628967610074277526393,552627600
6.99,0,0.1094885713691016904045923704,0.109488571369102,0.104816729221911,0.109488571369102,0.104816729221911,0,0.0000000,0.0000000,0,5.1222052985010421161522503435,58.855865707945356088664403752,61.565819447819412898432626048,553419300
7.00,0,0.1093938797220148326238469886,0.109393879722015,0.104739984642576,0.109393879722015,0.104739984642576,0,0.0000000,0.0000000,0,5.1268093047949479752217812386,58.838526744400956493432762162,61.567095765174628085243614328,554211100
7.01,0,0.1093019285867582847007910654,0.109301928586758,0.10466590349797,0.109301928586758,0.10466590349797,0,0.0000000,0.0000000,0,5.1314181613628558075214280937,58.821191526430375186147459293,61.568388099057070027390090176,555002800
7.02,0,0.1092102335066276288895967185,0.109210233506628,0.104592001747124,0.109210233506628,0.104592001747124,0,0.0000000,0.0000000,0,5.136032020588202666590958989,58.80385276368068929303804232,61.569690635919148823811279755,555794500
7.03,0,0.1091187813644701598068811371,0.10911878136447,0.10451826668589,0.10911878136447,0.10451826668589,0,0.0000000,0.0000000,0,5.1406509823823594988906058445,58.786509984974221780269024181,61.571002881954914383842982937,556586200
7.04,0,0.1090275934290549769756750058,0.109027593429055,0.104444719993333,0.109027593429055,0.104444719993333,0,0.0000000,0.0000000,0,5.1452750235701639255644390199,58.769175648629802889674834301,61.572334364842670804216845599,557378000
7.05,0,0.1089366570870097018452082042,0.10893665708701,0.104371349463691,0.10893665708701,0.104371349463691,0,0.0000000,0.0000000,0,5.1499041550769421902597835957,58.751832011730414241653186238,61.573671321297050401641589044,558169700
7.06,0,0.1088459823765602376142866973,0.10884598237656,0.104298165540131,0.10884598237656,0.104298165540131,0,0.0000000,0.0000000,0,5.1545381179225710225594304508,58.734454944962188328432410924,61.574995321393586926656032279,558961400
7.07,0,0.1087555477235722994790835378,0.108755547723572,0.104225147050815,0.108755547723572,0.104225147050815,0,0.0000000,0.0000000,0,5.1591771786259958816289613465,58.71711046853301932285333023,61.57635683572299793780555642,559753200
7.08,0,0.1086653722283300368468084776,0.10866537222833,0.104152313495696,0.10866537222833,0.104152313495696,0,0.0000000,0.0000000,0,5.1638211037199957139286082027,58.699768929165038227636413684,61.57773310326199169418700771,560544900
7.09,0,0.1085754351769770945281423129,0.108575435176977,0.104079644557982,0.108575435176977,0.104079644557982,0,0.0000000,0.0000000,0,5.1684700127590235729981390971,58.682424186553252330823903675,61.579119269898881298011213725,561336600
7.10,0,0.1084857568209637664476171602,0.108485756820964,0.104007160883602,0.108485756820964,0.104007160883602,0,0.0000000,0.0000000,0,5.1731238583210414052977859533,58.665080972690963080054087179,61.580518895091818513092565284,562128300
7.11,0,0.1083963225060819685673454382,0.108396322506082,0.103934848210259,0.108396322506082,0.103934848210259,0,0.0000000,0.0000000,0,5.1777828796967932643673168486,58.647704408025226810632798959,61.581905192845031388529388118,562920100
7.12,0,0.1083071363820880671498093468,0.108307136382088,0.103862711077077,0.108307136382088,0.103862711077077,0,0.0000000,0.0000000,0,5.1824465350806476910411500232,58.63036148422300033784903881,61.583329431570780274928967153,563711800
7.13,0,0.1082181937071712756005316087,0.108218193707171,0.103790745129084,0.108218193707171,0.103790745129084,0,0.0000000,0.0000000,0,5.1871154850840835501106809186,58.613025356686357294498559382,61.58477065303507676100432677,564503600
7.14,0,0.1081294957844524747158664699,0.108129495784452,0.103718952053734,0.108129495784452,0.103718952053734,0,0.0000000,0.0000000,0,5.1917888067730023824103277748,58.595668825729049899287270771,61.586208661585543505676998361,565295200
7.15,0,0.1080410398765577623978462906,0.108041039876558,0.103647329495495,0.108041039876558,0.103647329495495,0,0.0000000,0.0000000,0,5.1964676522448576471056723498,58.578301269672685617255695379,61.587649878294665445968937459,566087000
7.16,0,0.1079528273432693522217391925,0.107952827343269,0.103575879193527,0.107952827343269,0.103575879193527,0,0.0000000,0.0000000,0,5.2011509930905710737795055253,58.560961301517393644391400745,61.589124022302046551002016624,566878700
7.17,0,0.1078648653510871148311290024,0.107864865351087,0.103504608691252,0.107864865351087,0.103504608691252,0,0.0000000,0.0000000,0,5.2046502873977149949116858842,58.543619954913908166287691096,61.588470945893558438339653317,567670500
7.18,0,0.1077771343158390006525909016,0.107777134315839,0.103433498778992,0.107777134315839,0.103433498778992,0,0.0000000,0.0000000,0,5.2028709586909096414944672704,58.526279607050108453832740785,61.578330523198437589158953821,568462200
7.19,0,0.1076896521173687142140085030,0.107689652117369,0.103362567708671,0.107689652117369,0.103362567708671,0,0.0000000,0.0000000,0,5.2010986884545063090446749114,58.508916288647057294496071768,61.568183915820479224353325694,569254000
7.20,0,0.1076024086157028209808368605,0.107602408615703,0.103291805709999,0.107602408615703,0.103291805709999,0,0.0000000,0.0000000,0,5.1993333189074511060010293255,58.491570449158933044885323382,61.558061726923911580839929526,570045600
7.21,0,0.1075153927444230172991253012,0.107515392744423,0.103221202083867,0.107515392744423,0.103221202083867,0,0.0000000,0.0000000,0,5.1975750861405618971549259535,58.474238769607692654881397566,61.547961307234953458807008691,570837400
7.22,0,0.1074286248330120962360758082,0.107428624833012,0.103150777524708,0.107428624833012,0.103150777524708,0,0.0000000,0.0000000,0,5.195823637327709276880551114,58.456872096356399077709872866,61.537845830109098651923781121,571629100
7.23,0,0.1073420923080537834014784922,0.107342092308054,0.103080519821713,0.107342092308054,0.103080519821713,0,0.0000000,0.0000000,0,5.1940793607366932184080207705,58.439544265930344834161781432,61.527770698790168117413556803,572420900
7.24,0,0.1072557852122242568587960508,0.107255785212224,0.103010419377845,0.107255785212224,0.103010419377845,0,0.0000000,0.0000000,0,5.1923419214099517485072189589,58.422183645464511317737797255,61.517682159209227796978446061,573212500
7.25,0,0.1071697321229585698398394169,0.107169732122959,0.10294050512852,0.107169732122959,0.10294050512852,0,0.0000000,0.0000000,0,5.1906110421987394347824479615,58.404849872879493961543208622,61.507625288031152838906707885,574004300
7.26,0,0.1070839022359334101484384490,0.107083902235933,0.102870746625107,0.107083902235933,0.102870746625107,0,0.0000000,0.0000000,0,5.1888873525497080884853351387,58.387523484927953847398274511,61.49758505033355320236192986,574796000
7.27,0,0.1069982958395281035341156646,0.106998295839528,0.102801144509405,0.106998295839528,0.102801144509405,0,0.0000000,0.0000000,0,5.187170457575996357529834889,58.370162503756385152548910174,61.487530107423808728229181518,575587800
7.28,0,0.1069129303257906534260557404,0.106912930325791,0.102731716524632,0.106912930325791,0.102731716524632,0,0.0000000,0.0000000,0,5.185460874619614161606295093,58.352848844179206813220534193,61.477521766795396366732867052,576379500
7.29,0,0.1068278067532367225499539667,0.106827806753237,0.102662464078234,0.106827806753237,0.102662464078234,0,0.0000000,0.0000000,0,5.1837577024555635542544838314,58.33549674060651089171021935,61.467496074664759133134911492,577171200
7.30,0,0.1067429026673314606769842249,0.106742902667331,0.102593365062386,0.106742902667331,0.102593365062386,0,0.0000000,0.0000000,0,5.1820616575703535354744011033,58.318175997763831685901831768,61.457505081834617260045283002,577962900
7.31,0,0.1066582283647110465198849676,0.106658228364711,0.102524430118234,0.106658228364711,0.102524430118234,0,0.0000000,0.0000000,0,5.1803720754621520784961628696,58.300861308245468166863784172,61.447530161145301113589702937,578754700
7.32,0,0.1065737822477782757101034398,0.106573782247778,0.1024556579905,0.106573782247778,0.1024556579905,0,0.0000000,0.0000000,0,5.1786897591898737776939554491,58.283522915046622332193656155,61.437548478797532460916820638,579546400
7.33,0,0.1064895643874568775510590286,0.106489564387457,0.102387049090259,0.106489564387457,0.102387049090259,0,0.0000000,0.0000000,0,5.1770140199169234710892902425,58.266212526065988114243059083,61.427599289979503186171084691,580338100
7.34,0,0.1064055825263416686199932405,0.106405582526342,0.102318611498102,0.106405582526342,0.102318611498102,0,0.0000000,0.0000000,0,5.1753453157866077262864695295,58.24887155589604740281637916,61.417638333066245873720297848,581129900
7.35,0,0.1063218176346113114296426466,0.106321817634611,0.102250326520066,0.106321817634611,0.102250326520066,0,0.0000000,0.0000000,0,5.17368357376681857005537735,58.231572856815149591464158486,61.407720331095081302629875474,581921600
7.36,0,0.1062382770855937175673286435,0.106238277085594,0.102182201863216,0.106238277085594,0.102182201863216,0,0.0000000,0.0000000,0,5.1720284266823240023960137049,58.214238787126475558704298569,61.397787253274637861945097792,582713300
7.37,0,0.1061549612959141214739223862,0.106154961295914,0.102114238275805,0.106154961295914,0.102114238275805,0,0.0000000,0.0000000,0,5.1703798432347169965384945533,58.196948658386145323728839431,61.387898610105765281185685241,583505100
7.38,0,0.1060718685762827798921690302,0.106071868576283,0.102046434398084,0.106071868576283,0.102046434398084,0,0.0000000,0.0000000,0,5.1687382856174935524828198967,58.17962272204822270137247774,61.377994317755643485747432742,584296800
7.39,0,0.1059890093090550668631258019,0.105989009309055,0.101978800939873,0.105989009309055,0.101978800939873,0,0.0000000,0.0000000,0,5.1671035076105866969988737725,58.162334169617960763269932977,61.368129394521385346177993939,585088500
7.40,0,0.1059063629926984444238977530,0.105906362992698,0.101911317725042,0.105906362992698,0.101911317725042,0,0.0000000,0.0000000,0,5.1654756449852134033167721422,58.145022857219273858290238021,61.358258684013619833368560552,585880300
7.41,0,0.1058239376473664858472505494,0.105823937647366,0.101843993097106,0.105823937647366,0.101843993097106,0,0.0000000,0.0000000,0,5.1638542041082866982063990465,58.127735726788868642033342952,61.348417660637293812022430814,586672000
7.42,0,0.1057417317759293019321136077,0.105741731775929,0.101776825880267,0.105741731775929,0.101776825880267,0,0.0000000,0.0000000,0,5.1622399257352855548978704442,58.110431762051298824251994628,61.3385751467716712383978579,587463700
7.43,0,0.1056597468082827545543687858,0.105659746808283,0.101709817823736,0.105659746808283,0.101709817823736,0,0.0000000,0.0000000,0,5.1606320192667170001610703744,58.09316032059128910074052488,61.328768583724753453136103836,588255400
7.44,0,0.1055779899949387145801178548,0.105577989994939,0.101642976495342,0.105577989994939,0.101642976495342,0,0.0000000,0.0000000,0,5.1590310857986110072261147998,58.075858069383804611792959977,61.318950199617489679102343788,589047200
7.45,0,0.1054964409534560076296489549,0.105496440953456,0.101576281827978,0.105496440953456,0.101576281827978,0,0.0000000,0.0000000,0,5.1574368604966196028628877596,58.058561781945514116913472176,61.309147683805805470424823126,589838900
7.46,0,0.1054151095002952171079960541,0.105415109500295,0.101509743951468,0.105415109500295,0.101509743951468,0,0.0000000,0.0000000,0,5.1558490681118837603015052118,58.041300084630537378149460789,61.299382607784914811850416362,590630700
7.47,0,0.1053339966966834416937923103,0.105333996696683,0.101443364238445,0.105333996696683,0.101443364238445,0,0.0000000,0.0000000,0,5.154268399289265506311851198,58.024017392973480827292316003,61.289612974560936022472452383,591422300
7.48,0,0.1052530972182210278368851190,0.105253097218221,0.101377137673977,0.105253097218221,0.101377137673977,0,0.0000000,0.0000000,0,5.1526939075185878141240416779,58.006758012136193015156221604,61.279872499314952042844921806,592214100
7.49,0,0.1051724139832777694348365971,0.105172413983278,0.101311067483974,0.105172413983278,0.101311067483974,0,0.0000000,0.0000000,0,5.1511264692940856837380766528,57.989483644988829342660353219,61.270132011151744020650491033,593005800
7.50,0,0.1050919441130295167163650397,0.10509194411303,0.101245151095239,0.10509194411303,0.101245151095239,0,0.0000000,0.0000000,0,5.149565537282885141923840161,57.972214024707570958450308655,61.260406603117305706185382903,593797600
7.51,0,0.1050116880897078182826074834,0.105011688089708,0.101174242001466,0.105011688089708,0.101174242001466,0,0.0000000,0.0000000,0,5.1480113693736361886813322024,57.954975630657399215546545188,61.250715871808118470031186348,594589300
7.52,0,0.1049316451867673080821515684,0.104931645186767,0.101103512053766,0.104931645186767,0.101103512053766,0,0.0000000,0.0000000,0,5.1464636752646737972406687384,57.937714636697594927349513781,61.241019824174570089382269964,595381000
7.53,0,0.1048518048901315923094754721,0.104851804890132,0.101032950901982,0.104851804890132,0.101032950901982,0,0.0000000,0.0000000,0,5.1449227878440193999975474871,57.920455207713578634909469179,61.231336288584580734634050003,596172700
7.54,0,0.1047721864788600797659771189,0.10477218647886,0.100962577988112,0.10477218647886,0.100962577988112,0,0.0000000,0.0000000,0,5.1433884028712057265347593305,57.903229040605949785405254128,61.221689094223305650071259924,596964500
7.55,0,0.1046927774425324829310627605,0.104692777442532,0.100892380963697,0.104692777442532,0.100892380963697,0,0.0000000,0.0000000,0,5.1418610866193644796652111072,57.885990658441853293042516693,61.212043957481765595945601062,597756200
7.56,0,0.1046135690657615278093546837,0.104613569065762,0.100822351274343,0.104613569065762,0.100822351274343,0,0.0000000,0.0000000,0,5.1403396809888683889716936987,57.868746073049453884449806752,61.202406117670057820885107281,598547900
7.57,0,0.1045345788417475220785426577,0.104534578841748,0.100752506573281,0.104534578841748,0.100752506573281,0,0.0000000,0.0000000,0,5.1388252382396488600800207835,57.85153663671710531667353545,61.192805701837014812570571911,599339700
7.58,0,0.1044557972356498793118858870,0.10445579723565,0.100682837484746,0.10445579723565,0.100682837484746,0,0.0000000,0.0000000,0,5.1373173592607323521557741217,57.834304660056270541811737904,61.183199988996134822000577416,600131400
7.59,0,0.1043772133657433222369487127,0.104377213365743,0.100613333285141,0.104377213365743,0.100613333285141,0,0.0000000,0.0000000,0,5.1358160669446329736376742329,57.817080407712192597297126615,61.173611510550514321260358513,600923100
7.60,0,0.1042988370802138301414543158,0.104298837080214,0.100544003979838,0.104298837080214,0.100544003979838,0,0.0000000,0.0000000,0,5.1343212443489781836913028791,57.799894834922171458665307684,61.164063373321334627123229069,601714900
7.61,0,0.1042206675022939330702560283,0.104220667502294,0.10047484884832,0.104220667502294,0.10047484884832,0,0.0000000,0.0000000,0,5.1328330399786679555467760193,57.782677378685034369039173932,61.154502964674397718422086293,602506600
7.62,0,0.1041427128142832714443688009,0.104142712814283,0.100405876228209,0.104142712814283,0.100405876228209,0,0.0000000,0.0000000,0,5.1313514279745393159739776918,57.765472765442053453623725724,61.14496358596071815525297401,603298300
7.63,0,0.1040649529599004797760573882,0.1040649529599,0.100337066217625,0.1040649529599,0.100337066217625,0,0.0000000,0.0000000,0,5.1298763875223536705987215793,57.748270338478597648183904985,61.135437321236501529979007537,604090000
7.64,0,0.1039873968056001577079865532,0.1039873968056,0.100268427836509,0.1039873968056,0.100268427836509,0,0.0000000,0.0000000,0,5.1284076315410601813994962806,57.731100186533485312880854718,61.125946720012011078900694705,604881800
7.65,0,0.1039100341519603249521901216,0.10391003415196,0.100199951038015,0.10391003415196,0.100199951038015,0,0.0000000,0.0000000,0,5.1269454861422582540021154753,57.713910753156082422850538941,61.116453245251925437312970526,605673500
7.66,0,0.1038328843106055950242820772,0.103832884310606,0.100131655285442,0.103832884310606,0.100131655285442,0,0.0000000,0.0000000,0,5.1254901513543168884065791651,57.696731386458366638859799472,61.106978573993961319816687696,606465200
7.67,0,0.1037559364748049328519558651,0.103755936474805,0.100063529922838,0.103755936474805,0.100063529922838,0,0.0000000,0.0000000,0,5.124040813671631543778469107,57.679554326597685842622317949,61.097517480883314109767490106,607257000
7.68,0,0.1036791906207299036009568317,0.10367919062073,0.099995575076264,0.10367919062073,0.099995575076264,0,0.0000000,0.0000000,0,5.122598445049739328556505823,57.662409249029129288012845422,61.088091341286089086345253448,608048700
7.69,0,0.1036026337265410517547615490,0.103602633726541,0.0999277778728857,0.103602633726541,0.0999277778728857,0,0.0000000,0.0000000,0,5.1211620713247241343019687941,57.645238526471177228947334501,61.078658031445230976779863938,608840400
7.70,0,0.1035262791857706855652560107,0.103526279185771,0.0998601518543639,0.103526279185771,0.0998601518543639,0,0.0000000,0.0000000,0,5.1197327526543930962234625778,57.628087262983869131424016333,61.069250312312919073694688585,609632100
7.71,0,0.1034501317854234222134731974,0.103450131785423,0.0997927019549606,0.103450131785423,0.0997927019549606,0,0.0000000,0.0000000,0,5.1183094720241415931769168148,57.610940164958410109227350247,61.059857514905287743586652882,610423900
7.72,0,0.1033741737061227353861540040,0.103374173706123,0.0997254105016914,0.103374173706123,0.0997254105016914,0,0.0000000,0.0000000,0,5.1168926318666561378676813471,57.593786578018621420916323973,61.0504714716730802837266837,611215600
7.73,0,0.1032984133221693753511311924,0.103298413322169,0.0996582860143908,0.103298413322169,0.0996582860143908,0,0.0000000,0.0000000,0,5.1154825811502768119645926525,57.576690315397893726851073601,61.041139230415956484288405296,612007400
7.74,0,0.1032228412591654599390105794,0.103222841259165,0.0995913192633415,0.103222841259165,0.0995913192633415,0,0.0000000,0.0000000,0,5.1140786070879900478633484517,57.559558705598963914846799751,61.031792596752766222119903915,612799000
7.75,0,0.1031474737274058404459063433,0.103147473727406,0.099524526602672,0.103147473727406,0.099524526602672,0,0.0000000,0.0000000,0,5.1126809847407743047295305039,57.542426074167975615102110211,61.022456827009492692328484282,613590800
7.76,0,0.1030723035460154084680042112,0.103072303546015,0.0994579009944998,0.103072303546015,0.0994579009944998,0,0.0000000,0.0000000,0,5.1112900261486876910018593312,57.525310390787165197950946303,61.013145010576613526910651279,614382500
7.77,0,0.1029973177616854688746518995,0.102997317761685,0.0993914296276739,0.102997317761685,0.0993914296276739,0,0.0000000,0.0000000,0,5.1099053075215920714717303715,57.508201093763702132093041418,61.003849610309558534951454164,615174300
7.78,0,0.1029225370501848161610391754,0.102922537050185,0.0993251333192913,0.102922537050185,0.0993251333192913,0,0.0000000,0.0000000,0,5.1085268766297350405133299451,57.491093143616742133797860763,60.994566863423722849399733806,615966000
7.79,0,0.1028479397564454761718767865,0.102847939756445,0.0992589905547886,0.102847939756445,0.0992589905547886,0,0.0000000,0.0000000,0,5.1071551099121631657309603332,57.474007138910319625455944245,60.985311741909199570339314105,616757700
7.80,0,0.1027735355594704702664293982,0.10277353555947,0.0991930111528557,0.10277353555947,0.0991930111528557,0,0.0000000,0.0000000,0,5.1057896709969078527504352153,57.456943948565893724620881489,60.976085103052839415688870794,617549500
7.81,0,0.1026993255158980831232527650,0.102699325515898,0.0991271963090054,0.102699325515898,0.0991271963090054,0,0.0000000,0.0000000,0,5.1044303408372441283416386319,57.439856658966423270474547376,60.966852419253989630651149175,618341200
7.82,0,0.1026253056011782661887595675,0.102625305601178,0.099061542136756,0.102625305601178,0.099061542136756,0,0.0000000,0.0000000,0,5.1030776886828613981303842613,57.422790880527447190055335094,60.957647005552726575356963304,619132900
7.83,0,0.1025514667302326191216608158,0.102551466730233,0.0989960396882959,0.102551466730233,0.0989960396882959,0,0.0000000,0.0000000,0,5.101731268564145229720974385,57.405726304184764239962934404,60.94845415922403939814589246,619924700
7.84,0,0.1024778287350601163738221520,0.10247782873506,0.0989307089320962,0.10247782873506,0.0989307089320962,0,0.0000000,0.0000000,0,5.1003909598874422174875953219,57.388658190292006889150906226,60.939270466510035848027905006,620716400
7.85,0,0.1024043719753098528264768086,0.10240437197531,0.0988655303634876,0.10240437197531,0.0988655303634876,0,0.0000000,0.0000000,0,5.0990573229788051994517584727,57.371612925139452275212436362,60.930115010668222821498875142,621508100
7.86,0,0.1023311028302826874223141353,0.102331102830283,0.0988005104966684,0.102331102830283,0.0988005104966684,0,0.0000000,0.0000000,0,5.0977295790401447699876501571,57.354569535268472410277083355,60.920972848149849443159019686,622299800
7.87,0,0.1022580238434292012175159221,0.102258023843429,0.0987356520092074,0.102258023843429,0.0987356520092074,0,0.0000000,0.0000000,0,5.096408517110310469929688616,57.337535086143132271086857465,60.911848637024035620519587533,623091600
7.88,0,0.1021851315282268114957280517,0.102185131528227,0.0986709515479268,0.102185131528227,0.0986709515479268,0,0.0000000,0.0000000,0,5.0950936614449031908391533286,57.320505879964105634676698829,60.902739978235009873809232751,623883300
7.89,0,0.1021124174312200095919205815,0.10211241743122,0.0986064007919472,0.10211241743122,0.0986064007919472,0,0.0000000,0.0000000,0,5.093784946079513473550462534,57.303492779644030879130953818,60.893654919939395728173312109,624675000
7.90,0,0.1020398997773927937824785265,0.102039899777393,0.0985420180980659,0.102039899777393,0.0985420180980659,0,0.0000000,0.0000000,0,5.0924826596897589124378025541,57.286472873975940321708044157,60.884576371132292021804202397,625466800
7.91,0,0.1019675592629756353522366606,0.101967559262976,0.0984777842935687,0.101967559262976,0.0984777842935687,0,0.0000000,0.0000000,0,5.0911866357566633455226847884,57.269470990907842919599706511,60.875522736801690925796427766,626258500
7.92,0,0.1018954022642826229876886957,0.101895402264283,0.0984137058850723,0.101895402264283,0.0984137058850723,0,0.0000000,0.0000000,0,5.0898968074192219347835978357,57.252477658806270718144669858,60.866487079454200033171228657,627050200
7.93,0,0.1018234313339554754069634498,0.101823431333955,0.0983497855547736,0.101823431333955,0.0983497855547736,0,0.0000000,0.0000000,0,5.0886130457823295182420530961,57.235485697745617638683010268,60.857464202058737965141794471,627841900
7.94,0,0.1017516436936924169449765205,0.101751643693692,0.0982860206531836,0.101751643693692,0.0982860206531836,0,0.0000000,0.0000000,0,5.087335759142733257876539172,57.218509462643076188987273332,60.848464373029280636970225283,628633700
7.95,0,0.1016800413647302290169946002,0.10168004136473,0.0982224133296146,0.10168004136473,0.0982224133296146,0,0.0000000,0.0000000,0,5.0860646823482769917085674602,57.201541411671244845756120236,60.839482223653066796804631028,629425400
7.96,0,0.1016086115729816168446683607,0.101608611572982,0.0981589509373226,0.101608611572982,0.0981589509373226,0,0.0000000,0.0000000,0,5.0847995361400412873424402433,57.184573629011501910369713827,60.830512129856575339592258837,630217200
7.97,0,0.1015373635723787404632442843,0.101537363572379,0.0980956428568555,0.101537363572379,0.0980956428568555,0,0.0000000,0.0000000,0,5.0835408008346461715480415601,57.167619695259933961759753543,60.821563727472951855435100884,631008800
7.98,0,0.1014662969119744521831875584,0.101466296911974,0.09803248876316,0.101466296911974,0.09803248876316,0,0.0000000,0.0000000,0,5.0822882522883842119296736897,57.150672807903691922647481397,60.812632169946727512868043278,631800600
7.99,0,0.1013954126038354780537463914,0.101395412603835,0.0979694897934788,0.101395412603835,0.0979694897934788,0,0.0000000,0.0000000,0,5.0810419483127872465088480339,57.133731645902192003047433004,60.803716440570419203977538477,632592300
8.00,0,0.1013246984345115829087515431,0.101324698434512,0.0979066338588254,0.101324698434512,0.0979066338588254,0,0.0000000,0.0000000,0,5.0798018172113418428898668727,57.116809276403604380488338907,60.794826178919899331334203957,633384100
8.01,0,0.1012541734193864164081204841,0.101254173419386,0.0978439400983395,0.101254173419386,0.0978439400983395,0,0.0000000,0.0000000,0,5.0785679162729610278426142439,57.099896430731720055799659093,60.785954528072827560030070012,634175800
8.02,0,0.1011838198110539939876002092,0.101183819811054,0.097781390887668,0.101183819811054,0.097781390887668,0,0.0000000,0.0000000,0,5.077339970599726774597206109,57.082977274694348419041264647,60.777090065716449588889680401,634967600
8.03,0,0.1011136443235002638385070075,0.1011136443235,0.0977189930631519,0.1011136443235,0.0977189930631519,0,0.0000000,0.0000000,0,5.0761180757924516775278287887,57.066071671398497082583405577,60.768247293604835996224752575,635759200
8.04,0,0.1010436362137768954161152688,0.101043636213777,0.0976567360035044,0.101043636213777,0.0976567360035044,0,0.0000000,0.0000000,0,5.0749024909754166014258777217,57.049176486555238254078904691,60.759423715118426943483000791,636551000
8.05,0,0.1009738151987288408202221405,0.100973815198729,0.0975946395465432,0.100973815198729,0.0975946395465432,0,0.0000000,0.0000000,0,5.0736933038231700603558871085,57.032293257225981762758571069,60.75062038359529278549409069,637342700
8.06,0,0.1009041616864474418004179381,0.100904161686447,0.0975326842206484,0.100904161686447,0.0975326842206484,0,0.0000000,0.0000000,0,5.0724897277960141078576250292,57.015416625192097569691281682,60.74183394142276886440837205,638134500
8.07,0,0.1008346872499863587208274378,0.100834687249986,0.0974708817184828,0.100834687249986,0.0974708817184828,0,0.0000000,0.0000000,0,5.0712925624628993115353937644,56.998549502504731362080094129,60.733065929899265256241610773,638926100
8.08,0,0.1007653859943659548639116648,0.100765385994366,0.0974092262640013,0.100765385994366,0.0974092262640013,0,0.0000000,0.0000000,0,5.0701014401779725094107047129,56.981693601285934292389886215,60.724317864833130692870478418,639717900
8.09,0,0.1006962604110719805380318140,0.100696260411072,0.0973477204669536,0.100696260411072,0.0973477204669536,0,0.0000000,0.0000000,0,5.0689165740354202958577441946,56.964810791218852662166075494,60.715561678752086954941045374,640509600
8.10,0,0.1006272990020506136649548794,0.100627299002051,0.0972863529468842,0.100627299002051,0.0972863529468842,0,0.0000000,0.0000000,0,5.0677375702769086441066281698,56.947973990458754114639228383,60.706851021994491386980427777,641301400
8.11,0,0.1005585136474289931709504732,0.100558513647429,0.097225135700857,0.100558513647429,0.097225135700857,0,0.0000000,0.0000000,0,5.0665646466128355541573566398,56.931141689207045822641614658,60.698155345270035576401195854,642093100
8.12,0,0.1004899000794006569302968496,0.100489900079401,0.0971640645773456,0.100489900079401,0.0971640645773456,0,0.0000000,0.0000000,0,5.0653979271412610795496976831,56.914318439608522833149638888,60.689477879956041208926111282,642884800
8.13,0,0.1004214597148717592269037989,0.100421459714872,0.0971031411088836,0.100421459714872,0.0971031411088836,0,0.0000000,0.0000000,0,5.0642372403875921399739991816,56.897508630506302989278626588,60.680821953235082188120025351,643676500
8.14,0,0.1003531819851528533778810844,0.100353181985153,0.0970423548417607,0.100353181985153,0.0970423548417607,0,0.0000000,0.0000000,0,5.0630825023089663565743314914,56.880704759165507641558001535,60.672182137213690526612050038,644468300
8.15,0,0.1002850773232868435449249393,0.100285077323287,0.0969817163233554,0.100285077323287,0.0969817163233554,0,0.0000000,0.0000000,0,5.0619338425010439997679037371,56.863906842740742065647678488,60.663558342849655073085583688,645260000
8.16,0,0.1002171427586430649420631381,0.100217142758643,0.096921222696733,0.100217142758643,0.096921222696733,0,0.0000000,0.0000000,0,5.0607910988345257991375067955,56.847088917244446706272184252,60.654931735134985648221441284,646051700
8.17,0,0.1001493792782272443976299828,0.100149379278227,0.09686087506196,0.100149379278227,0.09686087506196,0,0.0000000,0.0000000,0,5.0596546850107361870788383882,56.830322452069396792100256694,60.646354167105331376046617898,646843500
8.18,0,0.1000817853136190283743642521,0.100081785313619,0.0968006719630457,0.100081785313619,0.0968006719630457,0,0.0000000,0.0000000,0,5.0585239145750357044263167536,56.813559779802347609391305723,60.637791346510581776519931891,647635200
8.19,0,0.1000143523509321664546213204,0.100014352350932,0.0967406049979067,0.100014352350932,0.0967406049979067,0,0.0000000,0.0000000,0,5.0573992841041462159713373349,56.796798877701470368145450732,60.629241420809165117491697497,648426900
8.20,0,0.0999470877855437705588213341,0.0999470877855438,0.0966806816731006,0.0999470877855438,0.0966806816731006,0,0.0000000,0.0000000,0,5.0562807361262473160880864489,56.780047721799050339528471465,60.620710244787968202799891384,649218600
8.21,0,0.0998799816538381235670762280,0.0998799816538381,0.0966208921355734,0.0998799816538381,0.0966208921355734,0,0.0000000,0.0000000,0,5.0551680605092169780066800566,56.76331795899916841870233041,60.612206456203798386518814943,650010400
8.22,0,0.0998130526976760963244601369,0.0998130526976761,0.0965612552371332,0.0998130526976761,0.0965612552371332,0,0.0000000,0.0000000,0,5.0540612098444206608926999171,56.746557322200376922017684959,60.603692004777482455614139442,650802100
8.23,0,0.0997462833585500660089295276,0.0997462833585501,0.0965017535286097,0.0997462833585501,0.0965017535286097,0,0.0000000,0.0000000,0,5.0529606496766340407891688329,56.729840548462022295058533166,60.59522097564638376458543145,651593800
8.24,0,0.0996796789381273167954207548,0.0996796789381273,0.0964423924204009,0.0996796789381273,0.0964423924204009,0,0.0000000,0.0000000,0,5.0518659624537518472788776828,56.713136675935351360656465047,60.586771116772749225124885699,652385500
8.25,0,0.0996132300329726448186499333,0.0996132300329726,0.0963831626172002,0.0996132300329726,0.0963831626172002,0,0.0000000,0.0000000,0,5.0507769311643298099446173449,56.696430774306880286916414835,60.578331721550662959874631514,653177300
8.26,0,0.0995469596819157895472698627,0.0995469596819158,0.0963240872653675,0.0995469596819158,0.0963240872653675,0,0.0000000,0.0000000,0,5.0496943665028043611820855418,56.679746875238960637991413403,60.569919646842469634098250874,653969100
8.27,0,0.0994808426028437818980832740,0.0994808426028438,0.096265141189726,0.0994808426028438,0.096265141189726,0,0.0000000,0.0000000,0,5.0486171833480354742213982316,56.663039860147847605442470334,60.56150290555807268365178698,654760800
8.28,0,0.0994148921311358963521974976,0.0994148921311359,0.0962063378320002,0.0994148921311359,0.0962063378320002,0,0.0000000,0.0000000,0,5.0475460371499101490625554165,56.64636830649126590167619677,60.553123585123693055897316336,655552500
8.29,0,0.0993490944292805080990637257,0.0993490944292805,0.0961476634604378,0.0993490944292805,0.0961476634604378,0,0.0000000,0.0000000,0,5.0464810344562644392453251749,56.629714148801206096290689388,60.544768448299105270335805095,656344300
8.30,0,0.0992834589553782178221619276,0.0992834589553782,0.0960891276383155,0.0992834589553782,0.0960891276383155,0,0.0000000,0.0000000,0,5.0454218368134862644600553859,56.613062413472413809410914012,60.536426867479960658731147731,657136000
8.31,0,0.0992179888994224158942723371,0.0992179888994224,0.0960307336602244,0.0992179888994224,0.0960307336602244,0,0.0000000,0.0000000,0,5.0443686807811676782465141324,56.596395396787389328898320658,60.528085802828741873598766699,657927700
8.32,0,0.0991526818479314917921614974,0.0991526818479315,0.0959724792167054,0.0991526818479315,0.0959724792167054,0,0.0000000,0.0000000,0,5.0433209751744750862305150912,56.579766472741223805923459587,60.519784463017129609806017674,658719400
8.33,0,0.0990875361371847293066812851,0.0990875361371847,0.0959143627474889,0.0990875361371847,0.0959143627474889,0,0.0000000,0.0000000,0,5.0422793767213406503905468653,56.56314310283970277858589058,60.511498698765211296902627577,659511200
8.34,0,0.0990225310878789010236856576,0.0990225310878789,0.0958563636761556,0.0990225310878789,0.0958563636761556,0,0.0000000,0.0000000,0,5.0412437955542077763524231321,56.546505883971705927387021894,60.503214502268213802619521295,660302900
8.35,0,0.0989576983127069940415434464,0.098957698312707,0.0957985137177184,0.098957698312707,0.0957985137177184,0,0.0000000,0.0000000,0,5.0402138664145574908860279336,56.529907837789311964889310373,60.494970608912673978389659989,661094700
8.36,0,0.0988930261326879914968795967,0.098893026132688,0.0957408012949561,0.098893026132688,0.0957408012949561,0,0.0000000,0.0000000,0,5.0391896278931747672214772283,56.513321692067824512016742358,60.486747193124875369777103507,661886300
8.37,0,0.0988285035964801092777925882,0.0988285035964801,0.0956832155577304,0.0988285035964801,0.0956832155577304,0,0.0000000,0.0000000,0,5.038171804386268064524352776,56.496716424137143857362774254,60.478521198687398015273512748,662678100
8.38,0,0.0987641410338707363257148053,0.0987641410338707,0.0956257669364791,0.0987641410338707,0.0956257669364791,0,0.0000000,0.0000000,0,5.0371592880557664912333750979,56.480145235436416592377743037,60.47033204124450357283513924,663469800
8.39,0,0.0986999267705536618049824421,0.0986999267705537,0.0955684438569977,0.0986999267705537,0.0955684438569977,0,0.0000000,0.0000000,0,5.0361529569191285065141259541,56.463593002670436006434609477,60.462168050450307271285275996,664261600
8.40,0,0.0986358827202529390699307488,0.098635882720253,0.0955112683325658,0.098635882720253,0.0955112683325658,0,0.0000000,0.0000000,0,5.0351521490812845159924190245,56.447048651108688736934377266,60.45402172060575359805424284,665053200
8.41,0,0.0985719842117379152758179423,0.0985719842117379,0.0954542157909666,0.0985719842117379,0.0954542157909666,0,0.0000000,0.0000000,0,5.0341572691358232492510451879,56.430479592075419390788139196,60.445869148950872024654202382,665845000
8.42,0,0.0985082438685493375590982174,0.0985082438685494,0.0953972989542158,0.0985082438685494,0.0953972989542158,0,0.0000000,0.0000000,0,5.033168128550776409102911286,56.413952592174806180722852942,60.437758784061536853274811602,666636700
8.43,0,0.0984446507444624469725786179,0.0984446507444624,0.095340506974029,0.0984446507444624,0.095340506974029,0,0.0000000,0.0000000,0,5.0321849124307526983609241573,56.397438652808258612082879329,60.429669481429260122569002402,667428500
8.44,0,0.0983812158893593785846338064,0.0983812158893594,0.0952838509976965,0.0983812158893594,0.0952838509976965,0,0.0000000,0.0000000,0,5.0312071780185650085863632817,56.380909022729696356267872635,60.421580808775702353162911859,668220200
8.45,0,0.0983179346505877976530713429,0.0983179346505878,0.0952273264694465,0.0983179346505878,0.0952273264694465,0,0.0000000,0.0000000,0,5.0302353294327994749878332202,56.364410290452773383634694028,60.413526105513306409474056561,669011900
8.46,0,0.0982548006465741562617571791,0.0982548006465742,0.0951709271040611,0.0982548006465742,0.0951709271040611,0,0.0000000,0.0000000,0,5.0292695066160365031911476541,56.347931769242959168802889565,60.405497515600551717447947786,669803600
8.47,0,0.0981918205195561892152434095,0.0981918205195562,0.0951146596396123,0.0981918205195562,0.0951146596396123,0,0.0000000,0.0000000,0,5.0283089408326080931963065805,56.331429455386648301117282538,60.397463880009968172543326218,670595400
8.48,0,0.0981289950362142292743979397,0.0981289950362142,0.0950585249380968,0.0981289950362142,0.0950585249380968,0,0.0000000,0.0000000,0,5.0273543879565147041688917595,56.3149656547109622858367852,60.389469561658185733642233921,671387100
8.49,0,0.0980663142552751108123238301,0.0980663142552751,0.095002513153043,0.0980663142552751,0.095002513153043,0,0.0000000,0.0000000,0,5.0264057070903084445476237148,56.29848292361181545212354065,60.381473209352820892092025419,672178800
8.50,0,0.0980037972396179155318720912,0.0980037972396179,0.0949466434416206,0.0980037972396179,0.0949466434416206,0,0.0000000,0.0000000,0,5.0254626837061692058937819222,56.282041627692524652154434467,60.373518533807492840501989478,672970600
8.51,0,0.0979414219194717805223859139,0.0979414219194718,0.0948908938278409,0.0979414219194718,0.0948908938278409,0,0.0000000,0.0000000,0,5.0245253229753770966460869045,56.265617265437028980434475712,60.365587837472097889703683151,673762300
8.52,0,0.0978791906400346456574468175,0.0978791906400346,0.0948352667501798,0.0978791906400346,0.0948352667501798,0,0.0000000,0.0000000,0,5.0235937106838660083658181392,56.249170442143244497584265148,60.357652652848564466753156485,674554000
8.53,0,0.0978171100411999802250924116,0.0978171100412,0.0947797689413066,0.0978171100412,0.0947797689413066,0,0.0000000,0.0000000,0,5.022667776163672076261580189,56.232762479478246699191178906,60.349757217463041602631283409,675345700
8.54,0,0.0977551830390772943960886195,0.0977551830390773,0.0947244034096088,0.0977551830390773,0.0947244034096088,0,0.0000000,0.0000000,0,5.0217475808408566791893026918,56.216334668856285342926541305,60.341859182101132015033966991,676137500
8.55,0,0.0976933960003679417836213644,0.0976933960003679,0.0946691566135707,0.0976933960003679,0.0946691566135707,0,0.0000000,0.0000000,0,5.0208327825101673030844514488,56.199944641849855767081116639,60.334000317561502381410324963,676929200
8.56,0,0.0976317601491922276771557590,0.0976317601491922,0.0946140398686032,0.0976317601491922,0.0946140398686032,0,0.0000000,0.0000000,0,5.019923959227987083155631019,56.183533690089726740610899272,60.326137881809207097745482834,677721000
8.57,0,0.0975702738253996152673626677,0.0975702738253996,0.0945590516053581,0.0975702738253996,0.0945590516053581,0,0.0000000,0.0000000,0,5.0190206993017428574243528038,56.167177193301289287396879055,60.318326436113108821306189614,678512600
8.58,0,0.0975089283808617061186863027,0.0975089283808617,0.0945041832660234,0.0975089283808617,0.0945041832660234,0,0.0000000,0.0000000,0,5.0181231612284607610992213615,56.150821711177161899646385542,60.310527387974741903166741916,679304400
8.59,0,0.0974477410656654511748562301,0.0974477410656655,0.09444945219052,0.0974477410656655,0.09444945219052,0,0.0000000,0.0000000,0,5.0172312707821002801157024941,56.134451342098671215994126612,60.30272936915030344128662783,680096100
8.60,0,0.0973866929267839505724568818,0.097386692926784,0.0943948395151754,0.097386692926784,0.0943948395151754,0,0.0000000,0.0000000,0,5.0163448182604927665598418006,56.118116257540868818605032194,60.294968603493340965062776434,680887900
8.61,0,0.0973257832196754470622629267,0.0973257832196754,0.0943403445843259,0.0973257832196754,0.0943403445843259,0,0.0000000,0.0000000,0,5.0132725789955365555944867894,56.10176482443080813853833301,60.282548120580015430713143202,681679600
8.62,0,0.0972650218449220865328681497,0.0972650218449221,0.0942859773869584,0.0972650218449221,0.0942859773869584,0,0.0000000,0.0000000,0,5.01129725049950555559448679,56.085451715835630589999164213,60.272479084043339088496504368,682471300
8.63,0,0.0972043974789245170567265795,0.0972043974789245,0.0942317266874079,0.0972043974789245,0.0942317266874079,0,0.0000000,0.0000000,0,5.0093255172146975555944867896,56.06913251253052627993296744,60.262407585543759048924527655,683263000
8.64,0,0.0971439303372500259767227348,0.09714393033725,0.0941776127887086,0.09714393033725,0.0941776127887086,0,0.0000000,0.0000000,0,5.0073567584577665555944867901,56.052835223781833604794230116,60.252354248093638705245918981,684054800
8.65,0,0.0970835996376832445513878637,0.0970835996376832,0.0941236149956476,0.0970835996376832,0.0941236149956476,0,0.0000000,0.0000000,0,5.0053921601504255555944867899,56.036530138358184965472885001,60.242296729255605578034465655,684846500
8.66,0,0.0970234042090597418836490841,0.0970234042090598,0.0940697322236017,0.0970234042090598,0.0940697322236017,0,0.0000000,0.0000000,0,5.0034306242524075555944867899,56.020267020700327425966033821,60.232271663653619531151174632,685638200
8.67,0,0.0969633563923800312973402616,0.09696335639238,0.0940159768996539,0.09696335639238,0.0940159768996539,0,0.0000000,0.0000000,0,5.0014728365093295555944867894,56.003987421055531553999653366,60.222236500707789309948900793,686430000
8.68,0,0.0969034524341824627373021102,0.0969034524341825,0.0939623453559696,0.0969034524341825,0.0939623453559696,0,0.0000000,0.0000000,0,4.9995182047003375555944867895,55.987735320632328656794587168,60.212223294886441911849873394,687221800
8.69,0,0.0968436931433307830648348311,0.0968436931433308,0.0939088384865864,0.0968436931433308,0.0939088384865864,0,0.0000000,0.0000000,0,4.9975672085752225555944867892,55.971474724298015331953524762,60.202205795854150332902485015,688013400
8.70,0,0.0967840688901638245643870962,0.0967840688901638,0.0938554467465677,0.0967840688901638,0.0938554467465677,0,0.0000000,0.0000000,0,4.9956197814431975555944867889,55.955263377603149884128945827,60.192225476529833605913887785,688805100
8.71,0,0.0967245877502306923093638210,0.0967245877502307,0.0938021782957397,0.0967245877502307,0.0938021782957397,0,0.0000000,0.0000000,0,4.9936756574593905555944867897,55.939022947121788975784741465,60.18222634970732176657803755,689596900
8.72,0,0.0966652398611490014258113690,0.096665239861149,0.093749023355553,0.096665239861149,0.093749023355553,0,0.0000000,0.0000000,0,4.9917346629543315555944867891,55.922816862239670654101598133,60.172254051384188535249524214,690388700
8.73,0,0.0966060361246532656756984621,0.0966060361246533,0.0936959929111335,0.0966060361246533,0.0936959929111335,0,0.0000000,0.0000000,0,4.9897976109090935555944867897,55.906605611774540240462777436,60.162279536488754219960475962,691180400
8.74,0,0.0965469742388737764518960225,0.0965469742388738,0.0936430847435645,0.0965469742388738,0.0936430847435645,0,0.0000000,0.0000000,0,4.9878638288400655555944867898,55.890433946506881074920088073,60.152335451582831610753491395,691972100
8.75,0,0.0964880445807715796046328030,0.0964880445807716,0.093590289312324,0.0964880445807716,0.093590289312324,0,0.0000000,0.0000000,0,4.9859332758725695555944867899,55.874239174994166242262693042,60.142376870064833705786722172,692763800
8.76,0,0.0964292548218570047157127557,0.096429254821857,0.0935376143710059,0.096429254821857,0.0935376143710059,0,0.0000000,0.0000000,0,4.984006032180196555594486789,55.858081903991984348608605661,60.13244715875760802545444972,693555600
8.77,0,0.0963705977815618740870871423,0.0963705977815619,0.0934850528206956,0.0963705977815619,0.0934850528206956,0,0.0000000,0.0000000,0,4.98208230430917255559448679,55.841907259910193441565193749,60.122506795115763755563872991,694347300
8.78,0,0.0963120832471269022687787866,0.0963120832471269,0.093432614529859,0.0963120832471269,0.093432614529859,0,0.0000000,0.0000000,0,4.9801620783545825555944867893,55.825781898302953865507974345,60.112603544073508276839740853,695139000
8.79,0,0.0962537063005114867532181811,0.0962537063005115,0.0933802946612563,0.0962537063005115,0.0933802946612563,0,0.000000,0.000000,0,4.9782450544625215555944867889,55.809632373532959708770354522,60.102685021575295955197412568,695930800
8.80,0,0.0961954600640021018784619833,0.0961954600640021,0.0933280864175518,0.0961954600640021,0.0933280864175518,0,0.0000000,0.0000000,0,4.976331318538827555594486789,55.793521956489765336650343393,60.092796471127157064174749898,696722500
8.81,0,0.0961373530291022582986482530,0.0961373530291022,0.0932759983702074,0.0961373530291022,0.0932759983702074,0,0.0000000,0.0000000,0,4.9744213513063625555944867899,55.777404431466741827034026717,60.082904355561654656226808525,697514200
8.82,0,0.0960793868750341383648027031,0.0960793868750341,0.0932240322779861,0.0960793868750341,0.0932240322779861,0,0.0000000,0.0000000,0,4.9725142572934275555944867896,55.761290250180535984633796146,60.073016925327943923348509823,698305900
8.83,0,0.0960215481356617536102924136,0.0960215481356618,0.0931721747538786,0.0960215481356618,0.0931721747538786,0,0.0000000,0.0000000,0,4.9706108704717725555944867891,55.745220796862685210659893546,60.063163075759481826605494314,699097700
8.84,0,0.0959638477489298172275178598,0.0959638477489298,0.093120436814544,0.0959638477489298,0.093120436814544,0,0.0000000,0.0000000,0,4.9687106239825545555944867894,55.729125406867450864687107591,60.053292688753387783547012141,699889400
8.85,0,0.0959062748115361688583057363,0.0959062748115362,0.0930688076349852,0.0959062748115362,0.0930688076349852,0,0.0000000,0.0000000,0,4.9668138160745615555944867897,55.713082156670793780224408781,60.043461385184549026887730003,700681200
8.86,0,0.0958488405928542653137757040,0.0958488405928543,0.093017298562474,0.0958488405928543,0.093017298562474,0,0.0000000,0.0000000,0,4.9649199873544945555944867889,55.697009361686865364061956142,60.033611082921656362809703826,701472800
8.87,0,0.0957915313755510018016209080,0.095791531375551,0.0929658959571709,0.095791531375551,0.0929658959571709,0,0.0000000,0.0000000,0,4.9630299635901705555944867889,55.680956119834721439618007069,60.023776190625329491050609017,702264600
8.88,0,0.0957343699196626671983839270,0.0957343699196627,0.0929146226562043,0.0957343699196627,0.0929146226562043,0,0.0000000,0.0000000,0,4.9611430772964885555944867899,55.664945717070424464153963824,60.01397393334935701622544831,703056300
8.89,0,0.0956773238398328923279695144,0.0956773238398329,0.0928634463509104,0.0956773238398329,0.0928634463509104,0,0.0000000,0.0000000,0,4.9592591595688265555944867891,55.648910422530186262262850224,60.004155988096587883655892292,703848100
8.90,0,0.0956204147519293104213967308,0.0956204147519293,0.0928123887334525,0.0956204147519293,0.0928123887334525,0,0.0000000,0.0000000,0,4.9573788649808745555944867901,55.632919805872321873301018287,59.994371533977809020483042746,704639700
8.91,0,0.0955636405984886870755450385,0.0955636405984887,0.0927614478222687,0.0955636405984887,0.0927614478222687,0,0.0000000,0.0000000,0,4.9555018069132635555944867899,55.616912530446451979611544678,59.984577024525485023318884865,705431500
8.92,0,0.0955070008178369609155520331,0.095507000817837,0.0927106231311942,0.095507000817837,0.0927106231311942,0,0.0000000,0.0000000,0,4.9536280090190535555944867889,55.600915451908251199835634289,59.974791635347746725937153824,706223200
8.93,0,0.0954504857784888379799150677,0.0954504857784888,0.0926599051038635,0.0954504857784888,0.0926599051038635,0,0.0000000,0.0000000,0,4.9517572242109885555944867892,55.584952445464328209628903436,59.965032639156629375741842336,707015000
8.94,0,0.0953940956037212499160043350,0.0953940956037212,0.0926092939382859,0.0953940956037212,0.0926092939382859,0,0.0000000,0.0000000,0,4.9498899923265275555944867894,55.568989843065607588572519569,59.955275472927674174493660153,707806700
8.95,0,0.0953378478104992254355196269,0.0953378478104992,0.0925588072257742,0.0953378478104992,0.0925588072257742,0,0.0000000,0.0000000,0,4.9480257645517745555944867888,55.553015533645351786916813916,59.945511956883960887120099855,708598400
8.96,0,0.0952817251979110317188858079,0.095281725197911,0.092508427839382,0.095281725197911,0.092508427839382,0,0.0000000,0.0000000,0,4.9461653036029575555944867898,55.537101633279723144506166415,59.935792937759530951782951432,709390100
8.97,0,0.0952257230377068487428854237,0.0952257230377068,0.0924581511244447,0.0952257230377068,0.0924581511244447,0,0.0000000,0.0000000,0,4.9443074751368285555944867888,55.521168350902078449023998283,59.926062388147053563410703636,710181900
8.98,0,0.0951698564533914226189944120,0.0951698564533914,0.0924079922776744,0.0951698564533914,0.0924079922776744,0,0.0000000,0.0000000,0,4.9424530494751345555944867889,55.505236828637280877106342815,59.916334721981052646789281774,710973600
8.99,0,0.0951141095746977036373108708,0.0951141095746977,0.0923579355016362,0.0951141095746977,0.0923579355016362,0,0.0000000,0.0000000,0,4.9406019983125175555944867896,55.489354258085534753759210222,59.906643658439337867127415213,711765300
9.00,0,0.0950584956718543066497152630,0.0950584956718543,0.0923079941390176,0.0950584956718543,0.0923079941390176,0,0.0000000,0.0000000,0,4.9387539329538735555944867888,55.473446078614576880629107365,59.896936273985786939678001674,712557100
9.01,0,0.0950030120523563266213838932,0.0950030120523563,0.0922581655694017,0.0950030120523563,0.0922581655694017,0,0.0000000,0.0000000,0,4.9369091326986365555944867893,55.457555224494531287387249736,59.887242972750138720418300162,713348800
9.02,0,0.0949476494196548049434230371,0.0949476494196548,0.0922084405679591,0.0949476494196548,0.0922084405679591,0,0.0000000,0.0000000,0,4.9350675742755345555944867897,55.441712873367184554120102643,59.877586017574413153863163155,714140500
9.03,0,0.0948924187970659120036762684,0.0948924187970659,0.0921588302293591,0.0948924187970659,0.0921588302293591,0,0.0000000,0.0000000,0,4.9332292475847595555944867898,55.425839016775157519196407117,59.867908281868943681354732034,714932200
9.04,0,0.0948373071790597388448268177,0.0948373071790598,0.0921093216190609,0.0948373071790598,0.0921093216190609,0,0.0000000,0.0000000,0,4.9313940475848195555944867888,55.409989979081565937781888109,59.858250058414659462480076143,715724000
9.05,0,0.0947823256651062702936799532,0.0947823256651063,0.0920599259071617,0.0947823256651063,0.0920599259071617,0,0.0000000,0.0000000,0,4.9295619060331355555944867902,55.394169012858138398256751971,59.848613712156688489250926744,716515700
9.06,0,0.0947274730603755365426734118,0.0947274730603755,0.092010641969099,0.0947274730603755,0.092010641969099,0,0.0000000,0.0000000,0,4.9277330366980445555944867889,55.378335969736059572526148248,59.838970386156955230213409665,717307500
9.07,0,0.0946727409025006548271026687,0.0946727409025006,0.091961461412416,0.0946727409025006,0.091961461412416,0,0.0000000,0.0000000,0,4.9259073661750295555944867898,55.36251819818546659717919741,59.829339649969458040085772346,718099100
9.08,0,0.0946181357551600810321620112,0.0946181357551601,0.091912390870346,0.0946181357551601,0.091912390870346,0,0.0000000,0.0000000,0,4.92408482334216355559448679,55.346737640210905708904510291,59.81973720365659119974937311,718890900
9.09,0,0.0945636494030882203553422711,0.0945636494030882,0.091863422196825,0.0945636494030882,0.091863422196825,0,0.0000000,0.0000000,0,4.9222652575870965555944867892,55.330943905280624979113525313,59.810127226047142903955018844,719682600
9.10,0,0.0945092914855150252673599320,0.094509291485515,0.0918145650999335,0.094509291485515,0.0918145650999335,0,0.0000000,0.0000000,0,4.9204488333993395555944867892,55.315155786245295375198138177,59.800522962563625380116645687,720474400
9.11,0,0.0944533008838395564346694787,0.0944533008838396,0.0917640585295724,0.0944533008838396,0.0917640585295724,0,0.0000000,0.0000000,0,4.9186359353381465555944867898,55.299389467528547343692865415,59.790935588963848194621919872,721266000
9.12,0,0.0943971569034857196591572357,0.0943971569034857,0.0917133818593204,0.0943971569034857,0.0917133818593204,0,0.0000000,0.0000000,0,4.9168256777385005555944867894,55.283652240053134726271441791,59.781371093978529210530083847,722057800
9.13,0,0.0943411405952772251204203621,0.0943411405952772,0.0916628162078117,0.0943411405952772,0.0916628162078117,0,0.0000000,0.0000000,0,4.9150188534937955555944867898,55.267916554058620638271626785,59.771809098475770827132318149,722849600
9.14,0,0.0942852595084350396609289196,0.094285259508435,0.091612369191735,0.094285259508435,0.091612369191735,0,0.0000000,0.0000000,0,4.9132150662944715555944867897,55.252175744378253401207535504,59.762245204548865402736174188,723641300
9.15,0,0.0942295162877071869920711205,0.0942295162877072,0.0915620435229654,0.0942295162877072,0.0915620435229654,0,0.0000000,0.0000000,0,4.9114142669311805555944867902,55.236450287371223595090632207,59.752694039496554825897964728,724433000
9.16,0,0.0941738966522405673353157894,0.0941738966522406,0.0915118249874386,0.0941738966522406,0.0915118249874386,0,0.0000000,0.0000000,0,4.9096166340721565555944867897,55.22076465303682789383152643,59.743172857535551484822184028,725224800
9.17,0,0.0941184131756425688202001062,0.0941184131756426,0.0914617262252145,0.0941184131756426,0.0914617262252145,0,0.0000000,0.0000000,0,4.9078219766929215555944867898,55.205070444723668869871903622,59.73364733845890372243501528,726016500
9.18,0,0.0940630649631937744049005343,0.0940630649631938,0.0914117464076914,0.0940630649631938,0.0914117464076914,0,0.0000000,0.0000000,0,4.9060305789008085555944867891,55.189378179844944078179910003,59.724124703706384163336015219,726808300
9.19,0,0.0940078511154288935534580904,0.0940078511154289,0.0913618847011896,0.0940078511154289,0.0913618847011896,0,0.0000000,0.0000000,0,4.90424221057033455559448679,55.173709857570805474316526235,59.714620820832941182280870252,727599900
9.20,0,0.0939527509032904735316435174,0.0939527509032905,0.0913121204421069,0.0939527509032905,0.0913121204421069,0,0.0000000,0.0000000,0,4.9024566121650235555944867893,55.158069670173870542421028565,59.705138898356760787149350648,728391700
9.21,0,0.0938977946673231888965354317,0.0938977946673232,0.0912624840361147,0.0938977946673232,0.0912624840361147,0,0.0000000,0.0000000,0,4.9006744322032485555944867894,55.14241657351743211266117091,59.695649097359386214725509663,729183400
9.22,0,0.0938429621331034615685046266,0.0938429621331034,0.0912129552735897,0.0938429621331034,0.0912129552735897,0,0.0000000,0.0000000,0,4.8988951493038795555944867893,55.126784332644307953661909787,59.686175929369883082994907507,729975200
9.23,0,0.0937882631005726439349658113,0.0937882631005726,0.0911635440189492,0.0937882631005726,0.0911635440189492,0,0.0000000,0.0000000,0,4.89711902565417255559448679,55.11115132209888565377889361,59.676703743850945298427199454,730766800
9.24,0,0.0937336961507880645725983124,0.0937336961507881,0.0911142489174038,0.0937336961507881,0.0911142489174038,0,0.0000000,0.0000000,0,4.8953457310110135555944867895,55.095540261560304359513129558,59.667249006133653046216900945,731558600
9.25,0,0.0936792520124736708628069533,0.0936792520124737,0.0910650607615102,0.0936792520124737,0.0910650607615102,0,0.0000000,0.0000000,0,4.89357544834799255559448679,55.079964693169961105170548705,59.657821164424499885737788656,732350300
9.26,0,0.0936249396486123217651749822,0.0936249396486123,0.0910159885777651,0.0936249396486123,0.0910159885777651,0,0.0000000,0.0000000,0,4.8918083187715675555944867888,55.064375466082665264410169974,59.648385101145221470242196908,733142100
9.27,0,0.0935707483230561384479234284,0.0935707483230561,0.090967021693218,0.0935707483230561,0.090967021693218,0,0.0000000,0.0000000,0,4.89004415410535255559448679,55.04879458270553224162501321,59.638956636586755642018482754,733933800
9.28,0,0.0935166900869449922488402116,0.093516690086945,0.0909181722218911,0.093516690086945,0.0909181722218911,0,0.0000000,0.0000000,0,4.8882830476531675555944867894,55.03322930200135069323758353,59.629540833347388213911877651,734725500
9.29,0,0.0934627615865424667322659684,0.0934627615865425,0.0908694368726171,0.0934627615865425,0.0908694368726171,0,0.0000000,0.0000000,0,4.886524799289106555594486789,55.01766710070622827121705081,59.620128960369523237633045721,735517200
9.30,0,0.0934089544091081492641967517,0.0934089544091082,0.0908208072949138,0.0934089544091082,0.0908208072949138,0,0.0000000,0.0000000,0,4.8847697139349545555944867888,55.002159302014318704788644894,59.610757208764580405176790255,736309000
9.31,0,0.0933552762895405843378042794,0.0933552762895406,0.0907722912856286,0.0933552762895406,0.0907722912856286,0,0.0000000,0.0000000,0,4.88301754408738855559448679,54.986629763689703110016578824,59.601371659025446229975653937,737100700
9.32,0,0.0933017201939414729608915125,0.0933017201939415,0.0907238818725045,0.0933017201939415,0.0907238818725045,0,0.0000000,0.0000000,0,4.8812684254871205555944867897,54.971115326208621593318476814,59.591998364614134711916730118,737892400
9.33,0,0.0932482923250370730071144851,0.0932482923250371,0.0906755853196034,0.0932482923250371,0.0906755853196034,0,0.0000000,0.0000000,0,4.8795220268792235555944867891,54.955603365971560784238815006,59.582628654129709333990065956,738684200
9.34,0,0.0931949838806355022622650264,0.0931949838806355,0.0906273928857652,0.0931949838806355,0.0906273928857652,0,0.0000000,0.0000000,0,4.87777881546901955559448679,54.940109235456937218240036934,59.573272983327859101414116212,739475900
9.35,0,0.0931418040674604883191401076,0.0931418040674605,0.0905793138384435,0.0931418040674605,0.0905793138384435,0,0.0000000,0.0000000,0,4.8760383543868165555944867893,54.924628973452590810091520449,59.563928937557475941878415661,740267600
9.36,0,0.0930887441566350713445870360,0.0930887441566351,0.0905313395091908,0.0930887441566351,0.0905313395091908,0,0.0000000,0.0000000,0,4.8743010635164825555944867894,54.909157896084568238581705048,59.554592776726228703083223064,741059300
9.37,0,0.0930358105865624266694336933,0.0930358105865624,0.0904834763965413,0.0930358105865624,0.0904834763965413,0,0.0000000,0.0000000,0,4.8725668218956755555944867888,54.893729853355437977095915906,59.545288644396073000417587031,741851100
9.38,0,0.0929830060991372573018268457,0.0929830060991373,0.0904357273022241,0.0929830060991373,0.0904357273022241,0,0.0000000,0.0000000,0,4.8708351228913625555944867899,54.878282414332181014062291163,59.5359726675795873954763964,742642800
9.39,0,0.0929303182906129031056343902,0.0929303182906129,0.0903880798820318,0.0929303182906129,0.0903880798820318,0,0.0000000,0.0000000,0,4.86910635030732555559448679,54.862849518026444291916274899,59.526668574784589060310346381,743434600
9.40,0,0.0928777492777088628063698961,0.0928777492777089,0.09034053631193,0.0928777492777089,0.09034053631193,0,0.0000000,0.0000000,0,4.8673807931070515555944867892,54.847434533704110286410859445,59.517378466811191540886339316,744226200
9.41,0,0.0928253052056514978241266225,0.0928253052056515,0.0902931027960999,0.0928253052056515,0.0902931027960999,0,0.0000000,0.0000000,0,4.8656580399167475555944867888,54.832025906766220484803619414,59.508094520958463704616675299,745018000
9.42,0,0.0927729892722403545076783021,0.0927729892722404,0.0902457825910056,0.0927729892722404,0.0902457825910056,0,0.0000000,0.0000000,0,4.8639384113966055555944867899,54.816633047513516342659720964,59.498823096434174458125726623,745809700
9.43,0,0.0927207878465111750186453823,0.0927207878465112,0.0901985621240596,0.0927207878465112,0.0901985621240596,0,0.0000000,0.0000000,0,4.8622213897243485555944867892,54.801244931998406025785796277,59.489556854498065345337654857,746601500
9.44,0,0.0926687149063150688746593525,0.0926687149063151,0.0901514554312035,0.0926687149063151,0.0901514554312035,0,0.0000000,0.0000000,0,4.8605073018116805555944867894,54.785876385911476142569298646,59.480305989086267845764638931,747393200
9.45,0,0.0926167451216754562238217058,0.0926167451216755,0.0901044372402663,0.0926167451216755,0.0901044372402663,0,0.0000000,0.0000000,0,4.8587962140987525555944867895,54.770546518602000152626505147,59.471083976835453888526750978,748184900
9.46,0,0.0925649121689074438206315270,0.0925649121689074,0.0900575412850856,0.0925649121689074,0.0900575412850856,0,0.0000000,0.0000000,0,4.8570877109214925555944867893,54.755194720652478624758172629,59.461848207882458877683954768,748976600
9.47,0,0.0925131929481480177610923129,0.092513192948148,0.0900107445230395,0.092513192948148,0.0900107445230395,0,0.0000000,0.0000000,0,4.8553825751726645555944867891,54.739866391747286622333714611,59.452630119068119794288278974,749768400
9.48,0,0.0924615898379984597123464429,0.0924615898379985,0.0899640493896909,0.0924615898379985,0.0899640493896909,0,0.0000000,0.0000000,0,4.8536797678623005555944867897,54.724536304054606821904035011,59.443412812466711496813446765,750560100
9.49,0,0.0924101086676421567500755096,0.0924101086676422,0.0899174617709064,0.0924101086676422,0.0899174617709064,0,0.0000000,0.0000000,0,4.8519802846982725555944867899,54.709228546292274149590678632,59.434212391335857814686987291,751351800
9.50,0,0.0923587434852319326734884018,0.0923587434852319,0.0898709757712457,0.0923587434852319,0.0898709757712457,0,0.0000000,0.0000000,0,4.850283149043602555594486789,54.693924618822448735079076054,59.425016675572219185390128896,752143600
9.51,0,0.0923075007493793934674273911,0.0923075007493794,0.0898245979054524,0.0923075007493794,0.0898245979054524,0,0.0000000,0.0000000,0,4.8485892727180935555944867897,54.678641419915026058097555678,59.415836743875458735804650097,752935300
9.52,0,0.0922563722153328446984144548,0.0922563722153329,0.0897783199846333,0.0922563722153329,0.0897783199846333,0,0.0000000,0.0000000,0,4.8468982269542195555944867897,54.663372390662308625138643077,59.406668350051881148741211799,753727000
9.53,0,0.0922053664192161074586404884,0.0922053664192161,0.0897321506004994,0.0922053664192161,0.0897321506004994,0,0.0000000,0.0000000,0,4.8452096307433835555944867894,54.648111968154656093861450887,59.397507912257197682562761261,754518700
9.54,0,0.0921544627049447655338353874,0.0921544627049448,0.089686069152283,0.0921544627049448,0.089686069152283,0,0.0000000,0.0000000,0,4.8435244177140035555944867897,54.632863801318531647235059472,59.388357089150519617389527579,755310500
9.55,0,0.0921036921703813774283154993,0.0921036921703814,0.0896401067928952,0.0921036921703814,0.0896401067928952,0,0.0000000,0.0000000,0,4.84184178906514555559448679,54.617627011491201135726029251,59.379216028312449937963621787,756102200
9.56,0,0.0920530227211721701213257135,0.0920530227211722,0.0895942314827636,0.0920530227211722,0.0895942314827636,0,0.0000000,0.0000000,0,4.840161727047178555594486789,54.602401147128139066253238454,59.370084415951780290164018464,756894000
9.57,0,0.0920024864086354430260271519,0.0920024864086354,0.0895484753277223,0.0920024864086354,0.0895484753277223,0,0.0000000,0.0000000,0,4.8384847757301195555944867898,54.5871923430436508386231121,59.360966048674955951497070504,757685600
9.58,0,0.0919520504100260815176630163,0.0919520504100261,0.0895028055592783,0.0919520504100261,0.0895028055592783,0,0.0000000,0.0000000,0,4.8368105210776505555944867899,54.572017168112695230300520551,59.351873052224062293808747777,758477400
9.59,0,0.0919017350695057469736045185,0.0919017350695058,0.089457242575583,0.0919017350695058,0.089457242575583,0,0.0000000,0.0000000,0,4.8351391045661045555944867893,54.556835751840362998472108932,59.342777039823070783913570241,759269200
9.60,0,0.0918515317114646710371067397,0.0918515317114647,0.0894117777547556,0.0918515317114647,0.0894117777547556,0,0.0000000,0.0000000,0,4.8334703785368135555944867898,54.541656603377649599618271753,59.33368417404239242927334324,760060900
9.61,0,0.0918014482459286712820603154,0.0918014482459287,0.0893664190602912,0.0918014482459287,0.0893664190602912,0,0.0000000,0.0000000,0,4.8318043471766715555944867894,54.526487880069421011398447684,59.324600215157274473452376746,760852600
9.62,0,0.0917514752905652139480982567,0.0917514752905652,0.089321157163069,0.0917514752905652,0.089321157163069,0,0.0000000,0.0000000,0,4.8301413069623065555944867902,54.51133896322978731866941795,59.315531495587930199190879042,761644400
9.63,0,0.0917016226838567013877035579,0.0917016226838567,0.0892760019545268,0.0917016226838567,0.0892760019545268,0,0.0000000,0.0000000,0,4.8284810618278975555944867893,54.496205462174982827808657413,59.306475087841581865983593141,762436100
9.64,0,0.0916518681185416186436658512,0.0916518681185416,0.0892309311801035,0.0916518681185416,0.0892309311801035,0,0.0000000,0.0000000,0,4.8268231893416005555944867893,54.481077994512240272043850097,59.297424761735588786987787853,763227800
9.65,0,0.0916022345760921116573096678,0.0916022345760921,0.0891859678737182,0.0916022345760921,0.0891859678737182,0,0.0000000,0.0000000,0,4.8251684401292115555944867895,54.465959011723306952414761727,59.288381492305811200247338376,764019500
9.66,0,0.0915527183214452040741273333,0.0915527183214452,0.089141108352503,0.0915527183214452,0.089141108352503,0,0.0000000,0.0000000,0,4.8235164119425785555944867899,54.450864657173269030333456781,59.279357086955257047334238061,764811300
9.67,0,0.0915033115519125247164172189,0.0915033115519125,0.0890963448657142,0.0915033115519125,0.0890963448657142,0,0.0000000,0.0000000,0,4.8218669808416315555944867901,54.435769955216546925280282577,59.270333991270926936780419891,765603000
9.68,0,0.0914540128957840407492124037,0.091454012895784,0.0890516760933371,0.091454012895784,0.0890516760933371,0,0.0000000,0.0000000,0,4.820220491044737555594486789,54.420693508224716113569390549,59.261325004978309039373573403,766394800
9.69,0,0.0914048227640620241061530138,0.091404822764062,0.0890071024978219,0.091404822764062,0.0890071024978219,0,0.0000000,0.0000000,0,4.8185763337855115555944867891,54.40563287255617001258443787,59.252328997410161640865764309,767186400
9.70,0,0.0913557503539549837682405583,0.091355750353955,0.0889626333275788,0.091355750353955,0.0889626333275788,0,0.0000000,0.0000000,0,4.8169352118540675555944867895,54.390581341958357921346985795,59.24334050826782577476607226,767978200
9.71,0,0.0913067854362263545800029906,0.0913067854362264,0.0889182584043279,0.0913067854362264,0.0889182584043279,0,0.0000000,0.0000000,0,4.8152969029696255555944867896,54.37554209493848643885162489,59.234361995285920665098820005,768769900
9.72,0,0.0912579363596223460911904109,0.0912579363596224,0.0888739861275288,0.0912579363596224,0.0888739861275288,0,0.0000000,0.0000000,0,4.8136611560759185555944867888,54.360518301399821964325421406,59.225395939346024217643427794,769561700
9.73,0,0.0912091861102462645818225190,0.0912091861102463,0.0888297995337563,0.0912091861102463,0.0888297995337563,0,0.000000,0.000000,0,4.8120279783148835555944867901,54.34550118121606104394509455,59.216436116543473974232408137,770353300
9.74,0,0.0911605515266606470147685715,0.0911605515266606,0.0887857155118035,0.0911605515266606,0.0887857155118035,0,0.0000000,0.0000000,0,4.8103977167604885555944867899,54.330493208281719009634744864,59.207483912627449992959028897,771145100
9.75,0,0.0911120330360819225278504236,0.0911120330360819,0.0887417345388784,0.0911120330360819,0.0887417345388784,0,0.0000000,0.0000000,0,4.8087698545648535555944867892,54.315505011902513043999472763,59.198547348298560574950978277,771936800
9.76,0,0.0910636208354907886251308942,0.0910636208354908,0.0886978468617153,0.0910636208354908,0.0886978468617153,0,0.0000000,0.0000000,0,4.8071451511077115555944867888,54.300528234426001639253014936,59.189619735030539624894700236,772728600
9.77,0,0.0910153034181438587756056881,0.0910153034181439,0.0886540410230877,0.0910153034181439,0.0886540410230877,0,0.0000000,0.0000000,0,4.8055228236083895555944867899,54.285564661689536210746344569,59.18070311691438654985311858,773520300
9.78,0,0.0909671135619947068221358394,0.0909671135619947,0.0886103498502309,0.0909671135619947,0.0886103498502309,0,0.0000000,0.0000000,0,4.8039031669507425555944867896,54.270607427277599999376162621,59.171792333555123090510216306,774312000
9.79,0,0.0909190170458186746567315615,0.0909190170458187,0.0885667391709683,0.0909190170458187,0.0885667391709683,0,0.000000,0.000000,0,4.8022861201255725555944867894,54.25566843694595133780293452,59.162895842091312179056575823,775103700
9.80,0,0.0908710355758987343907762818,0.0908710355758988,0.0885232307403981,0.0908710355758988,0.0885232307403981,0,0.0000000,0.0000000,0,4.8006720514939005555944867888,54.240742511113152612505242766,59.154009595431685373816608426,775895500
9.81,0,0.0908231590059548588469587438,0.0908231590059549,0.0884798144608245,0.0908231590059549,0.0884798144608245,0,0.0000000,0.0000000,0,4.79906006464640655559448679,54.225789906697296510081149122,59.14510644782746914903434001,776687200
9.82,0,0.0907753871776924681920863182,0.0907753871776925,0.0884364902223071,0.0907753871776925,0.0884364902223071,0,0.0000000,0.0000000,0,4.7974512766615445555944867896,54.210896360952951726599938453,59.136245758991353660842037116,777478900
9.83,0,0.0907277185318104419003680657,0.0907277185318104,0.0883932565136704,0.0907277185318104,0.0883932565136704,0,0.0000000,0.0000000,0,4.7958449262448535555944867892,54.196003554229965410761831316,59.127387132649459256137604381,778270700
9.84,0,0.0906801641916220141175226858,0.090680164191622,0.0883501245061258,0.090680164191622,0.0883501245061258,0,0.0000000,0.0000000,0,4.79424128212201955559448679,54.181122636770222234624560685,59.118538150681754196782265904,779062400
9.85,0,0.0906327125278222050504171096,0.0906327125278222,0.0883070826180407,0.0906327125278222,0.0883070826180407,0,0.0000000,0.0000000,0,4.7926401733950765555944867895,54.16625568896262322532413097,59.109700444403307800682541973,779854100
9.86,0,0.0905853646636253832140534016,0.0905853646636254,0.0882641320200769,0.0905853646636254,0.0882641320200769,0,0.0000000,0.0000000,0,4.7910415422965525555944867897,54.151398401246842716672156509,59.100871021668350259609645174,780645800
9.87,0,0.0905381193246245823691502404,0.0905381193246246,0.0882212714850514,0.0905381193246246,0.0882212714850514,0,0.0000000,0.0000000,0,4.7894456505297045555944867899,54.136561695837222842063821471,59.092057303377304038742514811,781437600
9.88,0,0.0904909870769052223788370991,0.0904909870769052,0.0881785116260514,0.0904909870769052,0.0881785116260514,0,0.0000000,0.0000000,0,4.7878525185089865555944867895,54.121724414142069260704048568,59.08324433407066198758507537,782229300
9.89,0,0.0904439557805841470951744415,0.0904439557805841,0.0881358403499744,0.0904439557805841,0.0881358403499744,0,0.0000000,0.0000000,0,4.7862619136317455555944867891,54.106908861795051695512699032,59.074448071754881669239680166,783021100
9.90,0,0.0903970284269901541796141552,0.0903970284269902,0.0880932606947103,0.0903970284269902,0.0880932606947103,0,0.0000000,0.0000000,0,4.7846738367211115555944867897,54.092108959858087337578765375,59.065664215911793551558281202,783812700
9.91,0,0.0903502023965988252389312596,0.0903502023965988,0.0880507700870772,0.0903502023965988,0.0880507700870772,0,0.0000000,0.0000000,0,4.7830884160892335555944867889,54.077308989604325362585512991,59.05688154140784225460781322,784604500
9.92,0,0.0903034867390002671530981072,0.0903034867390003,0.0880083776227903,0.0903034867390003,0.0880083776227903,0,0.0000000,0.0000000,0,4.7815057569643215555944867892,54.062529761734285975504444595,59.048114595380341471242913761,785396200
9.93,0,0.0902568629111922279875061632,0.0902568629111922,0.0879660648047566,0.0902568629111922,0.0879660648047566,0,0.0000000,0.0000000,0,4.779925177303998555594486789,54.047756735384794371887526451,59.03935382890821093137631391,786188000
9.94,0,0.0902103511092748335595486128,0.0902103511092748,0.0879238518747706,0.0902103511092748,0.0879238518747706,0,0.0000000,0.0000000,0,4.778347739810647555594486789,54.032977097407305921279110925,59.030589095518695792212495972,786979600
9.95,0,0.0901639388484872402740792746,0.0901639388484872,0.0878817263935519,0.0901639388484872,0.0878817263935519,0,0.0000000,0.0000000,0,4.7767725499870845555944867897,54.018231972313549458124112802,59.021850292026203331387294031,787771400
9.96,0,0.0901176269210530953254040680,0.0901176269210531,0.0878396891985925,0.0901176269210531,0.0878396891985925,0,0.0000000,0.0000000,0,4.7752000638213305555944867892,54.003512079815940681986584472,59.013130386730508123807781949,788563100
9.97,0,0.0900714251199562821212119347,0.0900714251199563,0.0877977501279332,0.0900714251199563,0.0877977501279332,0,0.0000000,0.0000000,0,4.7736299526635005555944867894,53.988787495383670886594563891,59.00440863475711895115214603,789354900
9.98,0,0.0900253242389376595443892781,0.0900253242389377,0.0877559000201616,0.0900253242389377,0.0877559000201616,0,0.0000000,0.0000000,0,4.7720626151924355555944867897,53.974084490696112374743315288,58.995703109155960952690553145,790146600
9.99,0,0.0899793109258692483831876749,0.0899793109258692,0.0877141255677877,0.0899793109258692,0.0877141255677877,0,0.0000000,0.0000000,0,4.7704976018794585555944867889,53.959386708257544964042314842,58.987002751695930428218167519,790938300
10.00,0,0.0899334083222619547956839152,0.089933408322262,0.0876724499567526,0.089933408322262,0.0876724499567526,0,0.0000000,0.0000000,0,4.7689355411557685555944867898,53.944708361051329902396696285,58.978316895306122676057457779,791730000
10.01,0,0.0899210992525086444076591771,0.0899210992525086,0.0876643560556727,0.0899210992525086,0.0876643560556727,0,0.0000000,0.0000000,0,4.7673754125164555555944867894,53.930032335064303230620361646,58.96963455723126800295572549,792521900
10.02,0,0.0899069021873574274076591771,0.0899069021873574,0.0876543623793142,0.0899069021873574,0.0876543623793142,0,0.0000000,0.0000000,0,4.76581824309799255559448679,53.915348256124549690453458483,58.96094734315678195493539142,793313600
10.03,0,0.0898927492065473764076591771,0.0898927492065474,0.08764440105123,0.0898927492065474,0.08764440105123,0,0.0000000,0.0000000,0,4.7642635493204205555944867892,53.900703128152677171846690394,58.952288831971764825184136737,794105200
10.04,0,0.0898786185479856774076591771,0.0898786185479857,0.0876344503529379,0.0898786185479857,0.0876344503529379,0,0.0000000,0.0000000,0,4.7627110106168525555944867893,53.886070384038945369698182298,58.943640653396710957241418931,794897000
10.05,0,0.0898645310734461584076591771,0.0898645310734462,0.0876245311896204,0.0898645310734462,0.0876245311896204,0,0.0000000,0.0000000,0,4.7611615052970045555944867895,53.871453436975296117469541047,58.935004264231336713954839763,795688800
10.06,0,0.0898504756969712214076591771,0.0898504756969712,0.0876146325185275,0.0898504756969712,0.0876146325185275,0,0.0000000,0.0000000,0,4.75961409211634355559448679,53.856837508970764862101403359,58.926370257436773912195733391,796480500
10.07,0,0.0898364434059651164076591771,0.0898364434059651,0.0876047453700713,0.0898364434059651,0.0876047453700713,0,0.0000000,0.0000000,0,4.75806943693701055559448679,53.842248977853179536808007314,58.917756466688593817591283517,797272200
10.08,0,0.0898224632611936814076591771,0.0898224632611937,0.0875948988478268,0.0898224632611937,0.0875948988478268,0,0.0000000,0.0000000,0,4.7565272248189315555944867896,53.827662658460124655773390081,58.909145501709727981885945752,798063900
10.09,0,0.0898084962996028124076591771,0.0898084962996028,0.0875850540313515,0.0898084962996028,0.0875850540313515,0,0.0000000,0.0000000,0,4.7549872921585295555944867891,53.81305401199070827527410727,58.900520276444762663147690494,798855700
10.10,0,0.0897945821895403164076591771,0.0897945821895403,0.0875752506314081,0.0897945821895403,0.0875752506314081,0,0.0000000,0.0000000,0,4.7534501494795915555944867893,53.798500743300327414073871941,58.891934867547244712892015224,799647400
10.11,0,0.0897806900417559854076591771,0.089780690041756,0.0875654578009661,0.089780690041756,0.0875654578009661,0,0.0000000,0.0000000,0,4.751915174432665555594486789,53.783954508428330750835506716,58.883355937371426437803130035,800439100
10.12,0,0.0897668400387949714076591771,0.089766840038795,0.0875556957645957,0.089766840038795,0.0875556957645957,0,0.0000000,0.0000000,0,4.7503829620404525555944867899,53.769424219682573459365034284,58.874789101131016567271235526,801230800
10.13,0,0.0897530119726928734076591771,0.0897530119726929,0.0875459443561647,0.0897530119726929,0.0875459443561647,0,0.0000000,0.0000000,0,4.7488533349923175555944867899,53.754899058264266584215199882,58.866226933314588604221382028,802022600
10.14,0,0.0897392277578944144076591771,0.0897392277578944,0.0875362255317573,0.0897392277578944,0.0875362255317573,0,0.0000000,0.0000000,0,4.7473257585029645555944867901,53.740394512388448920794405426,58.857680882069627341372751041,802814300
10.15,0,0.0897254743822041554076591771,0.0897254743822042,0.0875265263206267,0.0897254743822042,0.0875265263206267,0,0.0000000,0.0000000,0,4.74580084724112755559448679,53.725861276503895670289611376,58.849115634877950015502784283,803606000
10.16,0,0.0897117529067862534076591771,0.0897117529067862,0.0875168478251955,0.0897117529067862,0.0875168478251955,0,0.0000000,0.0000000,0,4.7442784926185415555944867901,53.711379248437295385612975524,58.840587428420296448243093156,804397800
10.17,0,0.0896980541729197834076591771,0.0896980541729198,0.0875071809278122,0.0896980541729198,0.0875071809278122,0,0.0000000,0.0000000,0,4.742758235785836555594486789,53.696907378220848697158980699,58.832067906681514343529391719,805189500
10.18,0,0.0896844062418651444076591771,0.0896844062418651,0.0874975537306183,0.0896844062418651,0.0874975537306183,0,0.0000000,0.0000000,0,4.741240668002079555594486789,53.682445842699776623420525033,58.823556543400674774781281504,805981200
10.19,0,0.0896707820283082774076591771,0.0896707820283083,0.0874879391889943,0.0896707820283083,0.0874879391889943,0,0.0000000,0.0000000,0,4.7397253395235295555944867891,53.667992547677007727196909935,58.815052344390850187871354891,806772900
10.20,0,0.0896571887854212304076591771,0.0896571887854212,0.0874783445966204,0.0896571887854212,0.0874783445966204,0,0.0000000,0.0000000,0,4.7382127778457525555944867895,53.653527507796371621426098412,58.806540696422894602578405357,807564700
10.21,0,0.0896436259706617704076591771,0.0896436259706618,0.0874687694512779,0.0896436259706618,0.0874687694512779,0,0.0000000,0.0000000,0,4.7367023983675985555944867896,53.639107875108886409411539117,58.798062346258730175155264462,808356400
10.22,0,0.0896300959554245874076591771,0.0896300959554246,0.0874592161645008,0.0896300959554246,0.0874592161645008,0,0.0000000,0.0000000,0,4.7351945093883765555944867891,53.624690690707979369818124875,58.789586788037313231153502284,809148200
10.23,0,0.0896165986827046834076591771,0.0896165986827047,0.0874496847192405,0.0896165986827047,0.0874496847192405,0,0.0000000,0.0000000,0,4.7336890804981925555944867897,53.610293182681011109603652074,58.781126135455803426993896631,809939800
10.24,0,0.0896031417304981404076591771,0.0896031417304981,0.0874401827332677,0.0896031417304981,0.0874401827332677,0,0.0000000,0.0000000,0,4.7321858425038435555944867893,53.595905623085288533086190152,58.772673843682399609240908346,810731600
10.25,0,0.0895897055413854434076591771,0.0895897055413854,0.0874306906887563,0.0895897055413854,0.0874306906887563,0,0.0000000,0.0000000,0,4.7306852741921735555944867898,53.581507038861632292642708426,58.764214664893131541826173772,811523300
10.26,0,0.0895763119130126534076591771,0.0895763119130126,0.087421230422766,0.0895763119130126,0.087421230422766,0,0.0000000,0.0000000,0,4.7291870748513125555944867892,53.567144864431039526943868086,58.755782195756419743802621108,812315100
10.27,0,0.0895629387604427444076591771,0.0895629387604428,0.0874117798895944,0.0895629387604428,0.0874117798895944,0,0.0000000,0.0000000,0,4.7276908086121395555944867895,53.552784975819746445868165699,58.747352964021153899111717459,813106800
10.28,0,0.0895496083342206414076591771,0.0895496083342206,0.0874023613788428,0.0895496083342206,0.0874023613788428,0,0.0000000,0.0000000,0,4.7261975209260385555944867898,53.53845643510416749956893819,58.738946193042010675505007065,813898500
10.29,0,0.0895363080981908624076591771,0.0895363080981909,0.0873929623932352,0.0895363080981909,0.0873929623932352,0,0.0000000,0.0000000,0,4.7247064210906715555944867894,53.524127678331039945999098545,58.730540602920063000896508249,814690200
10.30,0,0.0895230283033604244076591771,0.0895230283033604,0.0873835732224821,0.0895230283033604,0.0873835732224821,0,0.0000000,0.0000000,0,4.7232173155986955555944867899,53.509783497464589837478064066,58.722125738359912689644154278,815482000
10.31,0,0.0895097801259911654076591771,0.0895097801259912,0.0873742050813735,0.0895097801259912,0.0873742050813735,0,0.0000000,0.0000000,0,4.7217311710256195555944867891,53.49548083419455712808033924,58.713740444332015974201755298,816273700
10.32,0,0.0894965742929316514076591771,0.0894965742929316,0.087364868735112,0.0894965742929316,0.087364868735112,0,0.0000000,0.0000000,0,4.7202471565980045555944867895,53.481191332688768679294258903,58.705365743723688577705675252,817065400
10.33,0,0.0894833976791675574076591771,0.0894833976791676,0.087355551096864,0.0894833976791676,0.087355551096864,0,0.0000000,0.0000000,0,4.7187653811727965555944867896,53.466913934972034832591055008,58.697000764030192739938814661,817857200
10.34,0,0.0894702525010807304076591771,0.0894702525010807,0.0873462544210199,0.0894702525010807,0.0873462544210199,0,0.0000000,0.0000000,0,4.7172860489248465555944867888,53.452619979736378647334202106,58.688625185082892649110861918,818648900
10.35,0,0.0894571286333793474076591771,0.0894571286333794,0.0873369686201249,0.0894571286333794,0.0873369686201249,0,0.0000000,0.0000000,0,4.7158090251373385555944867894,53.438363571317738907902578218,58.680277058684496884308872723,819440600
10.36,0,0.0894440449915326224076591771,0.0894440449915326,0.0873277126473147,0.0894440449915326,0.0873277126473147,0,0.0000000,0.0000000,0,4.7143344125836105555944867891,53.424128185087565520671282786,58.671944676611737477567347365,820232300
10.37,0,0.0894309826376756704076591771,0.0894309826376757,0.0873184676022216,0.0894309826376757,0.0873184676022216,0,0.0000000,0.0000000,0,4.7128622140328155555944867895,53.409897378023679451910776112,58.663616504814393893384637349,821024100
10.38,0,0.0894179594140537804076591771,0.0894179594140538,0.0873092513644193,0.0894179594140538,0.0873092513644193,0,0.0000000,0.0000000,0,4.7113920755987625555944867893,53.395653939214110896553730824,58.655280875757119753157336469,821815800
10.39,0,0.0894049686409999934076591771,0.089404968641,0.0873000572914015,0.089404968641,0.0873000572914015,0,0.0000000,0.0000000,0,4.709924547218016555594486789,53.381451600094387592526401335,58.646974796015910261962870308,822607600
10.40,0,0.0893919977908871974076591771,0.0893919977908872,0.0872908728925349,0.0893919977908872,0.0872908728925349,0,0.0000000,0.0000000,0,4.7084590241757085555944867893,53.367255639914394832246312167,58.638674612774175910710131934,823399200
10.41,0,0.0893790670378717024076591771,0.0893790670378717,0.0872817183788039,0.0893790670378717,0.0872817183788039,0,0.0000000,0.0000000,0,4.7069959524475725555944867894,53.353073129279565353042106625,58.630384767756128786753524278,824191000
10.42,0,0.0893661655547203884076591771,0.0893661655547204,0.0872725829596382,0.0893661655547204,0.0872725829596382,0,0.0000000,0.0000000,0,4.7055353856294795555944867899,53.3388783515839389909350877,58.622087188359936166197190596,824982700
10.43,0,0.0893532862193876324076591771,0.0893532862193876,0.087263459549491,0.0893532862193876,0.087263459549491,0,0.0000000,0.0000000,0,4.7040769492536885555944867896,53.32472469756837289743634213,58.613819656260008907532828628,825774500
10.44,0,0.0893404466913603894076591771,0.0893404466913604,0.0872543658441846,0.0893404466913604,0.0872543658441846,0,0.0000000,0.0000000,0,4.7026206246681085555944867901,53.310573022081140304068485769,58.605554781819304960296820061,826566100
10.45,0,0.0893276263995078184076591771,0.0893276263995078,0.0872452813087614,0.0893276263995078,0.0872452813087614,0,0.0000000,0.0000000,0,4.7011670267564165555944867899,53.296419153964919319665033757,58.597288945979965338300050168,827357900
10.46,0,0.0893148380763574424076591771,0.0893148380763574,0.0872362187117605,0.0893148380763574,0.0872362187117605,0,0.0000000,0.0000000,0,4.6997153535831535555944867902,53.282296409628197512525107689,58.589046352564643528517102959,828149600
10.47,0,0.0893020877111616694076591771,0.0893020877111617,0.0872271840782851,0.0893020877111617,0.0872271840782851,0,0.0000000,0.0000000,0,4.6982662909727085555944867893,53.268192159419689057984360428,58.580817377286861560336776157,828941400
10.48,0,0.0892893592932143224076591771,0.0892893592932143,0.0872181614333201,0.0892893592932143,0.0872181614333201,0,0.0000000,0.0000000,0,4.696819115205034555594486789,53.254097735148545473113438813,58.572596762883772561047252846,829733100
10.49,0,0.0892766599931117784076591771,0.0892766599931118,0.087209157982994,0.0892766599931118,0.087209157982994,0,0.0000000,0.0000000,0,4.6953746464084475555944867892,53.239985638587853781128545664,58.564364341421905995429163828,830524800
10.50,0,0.0892639903640479834076591771,0.089263990364048,0.0872001743158749,0.089263990364048,0.0872001743158749,0,0.0000000,0.0000000,0,4.6939322049212015555944867897,53.22591662269393375775561368,58.556163358859010366802984706,831316600
10.51,0,0.0892513495770503964076591771,0.0892513495770504,0.0871912096382069,0.0892513495770504,0.0871912096382069,0,0.0000000,0.0000000,0,4.6924918010328155555944867895,53.211854176808256824916409146,58.547968260002112408326367618,832108400
10.52,0,0.0892387498751071344076591771,0.0892387498751071,0.0871822762280384,0.0892387498751071,0.0871822762280384,0,0.0000000,0.0000000,0,4.6910541120521975555944867889,53.197782391700305516178255769,58.539767144366294889933220314,832900100
10.53,0,0.0892261707403093924076591771,0.0892261707403094,0.0871733536023655,0.0892261707403094,0.0871733536023655,0,0.0000000,0.0000000,0,4.6896183008095595555944867901,53.183743387251070091919978362,58.531590398364538024127393466,833691800
10.54,0,0.0892136195956022794076591771,0.0892136195956023,0.0871644492188831,0.0892136195956023,0.0871644492188831,0,0.0000000,0.0000000,0,4.6881848525354355555944867897,53.169723411405767972515093245,58.523427842645901798522176876,834483500
10.55,0,0.0892010892503472544076591771,0.0892010892503472,0.0871555559215486,0.0892010892503472,0.0871555559215486,0,0.0000000,0.0000000,0,4.6867539356102155555944867889,53.155684697450646374058283862,58.515252881993312601570312184,835275300
10.56,0,0.0891885976208541014076591771,0.0891885976208541,0.0871466916611149,0.0891885976208541,0.0871466916611149,0,0.0000000,0.0000000,0,4.6853247953707845555944867901,53.141681211017755528681268889,58.507104080261442390550870578,836067000
10.57,0,0.0891761356967833294076591771,0.0891761356967834,0.0871378474615328,0.0891761356967834,0.0871378474615328,0,0.0000000,0.0000000,0,4.6838982606468145555944867896,53.127697280529710618958928239,58.498969524440736558450701741,836858700
10.58,0,0.0891637034678349084076591771,0.0891637034678349,0.0871290233466414,0.0891637034678349,0.0871290233466414,0,0.0000000,0.0000000,0,4.6824738812410925555944867898,53.113722346141072544605619671,58.490842341148084998411672886,837650400
10.59,0,0.0891512998504369334076591771,0.0891512998504369,0.087120218266857,0.0891512998504369,0.087120218266857,0,0.0000000,0.0000000,0,4.6810516123168715555944867892,53.09973677870620488075338783,58.482708863786862716412315284,838442200
10.60,0,0.0891389159076788004076591771,0.0891389159076788,0.0871114233191076,0.0891389159076788,0.0871114233191076,0,0.0000000,0.0000000,0,4.6796313300108665555944867899,53.085774610949925781482512078,58.47459299567913563517399058,839233900
10.61,0,0.0891265615560665714076591771,0.0891265615560666,0.0871026484535882,0.0891265615560666,0.0871026484535882,0,0.0000000,0.0000000,0,4.678213536797169555594486789,53.071810670008380078056995995,58.466476569066500809016079587,840025600
10.62,0,0.0891142460355786044076591771,0.0891142460355786,0.0870939029438184,0.0891142460355786,0.0870939029438184,0,0.0000000,0.0000000,0,4.6767979959347605555944867896,53.057882868793451368559236923,58.458386316300583498849604241,840817300
10.63,0,0.0891019398355287964076591771,0.0891019398355288,0.0870851573125052,0.0891019398355288,0.0870851573125052,0,0.0000000,0.0000000,0,4.6753845571928685555944867896,53.043974077446620415461874727,58.450310436727580531757141324,841609100
10.64,0,0.0890896823724501824076591771,0.0890896823724502,0.0870764510094284,0.0890896823724502,0.0870764510094284,0,0.0000000,0.0000000,0,4.6739734757128315555944867898,53.030042169691403741896554798,58.442219221938756113151363262,842400800
10.65,0,0.0890774453861939784076591771,0.089077445386194,0.0870677558075396,0.089077445386194,0.0870677558075396,0,0.0000000,0.0000000,0,4.6725645195051825555944867898,53.016153110942629505396329717,58.434158971912656914665675614,843192500
10.66,0,0.0890652357646077384076591771,0.0890652357646078,0.0870590786276416,0.0890652357646078,0.0870590786276416,0,0.0000000,0.0000000,0,4.6711576149834255555944867899,53.002275139613851507144497215,58.426107592026896551968900848,843984300
10.67,0,0.0890530447757119184076591771,0.0890530447757119,0.0870504107705659,0.0890530447757119,0.0870504107705659,0,0.0000000,0.0000000,0,4.6697530326429765555944867896,52.988379732462773684464585534,58.418044858846794897744961082,844776000
10.68,0,0.0890408932337857164076591771,0.0890408932337857,0.0870417730832588,0.0890408932337857,0.0870417730832588,0,0.0000000,0.0000000,0,4.6683505675754375555944867894,52.974521859279445904646436237,58.410009352416682424040076029,845567700
10.69,0,0.0890287610556425064076591771,0.0890287610556425,0.0870331455150576,0.0890287610556425,0.0870331455150576,0,0.0000000,0.0000000,0,4.6669503373866705555944867896,52.960682570247713098375730171,58.401987701503598730874905032,846359400
10.70,0,0.0890166673047550844076591771,0.0890166673047551,0.0870245471618171,0.0890166673047551,0.0870245471618171,0,0.0000000,0.0000000,0,4.6655520604694555555944867894,52.946821992568630040386066634,58.393952415871230190512832662,847151200
10.71,0,0.0890045919713222324076591771,0.0890045919713222,0.0870159580459765,0.0890045919713222,0.0870159580459765,0,0.0000000,0.0000000,0,4.6641560918425885555944867897,52.933001620449980922379268244,58.385945959143218394789340319,847942900
10.72,0,0.0889925450724566554076591771,0.0889925450724566,0.0870073882167483,0.0889925450724566,0.0870073882167483,0,0.000000,0.000000,0,4.6627625421840935555944867897,52.919195823067602710319310089,58.377950313170571054798170198,848734700
10.73,0,0.0889805273977283874076591771,0.0889805273977284,0.0869988384956621,0.0889805273977284,0.0869988384956621,0,0.0000000,0.0000000,0,4.6613707866873195555944867895,52.905376417032377767505906068,58.369946551181627349972431142,849526300
10.74,0,0.0889685370379615014076591771,0.0889685370379615,0.0869903070053625,0.0889685370379615,0.0869903070053625,0,0.0000000,0.0000000,0,4.6599814779181665555944867895,52.891590438197086368853293837,58.361966690066334684659051049,850318100
10.75,0,0.0889565760827139704076591771,0.088956576082714,0.0869817958670893,0.088956576082714,0.0869817958670893,0,0.0000000,0.0000000,0,4.6585941373098355555944867891,52.877799893765489147369753147,58.353984796552257471799627505,851109800
10.76,0,0.0889446333491968964076591771,0.0889446333491969,0.0869732939295976,0.0889446333491969,0.0869732939295976,0,0.0000000,0.0000000,0,4.6572088902894685555944867888,52.864027681484604800645695062,58.346016673862937942656302988,851901600
10.77,0,0.0889327187292636144076591771,0.0889327187292636,0.0869648111161478,0.0889327187292636,0.0869648111161478,0,0.0000000,0.0000000,0,4.6558257727892885555944867902,52.850284442061567411301702652,58.338069681608841770929701985,852693300
10.78,0,0.0889208334841367474076591771,0.0889208334841368,0.0869563487192329,0.0889208334841368,0.0869563487192329,0,0.0000000,0.0000000,0,4.6544447882223575555944867892,52.836522254936700550602619978,58.330110416692363551207724879,853485000
10.79,0,0.0889089854321076764076591771,0.0889089854321077,0.0869479145882794,0.0889089854321077,0.0869479145882794,0,0.0000000,0.0000000,0,4.653066230468980555594486789,52.822802670971968021265139866,58.322181403959076940093547284,854276700
10.80,0,0.0888971554903926244076591771,0.0888971554903926,0.0869394896715031,0.0888971554903926,0.0869394896715031,0,0.0000000,0.0000000,0,4.65168945944807355559448679,52.809087298250547945993040514,58.314256641842721727949360557,855068500
10.81,0,0.0888853447228653994076591771,0.0888853447228654,0.0869310750636437,0.0888853447228654,0.0869310750636437,0,0.0000000,0.0000000,0,4.6503148197318255555944867893,52.79536274837597877067985048,58.306326391867352626289015502,855860200
10.82,0,0.0888735711201238794076591771,0.0888735711201239,0.0869226887860311,0.0888735711201239,0.0869226887860311,0,0.0000000,0.0000000,0,4.6489423555338385555944867901,52.781668066092809308011651943,58.298417783587580612106311106,856651900
10.83,0,0.0888618155261787714076591771,0.0888618155261788,0.0869143117132749,0.0888618155261788,0.0869143117132749,0,0.0000000,0.0000000,0,4.6475720427234075555944867899,52.767966335545686685078733952,58.290505129189703112547722354,857443600
10.84,0,0.0888500882479664704076591771,0.0888500882479665,0.0869059541827786,0.0888500882479665,0.0869059541827786,0,0.0000000,0.0000000,0,4.6462038029455445555944867896,52.754305126670184632540397481,58.282621630782883452251104459,858235400
10.85,0,0.0888383988632702684076591771,0.0888383988632703,0.086897625802661,0.0888383988632703,0.086897625802661,0,0.0000000,0.0000000,0,4.6448375940596535555944867894,52.740622397654920740909903841,58.27472413795217261450185383,859027100
10.86,0,0.0888267174594786284076591771,0.0888267174594786,0.0868892966905149,0.0888267174594786,0.0868892966905149,0,0.0000000,0.0000000,0,4.64347350131346055559448679,52.726982798923130266325162511,58.266857540782075094726341121,859818800
10.87,0,0.0888150741960662124076591771,0.0888150741960662,0.0868809970358896,0.0888150741960662,0.0868809970358896,0,0.0000000,0.0000000,0,4.6421118564409375555944867901,52.713359514837213834172993664,58.259002764639887737534825836,860610600
10.88,0,0.0888034479678212254076591771,0.0888034479678212,0.0868727057635181,0.0888034479678212,0.0868727057635181,0,0.0000000,0.0000000,0,4.6407518739845865555944867901,52.699709084657219812267218115,58.251130497765046083805726875,861402300
10.89,0,0.0887918495241958804076591771,0.0887918495241959,0.0868644336526688,0.0887918495241959,0.0868644336526688,0,0.0000000,0.0000000,0,4.6393941154294955555944867888,52.686109204660302347294224397,58.243294120953456885716677329,862194100
10.90,0,0.0887802891925351194076591771,0.0887802891925351,0.0868561910603745,0.0887802891925351,0.0868561910603745,0,0.0000000,0.0000000,0,4.6380383266395735555944867893,52.672481191873124593142490235,58.235439187357158393233092757,862985700
10.91,0,0.0887687357953581504076591771,0.0887687357953582,0.0868479468387148,0.0887687357953582,0.0868479468387148,0,0.0000000,0.0000000,0,4.6366847650635355555944867896,52.658906984179825562012907358,58.22762237609263388273952994,863777500
10.92,0,0.0887572212502973684076591771,0.0887572212502974,0.0868397329347558,0.0887572212502974,0.0868397329347558,0,0.0000000,0.0000000,0,4.6353331367762025555944867895,52.645307032827059265821023368,58.219788700011173942086326537,864569300
10.93,0,0.0887457326216407784076591771,0.0887457326216408,0.0868315364420928,0.0887457326216408,0.0868315364420928,0,0.0000000,0.0000000,0,4.6339835816236015555944867891,52.631742224364564297515509524,58.211980326660618830749147674,865361000
10.94,0,0.0887342628270874454076591771,0.0887342628270874,0.0868233503076068,0.0887342628270874,0.0868233503076068,0,0.0000000,0.0000000,0,4.6326361696505655555944867891,52.618206130159049604987477965,58.204192685891190965639336066,866152600
10.95,0,0.0887228199309917844076591771,0.0887228199309918,0.086815182624709,0.0887228199309918,0.086815182624709,0,0.0000000,0.0000000,0,4.6312906877604035555944867891,52.604640760329531619858242513,58.196385709019921750950387898,866944400
10.96,0,0.0887114039437286644076591771,0.0887114039437287,0.0868070334327071,0.0887114039437287,0.0868070334327071,0,0.0000000,0.0000000,0,4.6299475148172655555944867895,52.59111601763795372895395763,58.188607525421416714271444379,867736200
10.97,0,0.0887000155975716804076591771,0.0887000155975717,0.0867989034926837,0.0887000155975717,0.0867989034926837,0,0.0000000,0.0000000,0,4.6286060975800605555944867892,52.577579434680334211618728987,58.180822323069048641334112532,868527900
10.98,0,0.0886886449765780564076591771,0.0886886449765781,0.086790782917382,0.0886886449765781,0.086790782917382,0,0.0000000,0.0000000,0,4.6272669318089595555944867895,52.564083713985994106583611471,58.173066120276664762784242515,869319600
10.99,0,0.0886773013102417884076591771,0.0886773013102418,0.0867826809648597,0.0886773013102418,0.0867826809648597,0,0.0000000,0.0000000,0,4.6259296398064295555944867892,52.55056384742518710814408089,58.165294190076004850450474918,870111400
11.00,0,0.0886659842594497664076591771,0.0886659842594498,0.0867745973244456,0.0886659842594498,0.0867745973244456,0,0.0000000,0.0000000,0,4.6245942358784085555944867897,52.53708765081817552251027594,58.157553626877726074023361655,870903100
11.01,0,0.0886546939985352194076591771,0.0886546939985352,0.0867665321987939,0.0886546939985352,0.0867665321987939,0,0.0000000,0.0000000,0,4.6232611249344865555944867888,52.523590796295684784187476321,58.149799237499708558787036528,871694800
11.02,0,0.0886434314270739514076591771,0.088643431427074,0.0867584865156805,0.088643431427074,0.0867584865156805,0,0.0000000,0.0000000,0,4.6219302000743625555944867899,52.510141304998507406812693772,58.142078391714652177968698321,872486600
11.03,0,0.0886321865363712424076591771,0.0886321865363712,0.0867504502944912,0.0886321865363712,0.0867504502944912,0,0.0000000,0.0000000,0,4.6206009633502575555944867894,52.496700927338938880071316382,58.134365115201081075835038585,873278300
11.04,0,0.0886209683177641344076591771,0.0886209683177641,0.0867424325545243,0.0886209683177641,0.0867424325545243,0,0.0000000,0.0000000,0,4.619273958045791555594486789,52.483250015553644155536204337,58.126645094271208965795846937,874070000
11.05,0,0.0886097766893101804076591771,0.0886097766893102,0.0867344332416796,0.0886097766893102,0.0867344332416796,0,0.0000000,0.0000000,0,4.6179487861170025555944867898,52.469831232724007408168858226,58.118948430003326900507037475,874861800
11.06,0,0.0885986017157206154076591771,0.0885986017157206,0.0867264424483929,0.0885986017157206,0.0867264424483929,0,0.0000000,0.0000000,0,4.6166255820099735555944867901,52.456393808458447974500740698,58.111239700035823475562791763,875653500
11.07,0,0.0885874643151158044076591771,0.0885874643151158,0.0867184811203914,0.0885874643151158,0.0867184811203914,0,0.0000000,0.0000000,0,4.6153045415757905555944867891,52.443004670289708532260050774,58.103565115751332357357713668,876445200
11.08,0,0.0885763424056472794076591771,0.0885763424056473,0.0867105272033168,0.0885763424056473,0.0867105272033168,0,0.0000000,0.0000000,0,4.6139854404292415555944867891,52.42959785522721989605072732,58.095879154503179061662563243,877236900
11.09,0,0.0885652381254309754076591771,0.088565238125431,0.0867025828626586,0.088565238125431,0.0867025828626586,0,0.0000000,0.0000000,0,4.61266821309837055559448679,52.416222246101036979505593531,58.088215815182732418933729103,878028700
11.10,0,0.0885541704810970574076591771,0.0885541704810971,0.0866946671323051,0.0885541704810971,0.0866946671323051,0,0.0000000,0.0000000,0,4.6113534172001565555944867897,52.402839083023220938625686381,58.080547504489111517949760654,878820400
11.11,0,0.0885431201404519174076591771,0.0885431201404519,0.0866867607072058,0.0885431201404519,0.0866867607072058,0,0.0000000,0.0000000,0,4.6100400046333745555944867894,52.389486866352408821247521535,58.072902216721070380354642288,879612100
11.12,0,0.0885320954915564704076591771,0.0885320954915565,0.08667887200245,0.0885320954915565,0.08667887200245,0,0.0000000,0.0000000,0,4.6087289747547295555944867888,52.376125922937560054781349681,58.065251187194995238298485873,880403800
11.13,0,0.0885211071301406204076591771,0.0885211071301406,0.0866710116406819,0.0885211071301406,0.0866710116406819,0,0.0000000,0.0000000,0,4.60741942566506455559448679,52.362791567459959258125421081,58.057620017191856416506927589,881195600
11.14,0,0.0885101254431557744076591771,0.0885101254431558,0.0866631500356543,0.0885101254431558,0.0866631500356543,0,0.0000000,0.0000000,0,4.6061124221774595555944867888,52.349458973982819071559347649,58.049990161555482447535933176,881987300
11.15,0,0.0884991711145172884076591771,0.0884991711145173,0.0866553078979706,0.0884991711145173,0.0866553078979706,0,0.0000000,0.0000000,0,4.6048071388778765555944867898,52.33615697553455618883339356,58.042382625699098449014387953,882779000
11.16,0,0.0884882421359346524076591771,0.0884882421359346,0.0866474832459166,0.0884882421359346,0.0866474832459166,0,0.0000000,0.0000000,0,4.6035039695176315555944867901,52.331125679699033831059283713,58.040509764386313794724981537,883570800
11.17,0,0.0884773396457694504076591771,0.0884773396457694,0.0866396772443181,0.0884773396457694,0.0866396772443181,0,0.0000000,0.0000000,0,4.6022026241353185555944867897,52.317908636502133708905600113,58.032961968775616569451525851,884362500
11.18,0,0.0884664534158575824076591771,0.0884664534158576,0.0866318796913645,0.0884664534158576,0.0866318796913645,0,0.0000000,0.0000000,0,4.6009032782317905555944867891,52.30467690395235370323462105,58.025404712510240348639750485,885154200
11.19,0,0.0884555945846200924076591771,0.0884555945846201,0.0866241017517194,0.0884555945846201,0.0866241017517194,0,0.0000000,0.0000000,0,4.5996057191790355555944867889,52.291475463126176983810672282,58.017869430972775896957177726,885945900
11.20,0,0.0884447611438853584076591771,0.0884447611438854,0.0866163414433441,0.0884447611438854,0.0866163414433441,0,0.0000000,0.0000000,0,4.5983101633209165555944867892,52.278259381030607151129969454,58.010324704407650384734589564,886737700
11.21,0,0.0884339529388889484076591771,0.088433952938889,0.0866085986374974,0.088433952938889,0.0866085986374974,0,0.0000000,0.0000000,0,4.5970165980825635555944867894,52.265078460459271016783269791,58.002805052151006964511452146,887529400
11.22,0,0.0884231620348289994076591771,0.088423162034829,0.0866008654252918,0.088423162034829,0.0866008654252918,0,0.0000000,0.0000000,0,4.59572506607501955559448679,52.251900186698193565874879871,57.995287879543796069378378642,888321200
11.23,0,0.0884123975082859144076591771,0.0884123975082859,0.0865931509091139,0.0884123975082859,0.0865931509091139,0,0.0000000,0.0000000,0,4.5944353049337795555944867895,52.238743334535911927601393623,57.987786512400354912185528738,889112800
11.24,0,0.0884016581082820294076591771,0.088401658108282,0.0865854538636843,0.088401658108282,0.0865854538636843,0,0.0000000,0.0000000,0,4.5931476042221465555944867898,52.22557311723965506458185103,57.980276483114194127037322425,889904600
11.25,0,0.0883909351424604054076591771,0.0883909351424604,0.086577765622237,0.0883909351424604,0.086577765622237,0,0.0000000,0.0000000,0,4.5918617187239155555944867893,52.21244367608927621843475582,57.972795589623366019970460085,890696300
11.26,0,0.0883802471411005094076591771,0.0883802471411005,0.0865701047405358,0.0883802471411005,0.0865701047405358,0,0.0000000,0.0000000,0,4.5905778709665305555944867889,52.199300305500087527021851604,57.965305655867597869712693636,891488100
11.27,0,0.0883695665573951434076591771,0.0883695665573951,0.0865624436971516,0.0883695665573951,0.0865624436971516,0,0.0000000,0.0000000,0,4.5892959278028405555944867898,52.186198029989221991747260304,57.957844942055195123875802866,892279800
11.28,0,0.0883589211526856214076591771,0.0883589211526856,0.086554810278698,0.0883589211526856,0.086554810278698,0,0.0000000,0.0000000,0,4.5880157693780295555944867898,52.173077348100016433736312789,57.950372391445231057718087386,893071500
11.29,0,0.0883482918457513174076591771,0.0883482918457513,0.0865471854291218,0.0883482918457513,0.0865471854291218,0,0.0000000,0.0000000,0,4.5867376900827505555944867898,52.15999365817601833406959231,57.942925977275809596677065857,893863200
11.30,0,0.0883376877020220174076591771,0.088337687702022,0.0865395782389154,0.088337687702022,0.0865395782389154,0,0.0000000,0.0000000,0,4.5854613254048345555944867893,52.146889778266898829941891967,57.935466567780636162274353204,894655000
11.31,0,0.0883271096403333854076591771,0.0883271096403334,0.086531989651873,0.0883271096403334,0.086531989651873,0,0.0000000,0.0000000,0,4.5841869366156365555944867893,52.133804485121531716083313423,57.9280206661581771659043712,895446700
11.32,0,0.0883165477261712764076591771,0.0883165477261713,0.0865244097583354,0.0883165477261713,0.0865244097583354,0,0.0000000,0.0000000,0,4.5829145728534625555944867897,52.120756490801766936144995648,57.920601145957794715387527364,896238400
11.33,0,0.0883060098784271764076591771,0.0883060098784272,0.0865168465019461,0.0883060098784272,0.0865168465019461,0,0.0000000,0.0000000,0,4.5816439289554215555944867891,52.107688375350465521948810584,57.913168652133952711984846003,897030100
11.34,0,0.0882954880893313934076591771,0.0882954880893314,0.0865092918995848,0.0882954880893314,0.0865092918995848,0,0.0000000,0.0000000,0,4.5803751399428425555944867895,52.094661585368718726570105203,57.90576551867775887669425681,897821900
11.35,0,0.0882850023511418284076591771,0.0882850023511418,0.0865017659680565,0.0882850023511418,0.0865017659680565,0,0.0000000,0.0000000,0,4.5791083742612275555944867898,52.081622092440921719115897607,57.898354145282756501083862633,898613700
11.36,0,0.0882745328104962204076591771,0.0882745328104962,0.086494248878445,0.0882745328104962,0.086494248878445,0,0.0000000,0.0000000,0,4.5778434030795135555944867888,52.068612286652843236916259895,57.890964135351543435776515484,899405300
11.37,0,0.0882640781507290904076591771,0.0882640781507291,0.0864867393384294,0.0882640781507291,0.0864867393384294,0,0.000000,0.000000,0,4.5765802962839145555944867895,52.055595926429801533133324582,57.883570325526357524032427168,900197100
11.38,0,0.0882536583721847744076591771,0.0882536583721848,0.0864792573725984,0.0882536583721848,0.0864792573725984,0,0.0000000,0.0000000,0,4.5753190777314275555944867896,52.04261319594356487700145689,57.876200464513804700833624156,900988900
11.39,0,0.0882432548406976934076591771,0.0882432548406977,0.0864717843709304,0.0882432548406977,0.0864717843709304,0,0.0000000,0.0000000,0,4.5740597657877125555944867901,52.029614844635701334435225278,57.868820465791341263286959809,901780600
11.40,0,0.0882328761746519064076591771,0.0882328761746519,0.0864643289758542,0.0882328761746519,0.0864643289758542,0,0.0000000,0.0000000,0,4.5728023192444525555944867899,52.016657819616051293483366954,57.861469743631414455125589651,902572300
11.41,0,0.0882225122867895314076591771,0.0882225122867895,0.0864568811240576,0.0882225122867895,0.0864568811240576,0,0.0000000,0.0000000,0,4.5715467701604225555944867889,52.003686650131972100946632371,57.854109901322698364894493288,903364000
11.42,0,0.0882121745491255834076591771,0.0882121745491256,0.0864494522114024,0.0882121745491256,0.0864494522114024,0,0.0000000,0.0000000,0,4.5702929926042465555944867897,51.990720400027323869683282406,57.84675427182872975760828786,904155800
11.43,0,0.0882018616542516204076591771,0.0882018616542516,0.0864420409542294,0.0882018616542516,0.0864420409542294,0,0.0000000,0.0000000,0,4.569041152080926555594486789,51.977798874194823258330283454,57.839430140316555596286393191,904947500
11.44,0,0.0881915646679817284076591771,0.0881915646679817,0.0864346384420037,0.0881915646679817,0.0864346384420037,0,0.0000000,0.0000000,0,4.5677911239457945555944867899,51.964850991902460612462826207,57.832088539152856839562429892,905739200
11.45,0,0.0881812915095341714076591771,0.0881812915095342,0.0864272526174981,0.0881812915095342,0.0864272526174981,0,0.0000000,0.0000000,0,4.5665427362070225555944867895,51.951940418575576079041986644,57.824773671271729420038153744,906530900
11.46,0,0.0881710442447756954076591771,0.0881710442447757,0.0864198855700367,0.0881710442447757,0.0864198855700367,0,0.0000000,0.0000000,0,4.565296330560025555594486789,51.939026062493898656294725259,57.817456698622520095519392662,907322700
11.47,0,0.0881608107929769944076591771,0.088160810792977,0.0864125252422518,0.088160810792977,0.0864125252422518,0,0.0000000,0.0000000,0,4.5595849684875298671489703285,51.926153064136190073037408173,57.797298619156311830200033585,908114400
11.48,0,0.0881506041467459274076591771,0.0881506041467459,0.086405184650017,0.0881506041467459,0.086405184650017,0,0.0000000,0.0000000,0,4.5577618770893145609218250264,51.913252854258240481340813762,57.788307181442019470659413746,908906100
11.49,0,0.0881404212987162664076591771,0.0881404212987163,0.0863978608091364,0.0881404212987163,0.0863978608091364,0,0.0000000,0.0000000,0,4.5559416935228043937390745691,51.900371783261068709921231126,57.779329081546004931008161908,909697900
11.50,0,0.0881302533921362184076591771,0.0881302533921362,0.0863905448859342,0.0881302533921362,0.0863905448859342,0,0.0000000,0.0000000,0,4.5541242210961036646308277554,51.88752222359119602815062559,57.770373123967876980221534173,910489600
11.51,0,0.0881201100449392204076591771,0.0881201100449392,0.0863832465213252,0.0881201100449392,0.0863832465213252,0,0.0000000,0.0000000,0,4.5523095951161297261669614663,51.874658145235673207142771327,57.761407309203332775703366627,911281300
11.52,0,0.0881099826973734524076591771,0.0881099826973734,0.0863759571784452,0.0881099826973734,0.0863759571784452,0,0.0000000,0.0000000,0,4.5504976815693670393560731014,51.861833907039089727438105945,57.752469388098348511745464768,912073100
11.53,0,0.0880998798218553364076591771,0.0880998798218554,0.0863686853525049,0.0880998798218554,0.0863686853525049,0,0.0000000,0.0000000,0,4.5486886555535439032282714634,51.848997990948924777350976004,57.743523514777567143537022524,912864800
11.54,0,0.0880898018576325254076591771,0.0880898018576325,0.0863614315054534,0.0880898018576325,0.0863614315054534,0,0.0000000,0.0000000,0,4.5468822297309946971233174712,51.836163400190803994543750745,57.734579048347597511163536088,913656500
11.55,0,0.0880797374248429124076591771,0.0880797374248429,0.0863541842800375,0.0880797374248429,0.0863541842800375,0,0.0000000,0.0000000,0,4.5450786926365082609057381653,51.823376590131566754885372898,57.725667729122861857680354482,914448300
11.56,0,0.0880697078151164184076591771,0.0880697078151164,0.0863469649904039,0.0880697078151164,0.0863469649904039,0,0.0000000,0.0000000,0,4.5432780704804555147497127059,51.810566876075176241367746203,57.716740651772958314778690866,915240000
11.57,0,0.0880596838717536714076591771,0.0880596838717537,0.0863397445022786,0.0880596838717537,0.0863397445022786,0,0.0000000,0.0000000,0,4.5414798613357002168509316557,51.797797807637029800097852063,57.707842401549573350030816406,916031700
11.58,0,0.0880496845876188234076591771,0.0880496845876188,0.08633254183086,0.0880496845876188,0.08633254183086,0,0.0000000,0.0000000,0,4.539684545240550854987876452,51.785008916477078092709272011,57.698930546393854569727974679,916823400
11.59,0,0.0880397088822897274076591771,0.0880397088822897,0.0863253559179694,0.0880397088822897,0.0863253559179694,0,0.0000000,0.0000000,0,4.5378920960290517281906558988,51.772238077391952707964051411,57.69003130227334444620941864,917615200
11.60,0,0.0880297578219911494076591771,0.0880297578219912,0.086318187851985,0.0880297578219912,0.086318187851985,0,0.0000000,0.0000000,0,4.5361021146492651622592628329,51.759504498932123274678155243,57.681158467281183406864024568,918406900
11.61,0,0.0880198213996613394076591771,0.0880198213996614,0.0863110276479085,0.0880198213996614,0.0863110276479085,0,0.0000000,0.0000000,0,4.5343149146442590505979923786,51.746746513674205327417055923,57.672268994972477456100058324,919198600
11.62,0,0.0880098994616408454076591771,0.0880098994616409,0.0863038751740546,0.0880098994616409,0.0863038751740546,0,0.0000000,0.0000000,0,4.5325306570128219077552100124,51.734033923589434539643751505,57.663410931157518621357076683,919990300
11.63,0,0.0880000121475390094076591771,0.088000012147539,0.0862967505919179,0.088000012147539,0.0862967505919179,0,0.0000000,0.0000000,0,4.5307489215095598440126518988,51.721308971345617576255074286,57.654544890503097360672163646,920782100
11.64,0,0.0879901395240173644076591771,0.0879901395240174,0.0862896339899566,0.0879901395240174,0.0862896339899566,0,0.0000000,0.0000000,0,4.5289701794588038063143812342,51.708588611723202941431229964,57.645681975355260497830846185,921573800
11.65,0,0.0879802802166238864076591771,0.0879802802166239,0.0862825240154275,0.0879802802166239,0.0862825240154275,0,0.0000000,0.0000000,0,4.5271938239079832556689954238,51.695905148726123763926684691,57.636845313019658331522690627,922365500
11.66,0,0.0879704555122563754076591771,0.0879704555122564,0.0862754419768492,0.0879704555122564,0.0862754419768492,0,0.0000000,0.0000000,0,4.5254203525357305178764873042,51.683216586552624319769624034,57.628005213006736452939453323,923157200
11.67,0,0.0879606454035772704076591771,0.0879606454035773,0.0862683678884182,0.0879606454035773,0.0862683678884182,0,0.0000000,0.0000000,0,4.5236494763263139187368497164,51.670530991578205678012409007,57.619167628885781086460257536,923949000
11.68,0,0.0879508487369888704076591771,0.0879508487369889,0.0862613006179836,0.0879508487369889,0.0862613006179836,0,0.0000000,0.0000000,0,4.5218813512044323516543777835,51.657881204509630004117894161,57.61035505919070161192570733,924740700
11.69,0,0.0879410774332379414076591771,0.0879410774332379,0.0862542521076531,0.0879410774332379,0.0862542521076531,0,0.0000000,0.0000000,0,4.5201158488293731424290643434,51.645213284831814923365232325,57.601530375697697551624587647,925532400
11.70,0,0.0879313197771271654076591771,0.0879313197771272,0.0862472106635038,0.0879313197771272,0.0862472106635038,0,0.000000,0.000000,0,4.5183530353181115900910181986,51.632586133657883428886803721,57.592734213211192749655988396,926324200
11.71,0,0.0879215854692657584076591771,0.0879215854692658,0.0862401860073341,0.0879215854692658,0.0862401860073341,0,0.0000000,0.0000000,0,4.5165931217352628035627911469,51.619947845855140587699748942,57.58393040287230715700880759,927115900
11.72,0,0.0879118754312215764076591771,0.0879118754312216,0.086233179081816,0.0879118754312216,0.086233179081816,0,0.0000000,0.0000000,0,4.5148356587259448931261193515,51.607312461530251932505685121,57.575129242413460121914079678,927907600
11.73,0,0.0879021800196759554076591771,0.087902180019676,0.08622618026465,0.087902180019676,0.08622618026465,0,0.0000000,0.0000000,0,4.5130809861188983733293682923,51.5947287077681548046948362,57.566363971153240521968099152,928699300
11.74,0,0.0878925189360605344076591771,0.0878925189360605,0.0862192092782029,0.0878925189360605,0.0862192092782029,0,0.0000000,0.0000000,0,4.5113288412357719755983444878,51.582107783350984559866265056,57.557573535238883882044084526,929491100
11.75,0,0.0878828611736488914076591771,0.0878828611736489,0.0862122351365991,0.0878828611736489,0.0862122351365991,0,0.0000000,0.0000000,0,4.5095794982221401877115293815,51.569515327089868847766725177,57.548802952910232718636172712,930282800
11.76,0,0.0878732268723598604076591771,0.0878732268723599,0.0862052780005252,0.0878732268723599,0.0862052780005252,0,0.0000000,0.0000000,0,4.5078327101918413086990317716,51.556953660579221314381515689,57.540054154022790419263882147,931074600
11.77,0,0.0878636159492889724076591771,0.087863615949289,0.086198337807761,0.087863615949289,0.086198337807761,0,0.0000000,0.0000000,0,4.50608877538189569113072854,51.544384417412452497787753449,57.531300212569767300774858826,931866400
11.78,0,0.0878540202567366294076591771,0.0878540202567366,0.0861914064312088,0.0878540202567366,0.0861914064312088,0,0.0000000,0.0000000,0,4.5043473461113527960152170865,51.531814788813346241644343268,57.522546559579103275062359792,932658000
11.79,0,0.0878444478587124754076591771,0.0878444478587125,0.0861844919553975,0.0878444478587125,0.0861844919553975,0,0.0000000,0.0000000,0,4.5026085732130973815481879719,51.519286817807731879314852068,57.513822062196146983029130156,933449700
11.80,0,0.0878348888219154374076591771,0.0878348888219154,0.0861775844674637,0.0878348888219154,0.0861775844674637,0,0.0000000,0.0000000,0,4.5008723308234123143640522781,51.506746859902237327644256704,57.505089793771684573178283987,934241500
11.81,0,0.0878253541358641204076591771,0.0878253541358641,0.0861706949772819,0.0878253541358641,0.0861706949772819,0,0.0000000,0.0000000,0,4.4991389827508115414068732024,51.494210783909297044780206278,57.496360238936401837953572433,935033300
11.82,0,0.0878158425815984534076591771,0.0878158425815984,0.0861638222861669,0.0878158425815984,0.0861638222861669,0,0.0000000,0.0000000,0,4.4974080290913079293110618267,51.481719927781782816137903748,57.487662644511463699846202247,935824900
11.83,0,0.0878063453644815084076591771,0.0878063453644815,0.0861569576196758,0.0878063453644815,0.0861569576196758,0,0.0000000,0.0000000,0,4.4956800097152036418981223932,51.469210593780790534108305806,57.478952243637488574410545366,936616700
11.84,0,0.0877968702665704124076591771,0.0877968702665704,0.0861501087799795,0.0877968702665704,0.0861501087799795,0,0.0000000,0.0000000,0,4.4939540855646003556949089795,51.456705355966711468332848285,57.470245763824572739531924445,937408400
11.85,0,0.0877873995656137254076591771,0.0877873995656137,0.0861432580648604,0.0877873995656137,0.0861432580648604,0,0.0000000,0.0000000,0,4.4922313575690046133788554689,51.444245163806270120307114111,57.461570044584646284231749603,938200200
11.86,0,0.0877779730395791204076591771,0.0877779730395791,0.0861364452722401,0.0877779730395791,0.0861364452722401,0,0.0000000,0.0000000,0,4.4905109017242824971026296198,51.4317600103504896475446222,57.452877913226283139343087058,938991900
11.87,0,0.0877685496820121784076591771,0.0877685496820122,0.0861296294155392,0.0877685496820122,0.0861296294155392,0,0.0000000,0.0000000,0,4.4887932058071043058963402341,51.419293897139654648306155981,57.44419913887510823496007212,939783600
11.88,0,0.0877591495597914354076591771,0.0877591495597914,0.0861228305814324,0.0877591495597914,0.0861228305814324,0,0.0000000,0.0000000,0,4.4870780091482809599341664724,51.406867225845664919591843434,57.435548175619549021373174502,940575400
11.89,0,0.0877497723790813384076591771,0.0877497723790814,0.0861160484958017,0.0877497723790814,0.0861160484958017,0,0.0000000,0.0000000,0,4.4853653486010301906419148544,51.394415775508527948351184118,57.426880565173565729572810733,941367100
11.90,0,0.0877404094886473424076591771,0.0877404094886474,0.0861092745270519,0.0877404094886474,0.0861092745270519,0,0.0000000,0.0000000,0,4.4836554863726245125679508599,51.381982514522700956198224606,57.418225663239460670126269448,942158800
11.91,0,0.0877310598814073404076591771,0.0877310598814074,0.0861025076876629,0.0877310598814074,0.0861025076876629,0,0.0000000,0.0000000,0,4.4819481880919001979724992504,51.369588443595435870819392888,57.409598303703867394545369344,942950500
11.92,0,0.0877217332701248704076591771,0.0877217332701249,0.0860957577098825,0.0877217332701249,0.0860957577098825,0,0.0000000,0.0000000,0,4.4802434007152735994254369064,51.357169018828144312018849404,57.400953925207791196510157221,943742300
11.93,0,0.0877124287157287164076591771,0.0877124287157287,0.0860890236740469,0.0877124287157287,0.0860890236740469,0,0.0000000,0.0000000,0,4.4785412020151226103310589487,51.344772649776163074498270334,57.392325894315435091963553364,944534000
11.94,0,0.0877031392852268144076591771,0.0877031392852268,0.0860822986664949,0.0877031392852268,0.0860822986664949,0,0.0000000,0.0000000,0,4.4768416435669535297194741782,51.332404377282089790094770718,57.383717624400615730695130737,945325700
11.95,0,0.0876938728990261394076591771,0.0876938728990261,0.086075590626888,0.0876938728990261,0.086075590626888,0,0.0000000,0.0000000,0,4.4751444219133538721390480733,51.320019365384752334136727725,57.375098519880361130333384178,946117400
11.96,0,0.0876846186900135994076591771,0.0876846186900136,0.0860688887072916,0.0876846186900136,0.0860688887072916,0,0.0000000,0.0000000,0,4.4734500048153449633897734759,51.307648056863200211398050702,57.366488996128305367795624514,946909200
11.97,0,0.0876753874467312624076591771,0.0876753874467313,0.0860622037153509,0.0876753874467313,0.0860622037153509,0,0.0000000,0.0000000,0,4.4717582142772655081275728666,51.295319319416279293659478994,57.357909252641687275669167531,947700900
11.98,0,0.0876661712944006844076591771,0.0876661712944007,0.0860555277953154,0.0876661712944007,0.0860555277953154,0,0.0000000,0.0000000,0,4.4700689377103760209008117272,51.282970035349578806345383707,57.349315794078476058056726563,948492600
11.99,0,0.0876569860225419224076591771,0.0876569860225419,0.0860488767556581,0.0876569860225419,0.0860488767556581,0,0.0000000,0.0000000,0,4.4683819919900818007395988546,51.270634481705697037309399139,57.340732568945830613041872207,949284400
12.00,0,0.0876478049021066764076591771,0.0876478049021067,0.0860422238862093,0.0876478049021067,0.0860422238862093,0,0.0000000,0.0000000,0,4.4666978872415223354224156926,51.25830336350582247098416266,57.33215245438877692460363578,950076100
12.01,0,0.0876386456502768174076591771,0.0876386456502768,0.0860355869229552,0.0876386456502768,0.0860355869229552,0,0.000000,0.000000,0,4.4650162490122128155406505209,51.246012584070366800284561929,57.323600783440038805334157122,950867800
12.02,0,0.0876295004638052074076591771,0.0876295004638052,0.0860289580813794,0.0876295004638052,0.0860289580813794,0,0.0000000,0.0000000,0,4.4633368787987856753330166987,51.233703351166075216397184368,57.315037169373770504635234642,951659600
12.03,0,0.0876203782716745024076591771,0.0876203782716745,0.0860223463091217,0.0876203782716745,0.0860223463091217,0,0.0000000,0.0000000,0,4.4616604253957542405995070682,51.221412632326062572126766074,57.306486288874500247360913672,952451300
12.04,0,0.0876112779944806884076591771,0.0876112779944807,0.0860157505453622,0.0876112779944807,0.0860157505453622,0,0.0000000,0.0000000,0,4.4599862032276624582841848293,51.209145963932035184973943949,57.297952902235490572282829721,953243000
12.05,0,0.0876022016261511924076591771,0.0876022016261512,0.0860091728025396,0.0876022016261512,0.0860091728025396,0,0.0000000,0.0000000,0,4.4583150126304031950214610628,51.196882234930323958898259229,57.28942131587444956467167043,954034800
12.06,0,0.0875931272339448534076591771,0.0875931272339449,0.0860025911663518,0.0875931272339449,0.0860025911663518,0,0.0000000,0.0000000,0,4.4566457660456261822371422884,51.184612165578168580254715109,57.28088659564475531003821126,954826500
12.07,0,0.0875840766652073574076591771,0.0875840766652074,0.0859960275025113,0.0875840766652074,0.0859960275025113,0,0.0000000,0.0000000,0,4.4549792637306465020838962662,51.172356209476660961997585933,57.272361789383391322834449002,955618200
12.08,0,0.0875750479872378504076591771,0.0875750479872378,0.0859894798966123,0.0875750479872378,0.0859894798966123,0,0.0000000,0.0000000,0,4.453315467564408750778924958,51.160144807328676862961432102,57.263867996161046515177020725,956409900
12.09,0,0.0875660321940443834076591771,0.0875660321940444,0.0859829393608866,0.0875660321940444,0.0859829393608866,0,0.0000000,0.0000000,0,4.4516538425472815245394303242,51.147907918292528823799162665,57.255357511992452341809605694,957201700
12.10,0,0.0875570392796549664076591771,0.087557039279655,0.085976415907515,0.087557039279655,0.085976415907515,0,0.0000000,0.0000000,0,4.4499948506047900139568006457,51.135680401370370440080420353,57.246853806839916605050359437,957993400
12.11,0,0.0875480593738158484076591771,0.0875480593738158,0.0859698996843256,0.0875480593738158,0.0859698996843256,0,0.0000000,0.0000000,0,4.4483385416687737068095173611,51.123505229509330892032623945,57.238386525857139211415234351,958785100
12.12,0,0.0875391020523503064076591771,0.0875391020523503,0.0859634002851531,0.0875391020523503,0.0859634002851531,0,0.0000000,0.0000000,0,4.446684667080112902127689272,51.111304843106484958225438984,57.229902373355296625027973322,959576800
12.13,0,0.0875301566652033114076591771,0.0875301566652033,0.0859569070778841,0.0875301566652033,0.0859569070778841,0,0.0000000,0.0000000,0,4.4450331383715085200854955407,51.099108400063424554464133355,57.221421632154160023941236221,960368600
12.14,0,0.0875212331215724924076591771,0.0875212331215725,0.0859504299895879,0.0875212331215725,0.0859504299895879,0,0.0000000,0.0000000,0,4.4433842815625632921087426844,51.086937235873590466302940401,57.212958604899032661531043977,961160300
12.15,0,0.0875123242919349034076591771,0.0875123242919349,0.0859439619085438,0.0875123242919349,0.0859439619085438,0,0.0000000,0.0000000,0,4.4417377980325102735802144248,51.074790924917553101661924093,57.204513406076076025795521369,961952000
12.16,0,0.0875034363669507464076591771,0.0875034363669508,0.0859375090431452,0.0875034363669508,0.0859375090431452,0,0.0000000,0.0000000,0,4.4400938606593026550912990435,51.062633469708871795105801646,57.196060901110721164792697638,962743700
12.17,0,0.0874945610714084434076591771,0.0874945610714084,0.085931063135845,0.0874945610714084,0.085931063135845,0,0.0000000,0.0000000,0,4.4384521969608254652548962207,51.050481864887638359668356148,57.187613216194358953174486987,963535500
12.18,0,0.0874857085951143374076591771,0.0874857085951144,0.0859246343940454,0.0874857085951144,0.0859246343940454,0,0.0000000,0.0000000,0,4.436813232625035867892510196,51.038339471156901947783921163,57.179172084350845244728739303,964327200
12.19,0,0.0874768689443189704076591771,0.087476868944319,0.0859182128415247,0.087476868944319,0.0859182128415247,0,0.0000000,0.0000000,0,4.4351766538138159451568087309,51.026237135562777990763160223,57.170759268927579944413035034,965118900
12.20,0,0.0874680509666246994076591771,0.0874680509666247,0.0859118073433454,0.0874680509666247,0.0859118073433454,0,0.0000000,0.0000000,0,4.4335427845325588608692960661,51.014129802930984594724320537,57.162343160677684036247574786,965910700
12.21,0,0.0874592456562751854076591771,0.0874592456562752,0.0859054089111436,0.0874592456562752,0.0859054089111436,0,0.0000000,0.0000000,0,4.4319110538342816436428718793,51.00202295349829884896461462,57.153928338234278911606625156,966702400
12.22,0,0.0874504620209052614076591771,0.0874504620209052,0.0858990265698793,0.0874504620209052,0.0858990265698793,0,0.0000000,0.0000000,0,4.4302818977243730516732267356,50.989929737050229661667441214,57.145523288123534858580520459,967494100
12.23,0,0.0874417011015823674076591771,0.0874417011015824,0.0858926613778784,0.0874417011015824,0.0858926613778784,0,0.0000000,0.0000000,0,4.4286550896865430051345397916,50.977861496252667245115240094,57.137136166322241192691904564,968285800
12.24,0,0.0874329429057592264076591771,0.0874329429057592,0.0858862933597855,0.0874329429057592,0.0858862933597855,0,0.0000000,0.0000000,0,4.4270309208042208030569198489,50.965790288051648711786237311,57.128747241261850612742515058,969077600
12.25,0,0.0874242054870375314076591771,0.0874242054870376,0.0858799405863277,0.0874242054870376,0.0858799405863277,0,0.0000000,0.0000000,0,4.4254091648526163388446620294,50.95373126335072503867781529,57.120367302385562121092244831,969869300
12.26,0,0.0874154915743498234076591771,0.0874154915743498,0.0858736058034972,0.0874154915743498,0.0858736058034972,0,0.0000000,0.0000000,0,4.4237895842223215326719454925,50.941667204613940170788311555,57.111984771616924452444355882,970661100
12.27,0,0.0874067892948643624076591771,0.0874067892948644,0.0858672771554561,0.0874067892948644,0.0858672771554561,0,0.0000000,0.0000000,0,4.4221726527158231427344607978,50.929648057325310188304015507,57.103633526156220439284848475,971452900
12.28,0,0.0873981095696448514076591771,0.0873981095696449,0.0858609655801968,0.0873981095696449,0.0858609655801968,0,0.0000000,0.0000000,0,4.4205581873919851708752235892,50.917621532237277024608385815,57.095277656973940147690191746,972244500
12.29,0,0.0873894416714330334076591771,0.087389441671433,0.0858546603673244,0.087389441671433,0.0858546603673244,0,0.0000000,0.0000000,0,4.4189463095603688612253902225,50.905603354647627469098273073,57.086927866538866260910080248,973036300
12.30,0,0.0873807951843501254076591771,0.0873807951843501,0.085848371117759,0.0873807951843501,0.085848371117759,0,0.0000000,0.0000000,0,4.4173365076724306212537900209,50.893585983580039899680092937,57.078579652673974127513041821,973828000
12.31,0,0.0873721613080794944076591771,0.0873721613080795,0.0858420890479181,0.0873721613080795,0.0858420890479181,0,0.0000000,0.0000000,0,4.4157293461430158035302998652,50.881615164353497864812609032,57.070263859082215694771136776,974619800
12.32,0,0.0873635400948394034076591771,0.0873635400948394,0.0858358142266902,0.0873635400948394,0.0858358142266902,0,0.0000000,0.0000000,0,4.4141245990415343014592148755,50.869623530916098768024135753,57.061934210905985989625973537,975411500
12.33,0,0.0873549493500305884076591771,0.0873549493500306,0.0858295644760822,0.0873549493500306,0.0858295644760822,0,0.0000000,0.0000000,0,4.4125220546275944408405278906,50.857635972688877739052403334,57.053608215471311247550875041,976203200
12.34,0,0.0873463612567759344076591771,0.0873463612567759,0.0858233119957597,0.0873463612567759,0.0858233119957597,0,0.0000000,0.0000000,0,4.4109220364844695742441157935,50.845665523253874367092827247,57.045294429793127992327070875,976994900
12.35,0,0.0873377956784979604076591771,0.087337795678498,0.0858170766656247,0.087337795678498,0.0858170766656247,0,0.0000000,0.0000000,0,4.4093247479606701359086919442,50.833708972494021001356413279,57.036990344617451902962456926,977786700
12.36,0,0.0873292515528007724076591771,0.0873292515528008,0.0858108574396976,0.0873292515528008,0.0858108574396976,0,0.0000000,0.0000000,0,4.4077294475965534516342491811,50.821785934348344450181699738,57.02871056465614837756159902,978578400
12.37,0,0.0873207189882709584076591771,0.087320718988271,0.0858046444429188,0.087320718988271,0.0858046444429188,0,0.0000000,0.0000000,0,4.4061365266119928739906643879,50.809834749660255893507667468,57.020411895306440567574555939,979370100
12.38,0,0.0873121989223358454076591771,0.0873121989223359,0.0857984386290068,0.0873121989223359,0.0857984386290068,0,0.0000000,0.0000000,0,4.4045461094167522696123486432,50.797908445303367416443280184,57.012130830632288737342304955,980161900
12.39,0,0.0873036993495704414076591771,0.0873036993495704,0.0857922480087658,0.0873036993495704,0.0857922480087658,0,0.0000000,0.0000000,0,4.4029583075206829910691788268,50.785995092448204816505897359,57.003858960304031381550180714,980953600
12.40,0,0.0872952232645673584076591771,0.0872952232645674,0.0857860755929556,0.0872952232645674,0.0857860755929556,0,0.0000000,0.0000000,0,4.4013724586528749049955660212,50.774103972368607194110358317,56.995603635653700586247165029,981745300
12.41,0,0.0872867575886256184076591771,0.0872867575886256,0.0857799083189812,0.0872867575886256,0.0857799083189812,0,0.0000000,0.0000000,0,4.3997893779347199583355734246,50.762205177398978025459944407,56.987343018731844958924214918,982537000
12.42,0,0.0872783033896839584076591771,0.087278303389684,0.0857737472708256,0.087278303389684,0.0857737472708256,0,0.0000000,0.0000000,0,4.3982085753185134233494258001,50.75031704787032909333378248,56.979090483153397245398878784,983328800
12.43,0,0.0872698715890763024076591771,0.0872698715890763,0.0857676033858062,0.0872698715890763,0.0857676033858062,0,0.0000000,0.0000000,0,4.3966300260528886526070000266,50.738442825700431606224117787,56.970848303765524434860812985,984120500
12.44,0,0.0872614522547760974076591771,0.0872614522547761,0.0857614667478192,0.0872614522547761,0.0857614667478192,0,0.0000000,0.0000000,0,4.3950537565106075395125912254,50.726566371225839514687947719,56.962605278884391302520095958,984912200
12.45,0,0.0872530523081518554076591771,0.0872530523081518,0.0857553442940953,0.0872530523081518,0.0857553442940953,0,0.0000000,0.0000000,0,4.3934800917947194098661922354,50.714733596079726380302972373,56.954392696513141552303585871,985703900
12.46,0,0.0872446658720336164076591771,0.0872446658720336,0.0857492301632666,0.0872446658720336,0.0857492301632666,0,0.0000000,0.0000000,0,4.3919088452984117246764004589,50.702892589263615975177612586,56.946174917063884234225160987,986495700
12.47,0,0.0872362896846620924076591771,0.0872362896846621,0.0857431211093162,0.0872362896846621,0.0857431211093162,0,0.0000000,0.0000000,0,4.3903395767671848365130927758,50.691049902422007449611025309,56.937957095019522371922750354,987287400
12.48,0,0.0872279358691087414076591771,0.0872279358691087,0.0857370292709978,0.0872279358691087,0.0857370292709978,0,0.0000000,0.0000000,0,4.3887730146320124768020757074,50.679224536206430863538520271,56.929751332468078350949015515,988079100
12.49,0,0.0872196035476359944076591771,0.087219603547636,0.0857309537861973,0.087219603547636,0.0857309537861973,0,0.0000000,0.0000000,0,4.3872087072786351065519466524,50.667409286208420716684996254,56.921553286540180508017965757,988870800
12.50,0,0.0872112814597745304076591771,0.0872112814597745,0.0857248834100093,0.0872112814597745,0.0857248834100093,0,0.0000000,0.0000000,0,4.3856465418253516459368847727,50.65562303394161888266079864,56.913376174386843767606289796,989662600
12.51,0,0.0872029717818196544076591771,0.0872029717818196,0.0857188203342344,0.0872029717818196,0.0857188203342344,0,0.0000000,0.0000000,0,4.3840869576976572587783943084,50.643822546666966904900973035,56.905189466795236604990084609,990454300
12.52,0,0.0871946834543679814076591771,0.087194683454368,0.0857127735149159,0.087194683454368,0.0857127735149159,0,0.0000000,0.0000000,0,4.3825298166655965680635612595,50.63203902448625890494574315,56.89701493562170877974067456,991246100
12.53,0,0.0871864173455397834076591771,0.0871864173455398,0.0857067438355626,0.0871864173455398,0.0857067438355626,0,0.0000000,0.0000000,0,4.3809745550012367643837739067,50.62026356589482180489757473,56.888847228045228868517171314,992037800
12.54,0,0.0871781516304534214076591771,0.0871781516304534,0.0857007094866232,0.0871781516304534,0.0857007094866232,0,0.0000000,0.0000000,0,4.3794218749721067143734433314,50.608489958758906724243789579,56.880681041010524789853877902,992829500
12.55,0,0.0871699061770585874076591771,0.0871699061770586,0.08569469035132,0.0871699061770586,0.08569469035132,0,0.0000000,0.0000000,0,4.3778716755307679325809350133,50.596760688621926871019620189,56.872545898806874447839908864,993621200
12.56,0,0.0871616839274447664076591771,0.0871616839274448,0.0856886893869576,0.0871616839274448,0.0856886893869576,0,0.0000000,0.0000000,0,4.3763235810231761236621714338,50.58501708423573337851429226,56.864401759801645705351114684,994413000
12.57,0,0.0871534720555616124076591771,0.0871534720555616,0.0856826937826436,0.0871534720555616,0.0856826937826436,0,0.0000000,0.0000000,0,4.374777905690735234561215792,50.57327305982950312560846614,56.856257793901969181278771221,995204700
12.58,0,0.0871452714300180064076591771,0.087145271430018,0.0856767044220876,0.087145271430018,0.0856767044220876,0,0.0000000,0.0000000,0,4.3732343111144499699339905701,50.561546924198815595578498476,56.848127146913193274340205307,995996400
12.59,0,0.0871370920457294674076591771,0.0871370920457295,0.0856707313152494,0.0871370920457295,0.0856707313152494,0,0.0000000,0.0000000,0,4.3716933236461554119331635273,50.549827236841653459816185644,56.840001147341997997619976373,996788200
12.60,0,0.0871289338976277964076591771,0.0871289338976278,0.0856647744720484,0.0871289338976278,0.0856647744720484,0,0.0000000,0.0000000,0,4.3701544906952168595888434637,50.538127420989024710928274573,56.831889726686377320358871886,997579900
12.61,0,0.0871207869073498254076591771,0.0871207869073498,0.0856588238290529,0.0871207869073498,0.0856588238290529,0,0.0000000,0.0000000,0,4.3686181649246080710967209419,50.526455791300187687659631219,56.823798124966259480939307006,998371600
12.62,0,0.0871126413413662674076591771,0.0871126413413663,0.0856528696676091,0.0871126413413663,0.0856528696676091,0,0.0000000,0.0000000,0,4.3670840849556085342352773993,50.514771689293985918656688088,56.815698595882860343540066028,999163300
12.63,0,0.0871045257980672614076591771,0.0871045257980672,0.0856469406009269,0.0871045257980672,0.0856469406009269,0,0.0000000,0.0000000,0,4.36555202103840611563892392,50.503088951295801834399988754,56.807601037991709414318162417,999955100
12.64,0,0.0870964313975327554076591771,0.0870964313975328,0.0856410277638506,0.0870964313975328,0.0856410277638506,0,0.0000000,0.0000000,0,4.3640224644004440326689328218,50.491426934393453504992105454,56.799518127179785980478521294,1000747000
12.65,0,0.0870883392813969634076591771,0.087088339281397,0.0856351123127233,0.087088339281397,0.0856351123127233,0,0.0000000,0.0000000,0,4.3624951887589948815425060662,50.479771299960940758793184465,56.791440270424782595841927994,1001538000
12.66,0,0.0870802673488460264076591771,0.087080267348846,0.0856292121613854,0.087080267348846,0.0856292121613854,0,0.0000000,0.0000000,0,4.3609703591167772584768456137,50.468132846961162488457378152,56.78337469474904376707228523,1002330000
12.67,0,0.0870722064931656854076591771,0.0870722064931657,0.0856233182177218,0.0870722064931657,0.0856233182177218,0,0.0000000,0.0000000,0,4.3594474455733882188547351854,50.456509003783999037126098181,56.775320386241717653042534652,1003122000
12.68,0,0.0870641667603933264076591771,0.0870641667603933,0.0856174405423151,0.0870641667603933,0.0856174405423151,0,0.0000000,0.0000000,0,4.3579270026799905208718653397,50.444891060595313341701927841,56.767270515176583959074737384,1003914000
12.69,0,0.0870561382691058874076591771,0.0870561382691059,0.0856115692682326,0.0870561382691059,0.0856115692682326,0,0.0000000,0.0000000,0,4.3564087795621906255368334794,50.433267539321198874029673054,56.759217503842897204306033379,1004705000
12.70,0,0.0870481298905009494076591771,0.087048129890501,0.0856057132811087,0.087048129890501,0.0856057132811087,0,0.0000000,0.0000000,0,4.3548927375657708586496324444,50.421656227714227724780311133,56.751173708140284149972432441,1005497000
12.71,0,0.0870401325332306254076591771,0.0870401325332306,0.0855998635039784,0.0870401325332306,0.0855998635039784,0,0.0000000,0.0000000,0,4.3533792011505745727801391144,50.410061206985161861573626199,56.743141476260570474032699264,1006289000
12.72,0,0.0870321463655237884076591771,0.0870321463655238,0.0855940201193998,0.0870321463655238,0.0855940201193998,0,0.0000000,0.0000000,0,4.3518677845894016077928805309,50.398474838286598793648664657,56.735116082934994292616590991,1007081000
12.73,0,0.0870241811731461434076591771,0.0870241811731461,0.0855881929274148,0.0870241811731461,0.0855881929274148,0,0.0000000,0.0000000,0,4.3503584735249073430276176135,50.386926847229691358085725629,56.727118105667836217609952237,1007872000
12.74,0,0.0870162261602340844076591771,0.0870162261602341,0.0855823711463829,0.0870162261602341,0.0855823711463829,0,0.0000000,0.0000000,0,4.3488515086576746451187614435,50.375352407954976268187799162,56.71910235630288326521773789,1008664000
12.75,0,0.0870082921990404344076591771,0.0870082921990404,0.0855765656627271,0.0870082921990404,0.0855765656627271,0,0.0000000,0.0000000,0,4.3473469249241754342404911809,50.363803948465617779342839126,56.711105040900007825295102569,1009456000
12.76,0,0.0870003683214051944076591771,0.0870003683214052,0.0855707655224052,0.0870003683214052,0.0855707655224052,0,0.0000000,0.0000000,0,4.3458445854160204418186133474,50.352254541431662484259530824,56.703107732707676246017840442,1010248000
12.77,0,0.0869924664858724024076591771,0.0869924664858724,0.0855649826980265,0.0869924664858724,0.0855649826980265,0,0.0000000,0.0000000,0,4.3443442900812621556316093806,50.340715751899364977876333034,56.695118720153940237404285588,1011039000
12.78,0,0.0869845746510012344076591771,0.0869845746510012,0.0855592051621635,0.0869845746510012,0.0855592051621635,0,0.0000000,0.0000000,0,4.3428465021489398747095880842,50.329189444790787844411801779,56.687138612858731328082557485,1011831000
12.79,0,0.0869766928486770444076591771,0.086976692848677,0.0855534329606629,0.086976692848677,0.0855534329606629,0,0.0000000,0.0000000,0,4.3413507320158765459966126579,50.317673101521887096283454544,56.679166382456897806811431294,1012623000
12.80,0,0.0869688320374890384076591771,0.086968832037489,0.0855476770660236,0.086968832037489,0.0855476770660236,0,0.0000000,0.0000000,0,4.3398573059386054417529078614,50.306191068947979001321680486,56.671218387320321070274136607,1013415000
12.81,0,0.0869609832493525094076591771,0.0869609832493525,0.0855419285240193,0.0869609832493525,0.0855419285240193,0,0.0000000,0.0000000,0,4.3383659872098829145483505755,50.294686789770531479919422646,56.663255855338454633282856634,1014206000
12.82,0,0.0869531434428864954076591771,0.0869531434428865,0.0855361843070761,0.0869531434428865,0.0855361843070761,0,0.0000000,0.0000000,0,4.3368768227847948577872359202,50.283198126586259837808329682,56.655304901792286353788394359,1014998000
12.83,0,0.0869453246133804354076591771,0.0869453246133804,0.0855304564242397,0.0869453246133804,0.0855304564242397,0,0.0000000,0.0000000,0,4.3353901919481217592480453363,50.271731117739841929023620745,56.647369142608524967422357576,1015790000
12.84,0,0.0869375258767541604076591771,0.0869375258767542,0.0855247440051354,0.0869375258767542,0.0855247440051354,0,0.0000000,0.0000000,0,4.3339056439646307559823990254,50.260256976553588106227055566,56.639429327610129980419358152,1016581000
12.85,0,0.0869297279502509054076591771,0.0869297279502509,0.0855190277806612,0.0869297279502509,0.0855190277806612,0,0.0000000,0.0000000,0,4.3324232379477953625386624669,50.24879613104488702401999823,56.631499495889446717286017406,1017373000
12.86,0,0.0869219509866646854076591771,0.0869219509866647,0.0855133279172161,0.0869219509866647,0.0855133279172161,0,0.0000000,0.0000000,0,4.330942912260430445551246741,50.237348958114200924817285739,56.623579996441348322278657616,1018165000
12.87,0,0.0869141940647386564076591771,0.0869141940647387,0.0855076435070975,0.0869141940647387,0.0855076435070975,0,0.0000000,0.0000000,0,4.32946509560483478998572645,50.225938495607718305167646476,56.615686127743106374454515202,1018957000
12.88,0,0.0869064469762023924076591771,0.0869064469762024,0.08550196435554,0.0869064469762024,0.08550196435554,0,0.0000000,0.0000000,0,4.3279890572353842624765126721,50.214501174970704580245821732,56.607774999645310245675548242,1019748000
12.89,0,0.0868987118830365354076591771,0.0868987118830365,0.0854962926379791,0.0868987118830365,0.0854962926379791,0,0.0000000,0.0000000,0,4.3265155278035557564279005299,50.203084959119458922023271982,56.599878702995289133996714944,1020540000
12.90,0,0.0868909956144049934076591771,0.086890995614405,0.0854906351969847,0.086890995614405,0.0854906351969847,0,0.0000000,0.0000000,0,4.325043876490766192014069182,50.191668635913838349494723239,56.591983496374389480548557814,1021332000
12.91,0,0.0868832903315690384076591771,0.086883290331569,0.0854849842071744,0.086883290331569,0.0854849842071744,0,0.0000000,0.0000000,0,4.3235750340169428950350114708,50.180273012237343761235045863,56.58410239017942469567323085,1022124000
12.92,0,0.0868756049102741414076591771,0.0868756049102742,0.0854793485576014,0.0868756049102742,0.0854793485576014,0,0.0000000,0.0000000,0,4.3221080349284891912907202347,50.168882797703792005454862739,56.576226235142681461514176301,1022915000
12.93,0,0.0868679303003348894076591771,0.0868679303003349,0.085473719211339,0.0868679303003349,0.085473719211339,0,0.0000000,0.0000000,0,4.3206429400105709741854905969,50.157501611346483639178450769,56.568357442565370538245659541,1023707000
12.94,0,0.0868602656252841114076591771,0.0868602656252841,0.0854680953051303,0.0868602656252841,0.0854680953051303,0,0.0000000,0.0000000,0,4.3191803638287651103537336353,50.146135471765451498585013151,56.560499260593198877116833005,1024499000
12.95,0,0.0868526117981238924076591771,0.0868526117981239,0.0854624777651393,0.0868526117981239,0.0854624777651393,0,0.0000000,0.0000000,0,4.3177199570860934115309079915,50.134766569826461120021522995,56.552639886981284745859819661,1025290000
12.96,0,0.0868449778509879934076591771,0.086844977850988,0.0854568756366136,0.086844977850988,0.0854568756366136,0,0.0000000,0.0000000,0,4.3162616933991458795600293054,50.123443533930720577325455997,56.544812990668971108646772367,1026082000
12.97,0,0.0868373637060575694076591771,0.0868373637060576,0.0854512888548002,0.0868373637060576,0.0854512888548002,0,0.0000000,0.0000000,0,4.3148054089925167050324858598,50.112099177627535701155611542,56.536972345015078940145569924,1026874000
12.98,0,0.0868297603954943624076591771,0.0868297603954944,0.0854457084648791,0.0868297603954944,0.0854457084648791,0,0.0000000,0.0000000,0,4.313351367448654375726759091,50.100762522500371161019000853,56.529137627058338778612352104,1027666000
12.99,0,0.0868221668781629914076591771,0.086822166878163,0.0854401334386857,0.086822166878163,0.0854401334386857,0,0.0000000,0.0000000,0,4.3118996049466141639030737647,50.089445024498403622120138816,56.521316702821892972692945901,1028457000
13.00,0,0.0868145831862529974076591771,0.086814583186253,0.085434563821333,0.086814583186253,0.085434563821333,0,0.0000000,0.0000000,0,4.3104497114198810165054930769,50.078125210916375130619093551,56.513495330147204835402128835,1029249000
13.01,0,0.0868070202786566384076591771,0.0868070202786566,0.0854290105845894,0.0868070202786566,0.0854290105845894,0,0.0000000,0.0000000,0,4.3090023867896842593340098709,50.066830297782624452218725959,56.505691284598055172358688935,1030041000
13.02,0,0.0867994761509355044076591771,0.0867994761509355,0.0854234717368463,0.0867994761509355,0.0854234717368463,0,0.0000000,0.0000000,0,4.307556814547642785792919265,50.055532043020712157484879864,56.49788624995269674846289093,1030833000
13.03,0,0.0867919337986648844076591771,0.0867919337986649,0.0854179302864615,0.0867919337986649,0.0854179302864615,0,0.0000000,0.0000000,0,4.3061136734767748949123300618,50.044248589193582761690447348,56.490091756582961728001844267,1031624000
13.04,0,0.0867844202174336994076591771,0.0867844202174337,0.0854124132417606,0.0867844202174337,0.0854124132417606,0,0.0000000,0.0000000,0,4.3046723483547449124922351011,50.032969928250129108598401617,56.482301800407778176160633482,1032416000
13.05,0,0.0867769074829312054076591771,0.0867769074829312,0.0854068926911227,0.0867769074829312,0.0854068926911227,0,0.0000000,0.0000000,0,4.3032336935081193530809998633,50.021734393365984134219289498,56.474541610701592257726551793,1033208000
13.06,0,0.0867694133937647464076591771,0.0867694133937648,0.0854013864457994,0.0867694133937648,0.0854013864457994,0,0.0000000,0.0000000,0,4.3017969150624330833130354288,50.010483419201535429031639486,56.466771868948421846500485652,1033999000
13.07,0,0.0867619310258307984076591771,0.0867619310258308,0.0853958875942853,0.0867619310258308,0.0853958875942853,0,0.0000000,0.0000000,0,4.3003620409721632670098460377,49.999233176493944837034004827,56.459003715272598877628092748,1034791000
13.08,0,0.0867544574909765924076591771,0.0867544574909766,0.0853903932609801,0.0867544574909766,0.0853903932609801,0,0.0000000,0.0000000,0,4.2989295104943024187197971714,49.987993472264159089671500533,56.451243269961820989144911894,1035583000
13.09,0,0.0867470035522716074076591771,0.0867470035522716,0.0853849142214604,0.0867470035522716,0.0853849142214604,0,0.0000000,0.0000000,0,4.2974991446793074050772999084,49.976771996791761862816753619,56.4434961172399104623808311,1036375000
13.10,0,0.0867395604376163344076591771,0.0867395604376164,0.0853794417160886,0.0867395604376164,0.0853794417160886,0,0.0000000,0.0000000,0,4.2960705958984485518823470925,49.965546940755315598581408346,56.435747693852295502325554197,1037166000
13.11,0,0.0867321369108209424076591771,0.086732136910821,0.0853739845210915,0.086732136910821,0.0853739845210915,0,0.0000000,0.0000000,0,4.2946442491333581849349315629,49.954330673620873638143594393,56.428005972682156410320041309,1037958000
13.12,0,0.0867247231991000114076591771,0.0867247231991,0.0853685328760556,0.0867247231991,0.0853685328760556,0,0.0000000,0.0000000,0,4.2932203717891572244092324782,49.943136823550015970970861277,56.420279972462569023600019714,1038750000
13.13,0,0.0867173181456611094076591771,0.0867173181456611,0.0853630856365156,0.0867173181456611,0.0853630856365156,0,0.0000000,0.0000000,0,4.2917983076060681313138472407,49.931951841023653937402046901,56.412561308722339507795300985,1039542000
13.14,0,0.0867099346310888154076591771,0.0867099346310888,0.0853576556953389,0.0867099346310888,0.0853576556953389,0,0.0000000,0.0000000,0,4.2903782712928694750960937719,49.92077097182008555313395577,56.404846367094448993718988123,1040333000
13.15,0,0.0867025698815745994076591771,0.0867025698815746,0.0853522402909553,0.0867025698815746,0.0853522402909553,0,0.0000000,0.0000000,0,4.2889605513659219322828261498,49.909600037853306865529563546,56.397138735035305183898626785,1041125000
13.16,0,0.0866952058142082544076591771,0.0866952058142083,0.085346821352649,0.0866952058142083,0.085346821352649,0,0.0000000,0.0000000,0,4.2875448607891852075299668566,49.898441736850898561769921768,56.389440709070389662445975974,1041917000
13.17,0,0.0866878603514415944076591771,0.0866878603514416,0.0853414168150222,0.0866878603514416,0.0853414168150222,0,0.0000000,0.0000000,0,4.2861313467867196534073927721,49.88729165469339974893995164,56.381749010563901584338349672,1042709000
13.18,0,0.0866805245257060434076591771,0.086680524525706,0.085336017722613,0.086680524525706,0.085336017722613,0,0.0000000,0.0000000,0,4.284719871356100730923701297,49.876171857269727185873803446,56.374079106500115093249384442,1043500000
13.19,0,0.0866732093327903504076591771,0.0866732093327904,0.0853306350832733,0.0866732093327904,0.0853306350832733,0,0.0000000,0.0000000,0,4.2833103626153681982745829918,49.865037247112194814865412113,56.366399913341846431150772749,1044292000
13.20,0,0.0866659027318405424076591771,0.0866659027318406,0.085325256868169,0.0866659027318406,0.085325256868169,0,0.0000000,0.0000000,0,4.2819030920806635164686352576,49.853914598139373578428317216,56.35872953323762931973238236,1045084000
13.21,0,0.0866585967553265514076591771,0.0866585967553266,0.0853198751217467,0.0866585967553266,0.0853198751217467,0,0.0000000,0.0000000,0,4.2804978237389280113058509345,49.842803942115743178903999097,56.351068343405489292263393461,1045875000
13.22,0,0.0866513193257643634076591771,0.0866513193257644,0.085314517778456,0.0866513193257644,0.085314517778456,0,0.0000000,0.0000000,0,4.279094731118235008586222862,49.831701556538918380574489723,56.343413502584835231896037606,1046667000
13.23,0,0.0866440525123048834076591771,0.0866440525123049,0.0853091669193388,0.0866440525123049,0.0853091669193388,0,0.0000000,0.0000000,0,4.2776934024136658608796279221,49.820598309704719241030315776,56.335759319074016934984589867,1047459000
13.24,0,0.0866367952374894544076591771,0.0866367952374895,0.0853038214787846,0.0866367952374895,0.0853038214787846,0,0.0000000,0.0000000,0,4.2762946133329765700290817541,49.809519621089830236267883956,56.3281221888591198801766705,1048251000
13.25,0,0.0866295565704942044076591771,0.0866295565704942,0.0852984905377755,0.0866295565704942,0.0852984905377755,0,0.0000000,0.0000000,0,4.2748974877930917590216703601,49.798445836555103454375323583,56.320489850809851748419836659,1049042000
13.26,0,0.0866223275469384364076591771,0.0866223275469384,0.0852931651436945,0.0866223275469384,0.0852931651436945,0,0.0000000,0.0000000,0,4.2735026389725140508444797388,49.787374655058653606901786228,56.312859775807014068368079674,1049834000
13.27,0,0.0866151189364352594076591771,0.0866151189364353,0.0852878560778762,0.0866151189364353,0.0852878560778762,0,0.0000000,0.0000000,0,4.2721097252544386360888981722,49.776315795302979388227224991,56.305239203560573520390633085,1050626000
13.28,0,0.0866079088847672574076591771,0.0866079088847672,0.0852825414977829,0.0866079088847672,0.0852825414977829,0,0.0000000,0.0000000,0,4.2707190387830635165979412993,49.765275107199723991088715858,56.297631730461789915895253488,1051418000
13.29,0,0.0866007184637339374076591771,0.0866007184637339,0.0852772424868522,0.0866007184637339,0.0852772424868522,0,0.0000000,0.0000000,0,4.2693301284679319097328814423,49.754231937820271861527237716,56.290023759847852575837558995,1052209000
13.30,0,0.0865935474440122084076591771,0.0865935474440122,0.0852719588273574,0.0865935474440122,0.0852719588273574,0,0.000000,0.000000,0,4.2679433789570946821281296799,49.743198772035990007068881393,56.282423334952970722625973599,1053001000
13.31,0,0.0865863760464525224076591771,0.0865863760464525,0.0852666707517041,0.0865863760464525,0.0852666707517041,0,0.0000000,0.0000000,0,4.2665589052086613483320514947,49.732185197362501585592335711,56.274836906689398193580006077,1053793000
13.32,0,0.0865792240424369174076591771,0.0865792240424369,0.0852613980427883,0.0865792240424369,0.0852613980427883,0,0.0000000,0.0000000,0,4.2651764181493246397704534055,49.721176904042740712141821805,56.267255018221587599263000202,1054584000
13.33,0,0.0865720816521613344076591771,0.0865720816521613,0.0852561309322791,0.0865720816521613,0.0852561309322791,0,0.0000000,0.0000000,0,4.263795580148014990682048774,49.710162736403758771031915799,56.259670470208255376951655553,1055376000
13.34,0,0.0865649576110540594076591771,0.0865649576110541,0.0852508781670368,0.0865649576110541,0.0852508781670368,0,0.0000000,0.0000000,0,4.2624169639272432128022962386,49.699170819543424043938193072,56.252101831722496429198488656,1056168000
13.35,0,0.0865578431753149864076591771,0.086557843175315,0.0852456310146528,0.086557843175315,0.0852456310146528,0,0.0000000,0.0000000,0,4.2610405871322961727656068818,49.688219075642631128157077488,56.244561466534955925378143507,1056960000
13.36,0,0.0865507491924282414076591771,0.0865507491924282,0.0852404003339624,0.0865507491924282,0.0852404003339624,0,0.0000000,0.0000000,0,4.2596662715329183583504621445,49.677242664221340032097958049,56.237004802328807977416399511,1057751000
13.37,0,0.0865436636584074454076591771,0.0865436636584074,0.08523517413229,0.0865436636584074,0.08523517413229,0,0.0000000,0.0000000,0,4.2582938905823579066084822263,49.666278708102941252460244305,56.229457704690072934217160794,1058543000
13.38,0,0.0865365874582554484076591771,0.0865365874582554,0.0852299533059091,0.0865365874582554,0.0852299533059091,0,0.0000000,0.0000000,0,4.2569232423789263588579166462,49.65532171345562437442841433,56.221916682898067914969051729,1059335000
13.39,0,0.0865295198102219694076591771,0.086529519810222,0.0852247370843,0.086529519810222,0.0852247370843,0,0.0000000,0.0000000,0,4.255554820897275528193408408,49.644374584121840717114076636,56.214382980630639617380859678,1060127000
13.40,0,0.0865224725991666284076591771,0.0865224725991666,0.0852195373635132,0.0865224725991666,0.0852195373635132,0,0.000000,0.000000,0,4.2541885687741762531203001886,49.633439978396736429513160678,56.206858521054623164508494262,1060918000
13.41,0,0.0865154337844951434076591771,0.0865154337844951,0.085214342114106,0.0865154337844951,0.085214342114106,0,0.0000000,0.0000000,0,4.2528241149565999411074213121,49.622512074652266266361251841,56.199339848183364907067145507,1061710000
13.42,0,0.0865084033989361664076591771,0.0865084033989362,0.0852091513799186,0.0865084033989362,0.0852091513799186,0,0.0000000,0.0000000,0,4.2514617855670899447246486558,49.611591293474842793385342804,56.191826745882968323332532876,1062502000
13.43,0,0.0865013934019189954076591771,0.086501393401919,0.085203977131453,0.086501393401919,0.085203977131453,0,0.0000000,0.0000000,0,4.250101524782439157376277342,49.600688811409029351156864137,56.184327026498298347244094874,1063294000
13.44,0,0.0864943918261957324076591771,0.0864943918261957,0.0851988074124947,0.0864943918261957,0.0851988074124947,0,0.0000000,0.0000000,0,4.2487429969823523372579979314,49.589784897770932131447664231,56.176827561779697711365757161,1064085000
13.45,0,0.0864873995945635314076591771,0.0864873995945636,0.0851936431568354,0.0864873995945636,0.0851936431568354,0,0.0000000,0.0000000,0,4.2473867282255713510042215045,49.578893933500283644773588955,56.169337478896216758854143572,1064877000
13.46,0,0.0864804257764533494076591771,0.0864804257764534,0.0851884934448618,0.0864804257764534,0.0851884934448618,0,0.0000000,0.0000000,0,4.2460324829910657131633135406,49.568015871755199639361734773,56.161857107060813828053706555,1065669000
13.47,0,0.0864734624408769924076591771,0.086473462440877,0.0851833503565028,0.086473462440877,0.0851833503565028,0,0.0000000,0.0000000,0,4.24468014535979572276538284,49.55714970018295797420904198,56.154385923084115136656876832,1066460000
13.48,0,0.0864665173280867674076591771,0.0864665173280868,0.0851782216428894,0.0864665173280868,0.0851782216428894,0,0.0000000,0.0000000,0,4.2433296259728511647760040051,49.546278050941689395102157617,56.146912052190051735250771459,1067252000
13.49,0,0.0864595705805923174076591771,0.0864595705805923,0.0851730874573714,0.0864595705805923,0.0851730874573714,0,0.0000000,0.0000000,0,4.2419811383268464466640063552,49.535421697601836346142913668,56.139449525831691590009419044,1068044000
13.50,0,0.0864526432669509994076591771,0.086452643266951,0.0851679688793086,0.086452643266951,0.0851679688793086,0,0.0000000,0.0000000,0,4.2406348485946555153734530906,49.52457463386376338559528104,56.131993928029548667349001633,1068836000
13.51,0,0.0864457362017395974076591771,0.0864457362017396,0.0851628667340419,0.0864457362017396,0.0851628667340419,0,0.0000000,0.0000000,0,4.2392904114755691291000347734,49.513742144312380578176924038,56.124549447868262470582472686,1069627000
13.52,0,0.0864388264537008664076591771,0.0864388264537009,0.0851577581010406,0.0864388264537009,0.0851577581010406,0,0.0000000,0.0000000,0,4.2379480701484521544781624818,49.502916179671890849828384704,56.117110136612278671083479943,1070419000
13.53,0,0.0864319461275960984076591771,0.0864319461275961,0.0851526750957548,0.0864319461275961,0.0851526750957548,0,0.0000000,0.0000000,0,4.236607561158032511682015378,49.492100103414873215624790877,56.109678728200588671044255164,1071211000
13.54,0,0.0864250650023530124076591771,0.086425065002353,0.0851475875077634,0.086425065002353,0.0851475875077634,0,0.0000000,0.0000000,0,4.2352690687569645265115863022,49.481292569344291860404164052,56.102254001013666937537550124,1072002000
13.55,0,0.0864181922911562274076591771,0.0864181922911562,0.085142504560865,0.0864181922911562,0.085142504560865,0,0.0000000,0.0000000,0,4.2339323818304046332055886144,49.470485757266350069648857387,56.094830873979202622220763593,1072794000
13.56,0,0.0864113387736005954076591771,0.0864113387736006,0.0851374370452312,0.0864113387736006,0.0851374370452312,0,0.0000000,0.0000000,0,4.2325976758357380491252946348,49.459692910749669245937246084,56.087418228401859739781304353,1073586000
13.57,0,0.0864044936255942824076591771,0.0864044936255943,0.08513237414731,0.0864044936255943,0.08513237414731,0,0.0000000,0.0000000,0,4.2312652010998678296534880847,49.44891250329879920187727224,56.080014613063655107711820759,1074378000
13.58,0,0.0863976677718107604076591771,0.0863976677718108,0.0851273268022778,0.0863976677718108,0.0851273268022778,0,0.0000000,0.0000000,0,4.2299346171039381118417891642,49.438145756445587389376180317,56.072621402539825102535980394,1075169000
13.59,0,0.0863908500642631684076591771,0.0863908500642632,0.0851222838726137,0.0863908500642632,0.0851222838726137,0,0.0000000,0.0000000,0,4.2286056219450279510729815955,49.427375886014028581953105988,56.065227460878015933191024773,1075961000
13.60,0,0.0863840417512444374076591771,0.0863840417512444,0.0851172466170405,0.0863840417512444,0.0851172466170405,0,0.0000000,0.0000000,0,4.227278948489311132312639976,49.416627345722186202062902852,56.057848545651846557012143132,1076753000
13.61,0,0.0863772426846303764076591771,0.0863772426846304,0.0851122148978271,0.0863772426846304,0.0851122148978271,0,0.0000000,0.0000000,0,4.2259542385907965221951753882,49.405877577421307086550903184,56.050469615547678994471365718,1077545000
13.62,0,0.0863704608240666204076591771,0.0863704608240666,0.085107196684976,0.0863704608240666,0.085107196684976,0,0.0000000,0.0000000,0,4.2246313095833710141248829523,49.395144847114923185348394125,56.043103586327997776463724789,1078336000
13.63,0,0.0863636992391764364076591771,0.0863636992391764,0.0851021950584314,0.0863636992391764,0.0851021950584314,0,0.0000000,0.0000000,0,4.223310443530609393067337268,49.384413663000400321417231175,56.035739298113002746034054599,1079128000
13.64,0,0.0863569358529716974076591771,0.0863569358529717,0.0850971879514902,0.0863569358529717,0.0850971879514902,0,0.0000000,0.0000000,0,4.2219914314998126876354380165,49.373701592614330634477683598,56.028389224992259769049635276,1079920000
13.65,0,0.0863501906984418174076591771,0.0863501906984418,0.0850921954073907,0.0863501906984418,0.0850921954073907,0,0.0000000,0.0000000,0,4.2206744081221910348808054006,49.362989026651790841269756724,56.021039591329919075780450744,1080712000
13.66,0,0.0863434547719314274076591771,0.0863434547719314,0.085087208432691,0.0863434547719314,0.085087208432691,0,0.0000000,0.0000000,0,4.2193591730741089761216889367,49.352287426665498759159893811,56.013698635925958687069887011,1081503000
13.67,0,0.0863367270331403514076591771,0.0863367270331404,0.085082225997269,0.0863367270331404,0.085082225997269,0,0.0000000,0.0000000,0,4.2180461911750783779924997073,49.341599041899240984497099487,56.00636717703224607469561654,1082295000
13.68,0,0.0863300174784346924076591771,0.0863300174784347,0.0850772581076333,0.0863300174784347,0.0850772581076333,0,0.0000000,0.0000000,0,4.216734831831759971919044232,49.330919203086635529990202749,55.999042978442832464536360177,1083087000
13.69,0,0.0863233081041912284076591771,0.0863233081041912,0.085072286770268,0.0863233081041912,0.085072286770268,0,0.0000000,0.0000000,0,4.2154252902085471104711993934,49.320238440273488453337497999,55.991719180629184374814463394,1083878000
13.70,0,0.0863166259434529224076591771,0.0863166259434529,0.0850673390282884,0.0863166259434529,0.0850673390282884,0,0.0000000,0.0000000,0,4.2141177704885798222618648711,49.309568809118535293463267235,55.98440379400987740590180787,1084670000
13.71,0,0.0863099429193066794076591771,0.0863099429193067,0.0850623868148188,0.0863099429193067,0.0850623868148188,0,0.0000000,0.0000000,0,4.212812402729833459860917544,49.29891816456911694241852297,55.977102040483115587089916934,1085462000
13.72,0,0.0863032782070314654076591771,0.0863032782070315,0.0850574493151408,0.0863032782070315,0.0850574493151408,0,0.0000000,0.0000000,0,4.2115087882021937279242798932,49.28827547870574288281614489,55.969806922533013112839114764,1086254000
13.73,0,0.0862966215184621344076591771,0.0862966215184621,0.0850525162510574,0.0862966215184621,0.0850525162510574,0,0.0000000,0.0000000,0,4.2102068930310075733960151212,49.277627108221197185960596364,55.962509056956981831444264854,1087045000
13.74,0,0.0862899839557424044076591771,0.0862899839557424,0.0850475987346455,0.0862899839557424,0.0850475987346455,0,0.0000000,0.0000000,0,4.2089071099548978629105343059,49.266998784815345692901425805,55.955225610641521349191666,1087837000
13.75,0,0.0862833446937201444076591771,0.0862833446937202,0.0850426759506524,0.0862833446937202,0.0850426759506524,0,0.0000000,0.0000000,0,4.2076092528658464898721325709,49.256383283288125300562485031,55.947951879207992798278188168,1088629000
13.76,0,0.0862767344085321024076591771,0.0862767344085321,0.0850377785850797,0.0862767344085321,0.0850377785850797,0,0.0000000,0.0000000,0,4.2063132057161708068506867938,49.245770991477910063671735353,55.940681397232525354490933578,1089421000
13.77,0,0.0862701222752007574076591771,0.0862701222752008,0.0850328758227808,0.0862701222752008,0.0850328758227808,0,0.0000000,0.0000000,0,4.205018978065793139646189815,49.235164356180116937154933884,55.933415838521748318277570092,1090212000
13.78,0,0.0862635283581788734076591771,0.0862635283581789,0.0850279877380056,0.0862635283581789,0.0850279877380056,0,0.0000000,0.0000000,0,4.203726967115463354893052718,49.224576499498810731478848173,55.926163640612177332157671053,1091004000
13.79,0,0.0862569325490056124076591771,0.0862569325490056,0.0850230942320563,0.0862569325490056,0.0850230942320563,0,0.0000000,0.0000000,0,4.20243657499200480516115238,49.213988760514400200819402516,55.918912849089445567097632817,1091796000
13.80,0,0.0862503547398410934076591771,0.0862503547398411,0.0850182152068226,0.0862503547398411,0.0850182152068226,0,0.0000000,0.0000000,0,4.2011481260937239514590862031,49.203410147939916109432470822,55.911669173106951930824393183,1092588000
13.81,0,0.0862437970993495344076591771,0.0862437970993496,0.085013352840665,0.0862437970993496,0.085013352840665,0,0.0000000,0.0000000,0,4.1998614666960525252126607088,49.192838514651005951092515354,55.904431370108364737250053361,1093379000
13.82,0,0.0862372464888411804076591771,0.0862372464888412,0.0850084940045563,0.0862372464888412,0.0850084940045563,0,0.0000000,0.0000000,0,4.198576810728688040970241375,49.182279842094352315097542133,55.897203231004691495098704771,1094171000
13.83,0,0.0862307040397376554076591771,0.0862307040397376,0.0850036398395477,0.0862307040397376,0.0850036398395477,0,0.0000000,0.0000000,0,4.1972939782073642033877506857,49.171731274160569516024445995,55.889983065132933931657673465,1094963000
13.84,0,0.0862241706443915394076591771,0.0862241706443916,0.0849987912475882,0.0862241706443916,0.0849987912475882,0,0.000000,0.000000,0,4.1960131544761019594092518378,49.161191585795938674071814832,55.88276972537130952953514899,1095754000
13.85,0,0.0862176553360017264076591771,0.0862176553360017,0.0849939572714401,0.0862176553360017,0.0849939572714401,0,0.0000000,0.0000000,0,4.1947340474035131756691559138,49.150663338400696573166365073,55.875565447307782224288445219,1096546000
13.86,0,0.0862111479710395624076591771,0.0862111479710396,0.0849891277771055,0.0862111479710396,0.0849891277771055,0,0.0000000,0.0000000,0,4.1934568469134141779674557538,49.1401411623620563497189496,55.868366210580750320081768746,1097338000
13.87,0,0.0862046487530712064076591771,0.0862046487530712,0.0849843029776485,0.0862046487530712,0.0849843029776485,0,0.0000000,0.0000000,0,4.1921813030517188864783305178,49.129618152758657699249568826,55.861167638647380180448714911,1098130000
13.88,0,0.0861981686117488744076591771,0.0861981686117489,0.0849794938121868,0.0861981686117489,0.0849794938121868,0,0.0000000,0.0000000,0,4.1909079928889896002318890076,49.119118851115921303572650147,55.853985770924696385654068254,1098921000
13.89,0,0.0861916954703446974076591771,0.0861916954703447,0.0849746882134255,0.0861916954703447,0.0849746882134255,0,0.0000000,0.0000000,0,4.1896364371778982126324263419,49.108621482481086836797215333,55.846806317021324373087472668,1099713000
13.90,0,0.0861852313621073394076591771,0.0861852313621074,0.084969888224014,0.0861852313621074,0.084969888224014,0,0.0000000,0.0000000,0,4.1883666144835610762498194043,49.098125380337483927148629971,55.839628847683946561351571895,1100505000
13.91,0,0.0861787752469842174076591771,0.0861787752469842,0.0849650928132684,0.0861787752469842,0.0849650928132684,0,0.0000000,0.0000000,0,4.1870986799528140844883633115,49.087645641359166183071224495,55.832463548598031533343653118,1101297000
13.92,0,0.0861723371948992184076591771,0.0861723371948992,0.084960312060449,0.0861723371948992,0.084960312060449,0,0.0000000,0.0000000,0,4.1858325120922271307523531855,49.077178811914295532103506922,55.825308224060065340283701355,1102088000
13.93,0,0.0861659070925082414076591771,0.0861659070925082,0.0849555358615167,0.0861659070925082,0.0849555358615167,0,0.0000000,0.0000000,0,4.1845683628810055140718978277,49.06671920344635031104723613,55.818158531156854869751582072,1102880000
13.94,0,0.0861594860464102474076591771,0.0861594860464103,0.0849507653323432,0.0861594860464103,0.0849507653323432,0,0.0000000,0.0000000,0,4.183305913952982587016874118,49.056255834340176322748052432,55.811007386919694726602337526,1103672000
13.95,0,0.0861530720453699354076591771,0.0861530720453699,0.0849459984709346,0.0861530720453699,0.0849459984709346,0,0.0000000,0.0000000,0,4.1820454501299282697614612179,49.045813632075976073853321572,55.803871563827164613513245031,1104463000
13.96,0,0.0861466759183688494076591771,0.0861466759183689,0.0849412461154824,0.0861466759183689,0.0849412461154824,0,0.0000000,0.0000000,0,4.180786784356477834565883885,49.035355953591570778730765802,55.796726024543852480588861151,1105255000
13.97,0,0.0861402888009604924076591771,0.0861402888009605,0.0849364994107184,0.0861402888009605,0.0849364994107184,0,0.0000000,0.0000000,0,4.1795298307555677959785076025,49.024924305749270346668700048,55.789599603590108157324374601,1106047000
13.98,0,0.0861339096531602424076591771,0.0861339096531602,0.0849317573258053,0.0861339096531602,0.0849317573258053,0,0.0000000,0.0000000,0,4.1782746809617428586552548512,49.014504576640121628176108208,55.782482392234507240312651374,1106839000
13.99,0,0.0861275485364964434076591771,0.0861275485364964,0.0849270299313876,0.0861275485364964,0.0849270299313876,0,0.0000000,0.0000000,0,4.1770216834762115371444911096,49.004098098102779681626446991,55.775374743011017299529993155,1107630000
14.00,0,0.0861211952811621114076591771,0.0861211952811621,0.0849223070667434,0.0861211952811621,0.0849223070667434,0,0.0000000,0.0000000,0,4.1757701744755845896419069378,48.993696854084548747036494786,55.768272185814237967909453021,1108422000
14.01,0,0.0861148489855061954076591771,0.0861148489855062,0.0849175878392761,0.0861148489855062,0.0849175878392761,0,0.0000000,0.0000000,0,4.1745205498042318827819134195,48.983303559151344013915297663,55.761175952678361672548761019,1109214000
14.02,0,0.0861085117106494014076591771,0.0861085117106494,0.0849128743191298,0.0861085117106494,0.0849128743191298,0,0.0000000,0.0000000,0,4.1732728289121893099688056726,48.972916549239599108788773854,55.754084857794790884769492056,1110006000
14.03,0,0.0861021922876863934076591771,0.0861021922876864,0.0849081753463923,0.0861021922876864,0.0849081753463923,0,0.0000000,0.0000000,0,4.1720268690324332237724605788,48.962542500819184279759778467,55.747003745634048380888930634,1110797000
14.04,0,0.0860958808786798184076591771,0.0860958808786798,0.0849034810920886,0.0860958808786798,0.0849034810920886,0,0.0000000,0.0000000,0,4.1707828595842955175971732575,48.952176140809240448307555562,55.7399286588785342757543914,1111589000
14.05,0,0.0860895772786665864076591771,0.0860895772786666,0.0848987913601878,0.0860895772786666,0.0848987913601878,0,0.0000000,0.0000000,0,4.1695405103767485172429365499,48.941811433487439625903570107,55.732855893192229165874337428,1112381000
14.06,0,0.0860832917224613594076591771,0.0860832917224614,0.0848941163944065,0.0860832917224614,0.0848941163944065,0,0.0000000,0.0000000,0,4.1682998712688660893441615367,48.93145836254122581633523995,55.725792267002619351497766628,1113172000
14.07,0,0.0860770140327317024076591771,0.0860770140327317,0.0848894460262839,0.0860770140327317,0.0848894460262839,0,0.0000000,0.0000000,0,4.1670612326196951808449114177,48.921122908073528559102046591,55.718741437996158665932875717,1113964000
14.08,0,0.0860707441426957484076591771,0.0860707441426958,0.0848847801978801,0.0860707441426958,0.0848847801978801,0,0.0000000,0.0000000,0,4.1658244871080804964011086751,48.910789384341005012275661891,55.711692732368833885700908866,1114756000
14.09,0,0.0860644822863339404076591771,0.0860644822863339,0.0848801191519874,0.0860644822863339,0.0848801191519874,0,0.0000000,0.0000000,0,4.164589216398360550561118788,48.900458745357445764542375402,55.704647489419280256071782468,1115548000
14.10,0,0.0860582272501174374076591771,0.0860582272501174,0.084875461683859,0.0860582272501174,0.084875461683859,0,0.0000000,0.0000000,0,4.1633559527494280479808642365,48.890148185589222864557259395,55.697616724254043616722826096,1116339000
14.11,0,0.0860519911408064514076591771,0.0860519911408064,0.0848708199090079,0.0860519911408064,0.0848708199090079,0,0.0000000,0.0000000,0,4.1621245143277875032087105021,48.879841845001017758943248186,55.690589765003593127732460116,1117131000
14.12,0,0.0860457617822589744076591771,0.086045761782259,0.0848661816600151,0.086045761782259,0.0848661816600151,0,0.0000000,0.0000000,0,4.1608945750781908096489527036,48.869537145793520543299172858,55.683565359876996352219268958,1117923000
14.13,0,0.0860395513706956874076591771,0.0860395513706957,0.0848615591417948,0.0860395513706957,0.0848615591417948,0,0.0000000,0.0000000,0,4.1596665750583571311230950841,48.8592149326655829055218077,55.676529542363490248898351842,1118715000
14.14,0,0.0860333478398174124076591771,0.0860333478398174,0.0848569402967124,0.0860333478398174,0.0848569402967124,0,0.0000000,0.0000000,0,4.158440440754869496244037323,48.848942440477403455279170866,55.669528911653521661582766853,1119506000
14.15,0,0.0860271531131429234076591771,0.0860271531131429,0.0848523270569218,0.0860271531131429,0.0848523270569218,0,0.0000000,0.0000000,0,4.1572161300991066899773540196,48.838665676743973918017262356,55.662526205292292470551823228,1120298000
14.16,0,0.0860209652608222384076591771,0.0860209652608222,0.0848477175011792,0.0860209652608222,0.0848477175011792,0,0.000000,0.000000,0,4.1559935579942041465617585363,48.828403743727374479862293698,55.655534765584242838152840126,1121090000
14.17,0,0.0860147852430476414076591771,0.0860147852430476,0.0848431125982543,0.0860147852430476,0.0848431125982543,0,0.0000000,0.0000000,0,4.154772582443320650962825473,48.818139705613848277923998503,55.648543114257378207149932537,1121881000
14.18,0,0.0860086230566759344076591771,0.0860086230566759,0.0848385223535523,0.0860086230566759,0.0848385223535523,0,0.0000000,0.0000000,0,4.1535535971758900965848499502,48.807897599651905390439706676,55.641567218337673768751641701,1122673000
14.19,0,0.0860024686985728074076591771,0.0860024686985728,0.0848339367724587,0.0860024686985728,0.0848339367724587,0,0.0000000,0.0000000,0,4.1523363813663243768321270876,48.79765834018078547837372904,55.634594242538997861222008521,1123465000
14.20,0,0.0859963221289572854076591771,0.0859963221289573,0.0848293558236839,0.0859963221289573,0.0848293558236839,0,0.0000000,0.0000000,0,4.151120754970036817504649725,48.787429721545538174551323126,55.627629868393970661192334734,1124257000
14.21,0,0.0859901924797376034076591771,0.0859901924797376,0.0848247886475988,0.0859901924797376,0.0848247886475988,0,0.0000000,0.0000000,0,4.1499068986181353387765970257,48.777203996716259485561656151,55.620668439493454478568851483,1125048000
14.22,0,0.0859840605142728984076591771,0.0859840605142729,0.084820216015997,0.0859840605142729,0.084820216015997,0,0.0000000,0.0000000,0,4.148694803119209780512496029,48.766976780193296145453424887,55.613706935758447908878739668,1125840000
14.23,0,0.0859779473646282924076591771,0.0859779473646283,0.0848156590693499,0.0859779473646283,0.0848156590693499,0,0.0000000,0.0000000,0,4.1474844618827349276779213345,48.756771250918917221108916368,55.606761388236877982772657219,1126632000
14.24,0,0.0859718509910579624076591771,0.085971850991058,0.0848111157762898,0.085971850991058,0.0848111157762898,0,0.0000000,0.0000000,0,4.1462760819762687004470521031,48.746578482070272820246005952,55.599825279820081632551159959,1127424000
14.25,0,0.0859657514882954584076591771,0.0859657514882954,0.0848065662399003,0.0859657514882954,0.0848065662399003,0,0.0000000,0.0000000,0,4.145069462992048533058601695,48.736394719022715136209246795,55.592896342017481778835763071,1128215000
14.26,0,0.0859596706941555244076591771,0.0859596706941555,0.0848020323063184,0.0859596706941555,0.0848020323063184,0,0.0000000,0.0000000,0,4.1438643368713366161039583928,48.726212685026451060310356296,55.585969984606967906082013905,1129007000
14.27,0,0.0859535966302160624076591771,0.0859535966302161,0.0847975020054165,0.0859535966302161,0.0847975020054165,0,0.0000000,0.0000000,0,4.1426611632943870049659059149,48.716018277478490685140596064,55.579035694655793888609320061,1129799000
14.28,0,0.0859475304274795274076591771,0.0859475304274795,0.0847929764764639,0.0859475304274795,0.0847929764764639,0,0.0000000,0.0000000,0,4.1414596906050850254444371019,48.705849870146693138454844114,55.572120412128894341885907909,1130590000
14.29,0,0.0859414819246125924076591771,0.0859414819246126,0.0847884655663663,0.0859414819246126,0.0847884655663663,0,0.0000000,0.0000000,0,4.1402597282434054089653584749,48.695698537482640567382619837,55.565218279497144655392373224,1131382000
14.30,0,0.0859354302399343494076591771,0.0859354302399344,0.0847839484016548,0.0859354302399344,0.0847839484016548,0,0.0000000,0.0000000,0,4.1390616059032886433071514737,48.685543749187545689377608986,55.558314554541707837662190158,1132174000
14.31,0,0.0859293971760207994076591771,0.0859293971760208,0.0847794467930896,0.0859293971760208,0.0847794467930896,0,0.0000000,0.0000000,0,4.1378652266747594866655066611,48.675406375006871473300645819,55.551423820856691543341867189,1132966000
14.32,0,0.0859233809606281064076591771,0.0859233809606281,0.0847749589765844,0.0859233809606281,0.0847749589765844,0,0.0000000,0.0000000,0,4.1366708129128089676533237147,48.665277659119598670699421565,55.544539652339076632236624278,1133757000
14.33,0,0.0859173613968947084076591771,0.0859173613968947,0.0847704647634076,0.0859173613968947,0.0847704647634076,0,0.0000000,0.0000000,0,4.1354777413111032768619909159,48.655146467788575395371607641,55.537655385595649278959605093,1134549000
14.34,0,0.0859113596387382644076591771,0.0859113596387383,0.08476598531558,0.0859113596387383,0.08476598531558,0,0.0000000,0.0000000,0,4.1342866343193404429044079459,48.64504101541856222832976824,55.530789484914931252250927273,1135341000
14.35,0,0.0859053665863071634076591771,0.0859053665863072,0.0847615115413261,0.0859053665863072,0.0847615115413261,0,0.0000000,0.0000000,0,4.133097450100579656371963085,48.634936732071256257842930088,55.523925031492213379499709098,1136133000
14.36,0,0.0858993791402996454076591771,0.0858993791402996,0.0847570403493937,0.0858993791402996,0.0847570403493937,0,0.0000000,0.0000000,0,4.1319094066287809726474400528,48.624832822814124408804478883,55.51706277597769759347709961,1136924000
14.37,0,0.0858934104905018694076591771,0.0858934104905019,0.0847525849375916,0.0858934104905019,0.0847525849375916,0,0.0000000,0.0000000,0,4.1307234600503055555523430905,48.614721016577150296788750853,55.510195403712208577118447656,1137716000
14.38,0,0.0858874385741493804076591771,0.0858874385741494,0.0847481232511515,0.0858874385741494,0.0847481232511515,0,0.0000000,0.0000000,0,4.1295393348910048660952695995,48.604638725194143493353158697,55.503349229896919198896199304,1138508000
14.39,0,0.0858814843149692414076591771,0.0858814843149692,0.0847436762217701,0.0858814843149692,0.0847436762217701,0,0.0000000,0.0000000,0,4.1283567905402728244503987392,48.594567207949756412046735686,55.49651169845041128937001636,1139300000
14.40,0,0.0858755466508854454076591771,0.0858755466508854,0.0847392427953148,0.0858755466508854,0.0847392427953148,0,0.0000000,0.0000000,0,4.1271757251848531620435370303,48.584503579429755270975872305,55.489680982029926311855202923,1140091000
14.41,0,0.0858696067706422614076591771,0.0858696067706423,0.0847348041684468,0.0858696067706423,0.0847348041684468,0,0.0000000,0.0000000,0,4.1259964812230033666531659136,48.574438350121158905920315553,55.482849945297272409268040295,1140883000
14.42,0,0.0858636845387352184076591771,0.0858636845387352,0.0847303802135524,0.0858636845387352,0.0847303802135524,0,0.0000000,0.0000000,0,4.1248191831888621964749759483,48.564400686182419869134454954,55.476038535209083638189011162,1141675000
14.43,0,0.0858577589888909274076591771,0.0858577589888909,0.0847259499722233,0.0858577589888909,0.0847259499722233,0,0.0000000,0.0000000,0,4.1236433378021700857476804978,48.554353165685976274848307293,55.469221708166611128437961027,1142467000
14.44,0,0.0858518610815330964076591771,0.0858518610815331,0.0847215444127218,0.0858518610815331,0.0847215444127218,0,0.0000000,0.0000000,0,4.1224692445784203870411564388,48.544321441455405477344888212,55.462416689963254841671432007,1143258000
14.45,0,0.0858459608504046194076591771,0.0858459608504046,0.084717133576604,0.0858459608504046,0.084717133576604,0,0.0000000,0.0000000,0,4.1212969293307229937596988948,48.534297709981897997760073585,55.45561803951969684623439734,1144050000
14.46,0,0.0858400772559454014076591771,0.0858400772559454,0.0847127364320968,0.0858400772559454,0.0847127364320968,0,0.0000000,0.0000000,0,4.120126191573339690868882465,48.524284800006706638507554865,55.448828044877898774118440585,1144842000
14.47,0,0.0858342002952589624076591771,0.085834200295259,0.0847083429840656,0.085834200295259,0.0847083429840656,0,0.0000000,0.0000000,0,4.1189570711425598858375364717,48.514250580540530706350767211,55.4420244276783278307647929,1145633000
14.48,0,0.0858283310601744644076591771,0.0858283310601745,0.0847039543320755,0.0858283310601745,0.0847039543320755,0,0.0000000,0.0000000,0,4.1177898689127719580054218325,48.504248765272852444920591946,55.435243803503435967345328508,1146425000
14.49,0,0.0858224693582449854076591771,0.085822469358245,0.0846995702913901,0.085822469358245,0.0846995702913901,0,0.0000000,0.0000000,0,4.1166241011140927740069496284,48.494255948327204998559641867,55.428470804987488154816237663,1147217000
14.50,0,0.0858166242814472664076591771,0.0858166242814473,0.0846951999616715,0.0858166242814473,0.0846951999616715,0,0.0000000,0.0000000,0,4.1154601825948456596421127033,48.484273305011814827081404958,55.421705542279976971787404777,1148009000
14.51,0,0.0858107868269168074076591771,0.0858107868269168,0.0846908343477152,0.0858107868269168,0.0846908343477152,0,0.0000000,0.0000000,0,4.1142979795568839674807879325,48.47430332551662332961027967,55.414949957715432867022428268,1148800000
14.52,0,0.0858049569551415144076591771,0.0858049569551415,0.0846864734176441,0.0858049569551415,0.0846864734176441,0,0.0000000,0.0000000,0,4.1131372774513831317616886806,48.464333523052388011809921739,55.408195779353581523142167978,1149592000
14.53,0,0.0857991327939920114076591771,0.085799132793992,0.0846821153069384,0.085799132793992,0.0846821153069384,0,0.0000000,0.0000000,0,4.1119782981912825050546918279,48.454370361520503836966903369,55.401447096698969212183207982,1150384000
14.54,0,0.0857933271523700884076591771,0.0857933271523701,0.0846777728320849,0.0857933271523701,0.0846777728320849,0,0.0000000,0.0000000,0,4.1108212175864178187856038917,48.444427377249023367131959541,55.394712963865410941166831285,1151176000
14.55,0,0.0857875280849812224076591771,0.0857875280849812,0.084673434055349,0.0857875280849812,0.084673434055349,0,0.0000000,0.0000000,0,4.1096653838491845607329063155,48.434454922323396930011617002,55.387960166002760340760057981,1151967000
14.56,0,0.0857817256826749814076591771,0.085781725682675,0.0846690890751157,0.085781725682675,0.0846690890751157,0,0.0000000,0.0000000,0,4.108511524073199651070778259,48.424527354540609711026705436,55.381238860258092702221986098,1152759000
14.57,0,0.0857759507918110814076591771,0.0857759507918111,0.0846647687452552,0.0857759507918111,0.0846647687452552,0,0.0000000,0.0000000,0,4.1073591351900583620594444821,48.414599227360399283691834396,55.374518484860132965192174663,1153551000
14.58,0,0.0857701725601451574076591771,0.0857701725601452,0.0846604422210092,0.0857701725601452,0.0846604422210092,0,0.0000000,0.0000000,0,4.1062086597928040462687818673,48.404681052819129278995996722,55.367805551218293725326487091,1154342000
14.59,0,0.0857644117979135004076591771,0.0857644117979135,0.0846561303200756,0.0857644117979135,0.0846561303200756,0,0.0000000,0.0000000,0,4.1050596206878555971030855317,48.394774419122196747322152442,55.361101961893962379806052538,1155134000
14.60,0,0.0857586576890271894076591771,0.0857586576890272,0.0846518222338027,0.0857586576890272,0.0846518222338027,0,0.0000000,0.0000000,0,4.1039120872201813403623483184,48.384863766472316382763556945,55.35439684279801219200119635,1155926000
14.61,0,0.0857529110075968324076591771,0.0857529110075968,0.084647518743714,0.0857529110075968,0.084647518743714,0,0.0000000,0.0000000,0,4.1027663889948551962207493877,48.374976176681584861644345755,55.347708346489256217521125379,1156718000
14.62,0,0.0857471710103465544076591771,0.0857471710103466,0.0846432191139224,0.0857471710103466,0.0846432191139224,0,0.0000000,0.0000000,0,4.1016224691853220045428157788,48.36509248723863213434427508,55.341023321978810008059250008,1157509000
14.63,0,0.0857414485646908034076591771,0.0857414485646908,0.0846389342192072,0.0857414485646908,0.0846389342192072,0,0.0000000,0.0000000,0,4.1004800517312425770640061334,48.355180569186944652160519983,55.334320031446317965304788507,1158301000
14.64,0,0.0857357325385623854076591771,0.0857357325385624,0.0846346529348416,0.0857357325385624,0.0846346529348416,0,0.0000000,0.0000000,0,4.0993391611170309423972201318,48.345311577205697690699581516,55.327647603021553935584070001,1159093000
14.65,0,0.0857300231146309914076591771,0.085730023114631,0.0846303754508123,0.085730023114631,0.0846303754508123,0,0.0000000,0.0000000,0,4.0982000805975012643639620152,48.335449719764430240225453146,55.320980815720555759212799775,1159885000
14.66,0,0.0857243212706839464076591771,0.085724321270684,0.0846261027521996,0.085724321270684,0.0846261027521996,0,0.0000000,0.0000000,0,4.097062700861142030742713222,48.325604921936720592233377564,55.314326710215570652307980454,1160676000
14.67,0,0.0857186358017458914076591771,0.0857186358017459,0.0846218436412973,0.0857186358017459,0.0846218436412973,0,0.0000000,0.0000000,0,4.0959265870662975673334665944,48.315753844042546456360168014,55.307669895706924105599431237,1161468000
14.68,0,0.0857129579630588334076591771,0.0857129579630588,0.0846175893805932,0.0857129579630588,0.0846175893805932,0,0.0000000,0.0000000,0,4.0947925412347997407706332128,48.305919648358867807453211171,55.301025005871326373449747603,1162260000
14.69,0,0.0857072766228470084076591771,0.085707276622847,0.0846133288455336,0.085707276622847,0.0846133288455336,0,0.0000000,0.0000000,0,4.0936598353115999303939739954,48.296081369461484410398554329,55.294378791844815323434589688,1163051000
14.70,0,0.0857016218150483204076591771,0.0857016218150483,0.0846090920772552,0.0857016218150483,0.0846090920772552,0,0.0000000,0.0000000,0,4.0925288543764089760680159866,48.286260915528523621106058591,55.287745731319416471366057459,1163843000
14.71,0,0.0856959644636414424076591771,0.0856959644636414,0.084604850006912,0.0856959644636414,0.084604850006912,0,0.0000000,0.0000000,0,4.0913995123187692303626360651,48.276431283075820970640261352,55.281107307322907834140893753,1164635000
14.72,0,0.0856903236025791074076591771,0.0856903236025791,0.0846006216756089,0.0856903236025791,0.0846006216756089,0,0.0000000,0.0000000,0,4.090271661232129019077827071,48.266624269543706476511443453,55.274485741987066810604716645,1165427000
14.73,0,0.0856846902658214184076591771,0.0856846902658214,0.0845963981244349,0.0856846902658214,0.0845963981244349,0,0.0000000,0.0000000,0,4.0891456743202843975963727253,48.25682837985774103844088972,55.267872448523746905231862242,1166218000
14.74,0,0.0856790523773691704076591771,0.0856790523773692,0.0845921672844966,0.0856790523773692,0.0845921672844966,0,0.0000000,0.0000000,0,4.0880209577043419353655909473,48.247028756615697385288985178,55.261258174536929162255404759,1167010000
14.75,0,0.0856734419711971254076591771,0.0856734419711971,0.0845879611968518,0.0856734419711971,0.0845879611968518,0,0.0000000,0.0000000,0,4.0868981305245753089123358203,48.237249565904975060278664303,55.254658553026924762135433326,1167802000
14.76,0,0.0856678280079762704076591771,0.0856678280079763,0.0845837488292314,0.0856678280079763,0.0845837488292314,0,0.0000000,0.0000000,0,4.0857767988674646285183435016,48.227473175750119873054188471,55.248062072180513474907808894,1168594000
14.77,0,0.0856622315216959484076591771,0.085662231521696,0.084579551222662,0.085662231521696,0.084579551222662,0,0.0000000,0.0000000,0,4.084657029313543841127677194,48.217707815513253941807300612,55.241474300353242239544029541,1169385000
14.78,0,0.0856566415096971904076591771,0.0856566415096972,0.0845753573814991,0.0856566415096972,0.0845753573814991,0,0.0000000,0.0000000,0,4.0835389279151804077489342968,48.207928061705998600317682168,55.234877484317470391636154212,1170177000
14.79,0,0.0856510579326727324076591771,0.0856510579326727,0.0845711672734274,0.0856510579326727,0.0845711672734274,0,0.0000000,0.0000000,0,4.0824224401730940598079213303,48.198183098091132455604921441,55.228305698267997331249572034,1170969000
14.80,0,0.0856454918786254044076591771,0.0856454918786254,0.0845669919934189,0.0856454918786254,0.0845669919934189,0,0.0000000,0.0000000,0,4.0813072616256157174788174567,48.188424824643523674900677216,55.221726227313644088186412425,1171761000
14.81,0,0.0856399212001557194076591771,0.0856399212001557,0.084562809401021,0.0856399212001557,0.084562809401021,0,0.0000000,0.0000000,0,4.0801941010040562741659177947,48.178693148895645308365389622,55.215165420756328395687777719,1172552000
14.82,0,0.0856343679487484744076591771,0.0856343679487485,0.0845586415546431,0.0856343679487485,0.0845586415546431,0,0.0000000,0.0000000,0,4.0790825261975340556692151849,48.168973276325611191033328095,55.208613796192630991950409151,1173344000
14.83,0,0.0856288211217805994076591771,0.0856288211217806,0.0845544774585642,0.0856288211217806,0.0845544774585642,0,0.0000000,0.0000000,0,4.0779721759401893610188184292,48.159250773350665751749662612,55.202062000815286584181766793,1174136000
14.84,0,0.0856232818067932654076591771,0.0856232818067933,0.0845503182072056,0.0856232818067933,0.0845503182072056,0,0.0000000,0.0000000,0,4.0768636262942251371587907272,48.149513340851067873030092611,55.195500538808339500961466425,1174927000
14.85,0,0.0856177587840857874076591771,0.0856177587840858,0.0845461725877246,0.0856177587840858,0.0845461725877246,0,0.0000000,0.0000000,0,4.0757566924300172507235431602,48.139813159293204028148804027,55.188965777950410105531612813,1175719000
14.86,0,0.0856122323045602824076591771,0.0856122323045603,0.084542020857859,0.0856122323045603,0.084542020857859,0,0.0000000,0.0000000,0,4.074651217206244595117370847,48.130112630049478059283226606,55.182432008096616048211549188,1176511000
14.87,0,0.0856067221490178884076591771,0.0856067221490179,0.0845378828052241,0.0856067221490179,0.0845378828052241,0,0.0000000,0.0000000,0,4.0735475630952079553058483894,48.12042690307896800865289191,55.175909065184546296241479304,1177303000
14.88,0,0.0856012183682504614076591771,0.0856012183682505,0.0845337484874037,0.0856012183682505,0.0845337484874037,0,0.0000000,0.0000000,0,4.072445124313727197923386867,48.110744623939575410614732676,55.169390149335587478077610892,1178094000
14.89,0,0.0855957320858826834076591771,0.0855957320858827,0.0845296290347929,0.0855957320858827,0.0845296290347929,0,0.0000000,0.0000000,0,4.0713445098754012163742814012,48.101070409136876352940139121,55.162877391074359559001267065,1178886000
14.90,0,0.0855902420834645524076591771,0.0855902420834646,0.0845255032356904,0.0855902420834646,0.0845255032356904,0,0.0000000,0.0000000,0,4.0702453148682289308327111528,48.091407946688740655154281493,55.15637403619288787453794339,1179678000
14.91,0,0.0855847685740643424076591771,0.0855847685740644,0.0845213913098914,0.0855847685740644,0.0845213913098914,0,0.0000000,0.0000000,0,4.0691477758173280727244826431,48.081728832007180583950705735,55.149860046256831799879266958,1180470000
14.92,0,0.0855793014289172984076591771,0.0855793014289173,0.0845172831353366,0.0855793014289173,0.0845172831353366,0,0.0000000,0.0000000,0,4.0680519173051571298280773096,48.07207809776272010212167341,55.143366486213468001186584177,1181261000
14.93,0,0.0855738405564024314076591771,0.0855738405564024,0.0845131786270893,0.0855738405564024,0.0845131786270893,0,0.0000000,0.0000000,0,4.066957376538598860339185715,48.062436220578159475281135896,55.136880494251498191327673164,1182053000
14.94,0,0.0855683871688866654076591771,0.0855683871688867,0.084509079004179,0.0855683871688867,0.084509079004179,0,0.0000000,0.0000000,0,4.0658646227116897252664052583,48.052806037471739781365683851,55.130403210365474573951244513,1182845000
14.95,0,0.0855629491379871954076591771,0.0855629491379872,0.0845049921448643,0.0855629491379872,0.0845049921448643,0,0.0000000,0.0000000,0,4.064773347793447050409728782,48.04318482837072833894433724,55.123933286943965451087993357,1183636000
14.96,0,0.0855575183724620524076591771,0.085557518372462,0.0845009099645237,0.085557518372462,0.0845009099645237,0,0.0000000,0.0000000,0,4.0636834563449617291734514053,48.033555017582987275583263767,55.117458744593414174916913791,1184428000
14.97,0,0.0855520840473253854076591771,0.0855520840473254,0.0844968216447702,0.0855520840473254,0.0844968216447702,0,0.0000000,0.0000000,0,4.0625951764746834929833796483,48.023926861911978252408162895,55.110986267958013397896577049,1185220000
14.98,0,0.0855466760712295264076591771,0.0855466760712295,0.0844927571008346,0.0855466760712295,0.0844927571008346,0,0.0000000,0.0000000,0,4.0615086538432658563878789932,48.01433177866802922999123624,55.104537302232777271976015102,1186012000
14.99,0,0.0855412644050073904076591771,0.0855412644050074,0.0844886863001066,0.0855412644050074,0.0844886863001066,0,0.0000000,0.0000000,0,4.0604236079733471184170582398,48.00473712098008885637369959,55.098089779042719593087404022,1186803000
15.00,0,0.0855358590312297254076591771,0.0855358590312297,0.0844846192316936,0.0855358590312297,0.0844846192316936,0,0.0000000,0.0000000,0,4.0593399284464651992450965478,47.995144269131205056765996814,55.091644841205538877327150262,1187595000
15.01,0,0.0855304700506763934076591771,0.0855304700506764,0.0844805660028907,0.0855304700506764,0.0844805660028907,0,0.0000000,0.0000000,0,4.058257905650712397902102718,47.985568083259583672984627172,55.08521224267029011010516429,1188387000
15.02,0,0.0855250884091576974076591771,0.0855250884091577,0.0844765175660031,0.0855250884091577,0.0844765175660031,0,0.0000000,0.0000000,0,4.0571773316822750401880695917,47.975969531400856958103499307,55.078765379793671641940804446,1189179000
15.03,0,0.0855197120675333264076591771,0.0855197120675333,0.0844724718883646,0.0855197120675333,0.0844724718883646,0,0.0000000,0.0000000,0,4.0560984972007972082556649282,47.966405873690475516317656911,55.072343294389748365170320213,1189970000
15.04,0,0.0855143430599806814076591771,0.0855143430599807,0.0844684310106062,0.0855143430599807,0.0844684310106062,0,0.0000000,0.0000000,0,4.0550209235984984447823226092,47.956845011533120753678886572,55.065924647136519058380670913,1190762000
15.05,0,0.0855089903473726804076591771,0.0855089903473727,0.0844644039000341,0.0855089903473727,0.0844644039000341,0,0.0000000,0.0000000,0,4.0539450427671818586905944355,47.94729335372287491050396825,55.059513104229291831140699326,1191554000
15.06,0,0.0855036429272444024076591771,0.0855036429272444,0.0844603795605959,0.0855036429272444,0.0844603795605959,0,0.0000000,0.0000000,0,4.0528705996808011546364028847,47.937754331895274189321548358,55.053111478983884041232333764,1192345000
15.07,0,0.0854983028337930424076591771,0.085498302833793,0.0844563600328813,0.085498302833793,0.0844563600328813,0,0.0000000,0.0000000,0,4.0517979026800548203982294006,47.928223827726114297558946218,55.046716380972807878849978292,1193137000
15.08,0,0.0854929690279112354076591771,0.0854929690279112,0.0844523442841551,0.0854929690279112,0.0844523442841551,0,0.0000000,0.0000000,0,4.0507266291138761817760668233,47.918683592852494966115073913,55.040315767542360456077676485,1193929000
15.09,0,0.0854876415071537014076591771,0.0854876415071537,0.084448332318324,0.0854876415071537,0.084448332318324,0,0.0000000,0.0000000,0,4.0496566591712305645699079922,47.909154676867879582306190929,55.033924385662962121865690705,1194721000
15.10,0,0.0854823293561472424076591771,0.0854823293561472,0.0844443332263467,0.0854823293561472,0.0844443332263467,0,0.0000000,0.0000000,0,4.0485884216701908621840480278,47.899651116924004958916785068,55.027551172624197820226639844,1195512000
15.11,0,0.0854770253982127064076591771,0.0854770253982127,0.084440339837856,0.0854770253982127,0.084440339837856,0,0.0000000,0.0000000,0,4.0475216309939799947926660896,47.89014341097140785630131271,55.021176248676172472930949467,1196304000
15.12,0,0.0854717257181057734076591771,0.0854717257181058,0.0844363482438995,0.0854717257181058,0.0844363482438995,0,0.0000000,0.0000000,0,4.0464564422399656938215687007,47.880650985306535127012076654,55.0148127545308849784542158,1197096000
15.13,0,0.0854664333134070644076591771,0.0854664333134071,0.0844323614483299,0.0854664333134071,0.0844323614483299,0,0.0000000,0.0000000,0,4.0453927285463764202793532597,47.871139615391082441058193066,55.00843727043765788947924823,1197888000
15.14,0,0.0854611572316521864076591771,0.0854611572316522,0.0844283885049351,0.0854611572316522,0.0844283885049351,0,0.0000000,0.0000000,0,4.0443304036359504999660126091,47.861659299351711063758139169,55.002084478414649134944065816,1198679000
15.15,0,0.0854558773337670814076591771,0.0854558773337671,0.0844244092808736,0.0854558773337671,0.0844244092808736,0,0.0000000,0.0000000,0,4.043269710044021285451423628,47.852188950870319199217212865,54.995739381628321052456892974,1199471000
15.16,0,0.0854506137040707094076591771,0.0854506137040707,0.0844204438666774,0.0854506137040707,0.0844204438666774,0,0.0000000,0.0000000,0,4.0422102029212122377441837154,47.84271318975293255382900573,54.989392139105853765717616905,1200263000
15.17,0,0.0854453553897741184076591771,0.0854453553897741,0.084416481315751,0.0854453553897741,0.084416481315751,0,0.0000000,0.0000000,0,4.0411528506190290882700993939,47.833266788415134152969106616,54.983065050845261110242909561,1201055000
15.18,0,0.0854401042158548284076591771,0.0854401042158548,0.0844125234592457,0.0854401042158548,0.0844125234592457,0,0.0000000,0.0000000,0,4.0400963732325233248076521043,47.823810481167266146346616561,54.976733256584695103549204359,1201846000
15.19,0,0.0854348593029619814076591771,0.085434859302962,0.0844085694239651,0.085434859302962,0.0844085694239651,0,0.0000000,0.0000000,0,4.0390415674264357055525324058,47.814349786432709967591199177,54.970399154595229835293711785,1202638000
15.20,0,0.0854296306979839254076591771,0.0854296306979839,0.0844046292629328,0.0854296306979839,0.0844046292629328,0,0.0000000,0.0000000,0,4.0379884278851751239090354187,47.80490889310813332821332387,54.964079455405752800826943677,1203430000
15.21,0,0.0854243972632565824076591771,0.0854243972632566,0.0844006818446006,0.0854243972632566,0.0844006818446006,0,0.0000000,0.0000000,0,4.0369365351334874732814562655,47.79548630687214503750152569,54.957773865945750635554664311,1204221000
15.22,0,0.0854191811314866294076591771,0.0854191811314866,0.0843967493077717,0.0854191811314866,0.0843967493077717,0,0.0000000,0.0000000,0,4.0358863074988930794697877847,47.786061606427362383871496877,54.951467536447526948560429901,1205013000
15.23,0,0.0854139710921651144076591771,0.0854139710921651,0.0843928204480148,0.0854139710921651,0.0843928204480148,0,0.0000000,0.0000000,0,4.0348374064448438358783250981,47.776646676776049353100734099,54.945169271553190896695880078,1205805000
15.24,0,0.0854087763875249624076591771,0.085408776387525,0.0843889045136213,0.085408776387525,0.0843889045136213,0,0.0000000,0.0000000,0,4.0337901752026040683070610448,47.767227479443436145232014897,54.938868762220165886692428754,1206597000
15.25,0,0.0854035778928754214076591771,0.0854035778928754,0.08438498238594,0.0854035778928754,0.08438498238594,0,0.0000000,0.0000000,0,4.0327444383661422645344770674,47.757834016001348948597990338,54.932587034677613987913401747,1207388000
15.26,0,0.0853983954839824774076591771,0.0853983954839825,0.0843810739467574,0.0853983954839825,0.0843810739467574,0,0.0000000,0.0000000,0,4.031700071539925155986379683,47.748436833406355899931159718,54.926303965684670424167623719,1208180000
15.27,0,0.0853932093657661534076591771,0.0853932093657662,0.0843771594069954,0.0853932093657662,0.0843771594069954,0,0.0000000,0.0000000,0,4.0306571406769730684627617367,47.739056674372577644829536674,54.920033758485657540443370563,1208972000
15.28,0,0.0853880494872035134076591771,0.0853880494872035,0.084373268721614,0.0853880494872035,0.084373268721614,0,0.0000000,0.0000000,0,4.0296156345096964897421046651,47.729658868542907187239633115,54.913752486495643736635281388,1209764000
15.29,0,0.0853828856511034274076591771,0.0853828856511034,0.0843693716993863,0.0853828856511034,0.0843693716993863,0,0.0000000,0.0000000,0,4.0285755644521387456244013108,47.720287464485571285905417264,54.907490543899398627475814687,1210555000
15.30,0,0.0853777281350434544076591771,0.0853777281350434,0.0843654786238356,0.0853777281350434,0.0843654786238356,0,0.0000000,0.0000000,0,4.027537073800994729513946793,47.710922550157663037850946553,54.901233919865619332848829055,1211347000
15.31,0,0.0853725867783885494076591771,0.0853725867783886,0.084361599340254,0.0853725867783886,0.084361599340254,0,0.0000000,0.0000000,0,4.0265001608678581728365476332,47.701581282969723406465178308,54.89499446049656160915200981,1212139000
15.32,0,0.0853674405788384014076591771,0.0853674405788384,0.0843577128522496,0.0853674405788384,0.0843577128522496,0,0.0000000,0.0000000,0,4.0254644702038905633706852718,47.692229730023915681014829908,54.888749364289760682030892202,1212930000
15.33,0,0.0853623205707542734076591771,0.0853623205707543,0.0843538502000741,0.0853623205707543,0.0843538502000741,0,0.0000000,0.0000000,0,4.0244303823669407945206548292,47.682863601853329051149496164,54.882494985429650591886962194,1213722000
15.34,0,0.0853571966308413324076591771,0.0853571966308414,0.0843499812663044,0.0853571966308414,0.0843499812663044,0,0.0000000,0.0000000,0,4.0233977464335016244821468657,47.673543976225833118563633608,54.876273764688131945299857502,1214514000
15.35,0,0.0853520789256296494076591771,0.0853520789256296,0.0843461162233242,0.0853520789256296,0.0843461162233242,0,0.0000000,0.0000000,0,4.0223666418396383790551542217,47.664218610673296977705912841,54.870049480710618627774691902,1215306000
15.36,0,0.0853469673683813324076591771,0.0853469673683813,0.0843422549902308,0.0853469673683813,0.0843422549902308,0,0.0000000,0.0000000,0,4.0213369702285510868525765788,47.654906464781261645290433038,54.863835396935095272767568823,1216097000
15.37,0,0.0853418719934815964076591771,0.0853418719934816,0.0843384076072268,0.0853418719934816,0.0843384076072268,0,0.0000000,0.0000000,0,4.0203084178294125328399885349,47.645589675112753913261688331,54.857619737283204342998093137,1216889000
15.38,0,0.0853367817620104184076591771,0.0853367817620104,0.0843345630411911,0.0853367817620104,0.0843345630411911,0,0.0000000,0.0000000,0,4.0192815840172800160474988933,47.636264283754284567128618735,54.85139869006717263243999217,1217681000
15.39,0,0.0853316986350537434076591771,0.0853316986350538,0.0843307232589909,0.0853316986350538,0.0843307232589909,0,0.0000000,0.0000000,0,4.0182562362943479974837050539,47.626973191093244974634836899,54.845202289158634296086744596,1218473000
15.40,0,0.0853266206836700384076591771,0.08532662068367,0.0843268863374478,0.08532662068367,0.0843268863374478,0,0.0000000,0.0000000,0,4.0172320927922948297184838969,47.617680056994380437843019655,54.83900594460376972571380243,1219264000
15.41,0,0.0853215578323014284076591771,0.0853215578323014,0.0843230622067493,0.0853215578323014,0.0843230622067493,0,0.0000000,0.0000000,0,4.0162097791773588385518282612,47.608412059687650591468543553,54.832827292726851831622439852,1220056000
15.42,0,0.0853165021153625444076591771,0.0853165021153626,0.0843192429070373,0.0853165021153626,0.0843192429070373,0,0.0000000,0.0000000,0,4.0151885498506278906181492296,47.599136126944005930188635423,54.826644834925362761395088686,1220848000
15.43,0,0.0853114426139840684076591771,0.0853114426139841,0.0843154175251523,0.0853114426139841,0.0843154175251523,0,0.0000000,0.0000000,0,4.0141690921659843384873236829,47.589851000303221228294336654,54.820456461461114161378029318,1221640000
15.44,0,0.0853063981590968494076591771,0.0853063981590969,0.0843116048977173,0.0853063981590969,0.0843116048977173,0,0.0000000,0.0000000,0,4.0131507064087730755636467386,47.580592639752593123122039073,54.814288255721900718560799035,1222431000
15.45,0,0.0853013597952962144076591771,0.0853013597952962,0.0843077960750019,0.0853013597952962,0.0843077960750019,0,0.0000000,0.0000000,0,4.0121339217697599684815294804,47.571344157901575220080726946,54.808127600263953492199779036,1223223000
15.46,0,0.0852963365570200464076591771,0.0852963365570201,0.084304000097101,0.0852963365570201,0.084304000097101,0,0.0000000,0.0000000,0,4.011118532147860802206546507,47.562105650402669630564941988,54.801974927911081649760069294,1224015000
15.47,0,0.0852913094054008424076591771,0.0852913094054008,0.0843001979307864,0.0852913094054008,0.0843001979307864,0,0.0000000,0.0000000,0,4.0101046555648260645171792597,47.552844150264453226580524119,54.795807260972313038507954063,1224806000
15.48,0,0.0852862994210582324076591771,0.0852862994210582,0.0842964106622998,0.0852862994210582,0.0842964106622998,0,0.0000000,0.0000000,0,4.0090919793164270544435365387,47.543610967372653731311597289,54.789660583935623955061953654,1225598000
15.49,0,0.0852812944726883194076591771,0.0852812944726883,0.0842926261659419,0.0852812944726883,0.0842926261659419,0,0.0000000,0.0000000,0,4.0080809269232926653899134652,47.534397020912630987757542651,54.783527857360236210987467128,1226390000
15.50,0,0.0852762946043741604076591771,0.0852762946043742,0.0842888444913831,0.0852762946043742,0.0842888444913831,0,0.0000000,0.0000000,0,4.0070710988283942231563028774,47.525181827777773371777386569,54.777395658032780404642458551,1227182000
15.51,0,0.0852713009330865884076591771,0.0852713009330866,0.0842850667611644,0.0852713009330866,0.0842850667611644,0,0.0000000,0.0000000,0,4.0060630374851630803125816592,47.515979239504652160281245585,54.771272562340554599942265016,1227973000
15.52,0,0.0852663132182156074076591771,0.0852663132182156,0.0842812927402286,0.0852663132182156,0.0842812927402286,0,0.0000000,0.0000000,0,4.0050561112908596710974631685,47.50675972981946412167207885,54.765139325764640057089068568,1228765000
15.53,0,0.0852613426135058744076591771,0.0852613426135059,0.0842775335878563,0.0852613426135059,0.0842775335878563,0,0.0000000,0.0000000,0,4.004050426048574348080824286,47.497563584718597858355968945,54.759023564228627257678238619,1229557000
15.54,0,0.0852563651256589204076591771,0.0852563651256589,0.0842737653162679,0.0852563651256589,0.0842737653162679,0,0.0000000,0.0000000,0,4.0030465057065758426884715335,47.488380070771232606447754138,54.7529169129603300998899176,1230349000
15.55,0,0.0852514056246880714076591771,0.0852514056246881,0.0842700128009786,0.0852514056246881,0.0842700128009786,0,0.0000000,0.0000000,0,4.0020439186276986426988863516,47.479207269764829379437391803,54.746818825584871544722295051,1231140000
15.56,0,0.0852464503093518394076591771,0.0852464503093518,0.0842662622462317,0.0852464503093518,0.0842662622462317,0,0.0000000,0.0000000,0,4.0010425268569246415163638584,47.470010900888962361973381366,54.740705884317156891352327625,1231932000
15.57,0,0.0852415119401324784076591771,0.0852415119401325,0.0842625264179776,0.0852415119401325,0.0842625264179776,0,0.0000000,0.0000000,0,4.0000426986889835973365946179,47.460847579460582545891268997,54.734616497517148321519540329,1232724000
15.58,0,0.0852365687153760204076591771,0.085236568715376,0.0842587835200138,0.085236568715376,0.0842587835200138,0,0.0000000,0.0000000,0,3.9990442329477113767939897084,47.451693573119582173988355321,54.728534643297460144756677219,1233515000
15.59,0,0.0852316415143104734076591771,0.0852316415143105,0.0842550544370026,0.0852316415143105,0.0842550544370026,0,0.0000000,0.0000000,0,3.9980472542834824944369146107,47.442543999809165871258608811,54.722456720200646555087935145,1234307000
15.60,0,0.0852267092899020204076591771,0.085226709289902,0.0842513181273282,0.085226709289902,0.0842513181273282,0,0.0000000,0.0000000,0,3.9970515557240136816911758439,47.433408456862150054917357222,54.716389725124286652969454918,1235099000
15.61,0,0.0852217942032253624076591771,0.0852217942032254,0.0842475967574668,0.0852217942032254,0.0842475967574668,0,0.0000000,0.0000000,0,3.9960573308777158319610685323,47.424255434219209998988030723,54.710311550833727126579144651,1235891000
15.62,0,0.0852168931338414834076591771,0.0852168931338415,0.0842438872123639,0.0852168931338415,0.0842438872123639,0,0.0000000,0.0000000,0,3.9950643227778278386508877929,47.415122797312376369236924219,54.704248798189750719742644365,1236682000
15.63,0,0.0852119880350470594076591771,0.085211988035047,0.0842401714506846,0.085211988035047,0.0842401714506846,0,0.0000000,0.0000000,0,3.9940728612598908923520219085,47.406001255142777674401600494,54.698194447653453027544881976,1237474000
15.64,0,0.0852070890306489564076591771,0.085207089030649,0.0842364596015877,0.085207089030649,0.0842364596015877,0,0.0000000,0.0000000,0,3.9930826715927166160515568774,47.396886442044098342606490285,54.692145982522185427343344707,1238266000
15.65,0,0.0852022060371946934076591771,0.0852022060371947,0.084232761586956,0.0852022060371947,0.084232761586956,0,0.0000000,0.0000000,0,3.9920941282485317411752992221,47.387772834568340842682712579,54.686098901616542793906261193,1239058000
15.66,0,0.0851973280083094844076591771,0.0851973280083095,0.0842290663657342,0.0851973280083095,0.0842290663657342,0,0.0000000,0.0000000,0,3.9911066980502301878974281016,47.378667962227353613100662251,54.680059371733990199974653805,1239849000
15.67,0,0.0851924560305358024076591771,0.0851924560305358,0.0842253750297676,0.0851924560305358,0.0842253750297676,0,0.0000000,0.0000000,0,3.9901206692862467144136340778,47.369576169509660598860453426,54.674029859878002211399545627,1240641000
15.68,0,0.0851875890940613154076591771,0.0851875890940613,0.0842216865745307,0.0851875890940613,0.0842216865745307,0,0.0000000,0.0000000,0,3.9891359534309597549626305103,47.360494812441154356751094096,54.668008698438354548553247109,1241433000
15.69,0,0.0851827281601412084076591771,0.0851827281601412,0.0842180019665493,0.0851827281601412,0.0842180019665493,0,0.0000000,0.0000000,0,3.9881526498485286621142942788,47.351396774351429791343027598,54.66197698567842230789355988,1242225000
15.70,0,0.0851778832266915724076591771,0.0851778832266916,0.0842143312089942,0.0851778832266916,0.0842143312089942,0,0.0000000,0.0000000,0,3.9871710447574063292729205064,47.342325117078727801994509261,54.655963911872414020560950719,1243016000
15.71,0,0.0851730332916338274076591771,0.0851730332916338,0.0842106533050254,0.0851730332916338,0.0842106533050254,0,0.0000000,0.0000000,0,3.9861903952016416498428043105,47.333264232801822783509021155,54.649960062533443915532482595,1243808000
15.72,0,0.0851681983528947024076591771,0.0851681983528947,0.0842069882577922,0.0851681983528947,0.0842069882577922,0,0.0000000,0.0000000,0,3.985211242834178382019636254,47.324210824837417649980394071,54.643962164301647463649647356,1244600000
15.73,0,0.0851633703717506454076591771,0.0851633703717506,0.084203328033778,0.0851633703717506,0.084203328033778,0,0.0000000,0.0000000,0,3.984233613308218419207711457,47.315144183389160256313068893,54.637955872469661161552780763,1245391000
15.74,0,0.0851585474194500824076591771,0.0851585474194501,0.0841996707094221,0.0851585474194501,0.0841996707094221,0,0.0000000,0.0000000,0,3.9832570796957406548113250393,47.306094491653425882593942979,54.63196279738677129558692252,1246183000
15.75,0,0.0851537294206244564076591771,0.0851537294206245,0.0841960162145311,0.0851537294206245,0.0841960162145311,0,0.0000000,0.0000000,0,3.9822819858351204414003538809,47.297061631098462159664456392,54.625982220363388728577696623,1246975000
15.76,0,0.0851489173732215684076591771,0.0851489173732216,0.0841923655522122,0.0851489173732216,0.0841923655522122,0,0.0000000,0.0000000,0,3.9813083997275116456092090638,47.288045274322596201515554411,54.620013784863802050184777433,1247767000
15.77,0,0.0851441203485055434076591771,0.0851441203485056,0.0841887277988735,0.0851441203485056,0.0841887277988735,0,0.0000000,0.0000000,0,3.9803359520360631876120697465,47.278998054029572249958596271,54.614025478596293047504587571,1248558000
15.78,0,0.0851393292344679634076591771,0.085139329234468,0.0841850938476346,0.085139329234468,0.0841850938476346,0,0.0000000,0.0000000,0,3.9793648107906893664390447324,47.269982782828710761533371576,54.608060334079730102966175183,1249350000
15.79,0,0.0851345441390389174076591771,0.0851345441390389,0.0841814638115385,0.0851345441390389,0.0841814638115385,0,0.0000000,0.0000000,0,3.9783950884971105078901268595,47.260972787494958821499489903,54.602099732170852889452033565,1250142000
15.80,0,0.0851297639502203554076591771,0.0851297639502204,0.0841778365836841,0.0851297639502204,0.0841778365836841,0,0.0000000,0.0000000,0,3.9774267582255885321394952897,47.251975927879106980569055205,54.596149141288064313378461448,1250934000
15.81,0,0.0851249887392971444076591771,0.0851249887392971,0.0841742122404381,0.0851249887392971,0.0841742122404381,0,0.0000000,0.0000000,0,3.9764599637244257649871428618,47.242968930536867606410316817,54.590192231109902287526035062,1251725000
15.82,0,0.0851202305468824204076591771,0.0851202305468824,0.0841706028274801,0.0851202305468824,0.0841706028274801,0,0.0000000,0.0000000,0,3.9754943740831126674416669785,47.23398227199681922354981696,54.584250638140213685755037478,1252517000
15.83,0,0.0851154662489356774076591771,0.0851154662489357,0.0841669852258205,0.0851154662489357,0.0841669852258205,0,0.0000000,0.0000000,0,3.9745300310135029976987581999,47.225006827296986922952918873,54.578317984086696032058859476,1253309000
15.84,0,0.0851107178495254594076591771,0.0851107178495255,0.0841633814445638,0.0851107178495255,0.0841633814445638,0,0.0000000,0.0000000,0,3.9735670904905006223928276051,47.216036309519941297513301171,54.572389637563425518623186276,1254100000
15.85,0,0.0851059744199571314076591771,0.0851059744199571,0.0841597805600358,0.0851059744199571,0.0841597805600358,0,0.0000000,0.0000000,0,3.972605383057878488467938396,47.207046656744171543157404304,54.566449304916404908038545481,1254892000
15.86,0,0.0851012380004632004076591771,0.0851012380004632,0.0841561846174746,0.0851012380004632,0.0841561846174746,0,0.0000000,0.0000000,0,3.9716450647096328949541993716,47.198091602962252601950344245,54.560533768903703885742647466,1255684000
15.87,0,0.0850965054311707774076591771,0.0850965054311708,0.0841525904619975,0.0850965054311708,0.0841525904619975,0,0.0000000,0.0000000,0,3.9706860722469537620257896937,47.189139208443187557504032076,54.554621103276531297936490131,1256476000
15.88,0,0.0850917888311118284076591771,0.0850917888311118,0.0841490102176119,0.0850917888311118,0.0841490102176119,0,0.0000000,0.0000000,0,3.9697284987220483619429341238,47.180182032029533085799668768,54.548705996514416266618189418,1257267000
15.89,0,0.0850870671141337804076591771,0.0850870671141338,0.0841454228031254,0.0850870671141338,0.0841454228031254,0,0.0000000,0.0000000,0,3.9687722677546836416496958591,47.171251880634913142630736397,54.542810530844858785075247314,1258059000
15.90,0,0.0850823612837339664076591771,0.085082361283734,0.0841418492269809,0.085082361283734,0.0841418492269809,0,0.0000000,0.0000000,0,3.9678169485384239269460677438,47.162311946426218818938052613,54.536910106233447364334287203,1258851000
15.91,0,0.0850776504529841504076591771,0.0850776504529842,0.0841382686071804,0.0850776504529842,0.0841382686071804,0,0.0000000,0.0000000,0,3.9668634151256684900922745361,47.153388730925435737436461878,54.53102137839761015654732272,1259642000
15.92,0,0.0850729654630314814076591771,0.0850729654630315,0.0841347117897869,0.0850729654630315,0.0841347117897869,0,0.0000000,0.0000000,0,3.9659111533575524400108680357,47.144458819519053559321368998,54.525129143188652248050590924,1260434000
15.93,0,0.0850682754685953894076591771,0.0850682754685954,0.0841311479344207,0.0850682754685954,0.0841311479344207,0,0.0000000,0.0000000,0,3.9649599581189079137534684467,47.135542802856150673565967297,54.519247983894566908065582556,1261226000
15.94,0,0.0850635902745727724076591771,0.0850635902745728,0.0841275868508649,0.0850635902745728,0.0841275868508649,0,0.0000000,0.0000000,0,3.9640104331537574258684412456,47.126653553878524208813267972,54.513385652187218147093768135,1262018000
15.95,0,0.0850589210352982994076591771,0.0850589210352983,0.0841240396983256,0.0850589210352983,0.0841240396983256,0,0.0000000,0.0000000,0,3.9630617913214366810117089151,47.117753788948915776206223496,54.507517887644769821799992958,1262809000
15.96,0,0.0850542476293837244076591771,0.0850542476293837,0.0841204863602714,0.0850542476293837,0.0841204863602714,0,0.0000000,0.0000000,0,3.9621146004796491669617528955,47.108841832659235498142788956,54.501642472138680727950455431,1263601000
15.97,0,0.0850495882107803964076591771,0.0850495882107804,0.0841169449954961,0.0850495882107804,0.0841169449954961,0,0.0000000,0.0000000,0,3.9611690045924326419142637474,47.099970913876075449430353107,54.495795852477946118017556035,1264393000
15.98,0,0.0850449356628948824076591771,0.0850449356628949,0.084113408492234,0.0850449356628949,0.084113408492234,0,0.0000000,0.0000000,0,3.9602244330341161344821411521,47.091096246043904873188634191,54.489948191730830379258878925,1265185000
15.99,0,0.0850402869061854434076591771,0.0850402869061854,0.0841098737757568,0.0850402869061854,0.0841098737757568,0,0.0000000,0.0000000,0,3.9592811104342468352567733869,47.082224640475523731386179115,54.484103765078645089707681422,1265976000
16.00,0,0.0850356440940311574076591771,0.0850356440940312,0.0841063430042426,0.0850356440940312,0.0841063430042426,0,0.0000000,0.0000000,0,3.9583392676434162320166418956,47.073348097113241299148102332,54.478256617411190292172648852,1266768000
16.01,0,0.0850310061834579904076591771,0.085031006183458,0.0841028151395018,0.085031006183458,0.0841028151395018,0,0.0000000,0.0000000,0,3.9573987602867725970219714374,47.064498588583112079217622494,54.472429068896436536528018032,1267560000
16.02,0,0.0850263841358893864076591771,0.0850263841358894,0.0840993011477282,0.0850263841358894,0.0840993011477282,0,0.0000000,0.0000000,0,3.9564592435888878772168252133,47.055641959846615152048146816,54.466598199369188839389429533,1268352000
16.03,0,0.0850217668721912574076591771,0.0850217668721913,0.0840957899545438,0.0850217668721913,0.0840957899545438,0,0.0000000,0.0000000,0,3.9555212040816863984011960636,47.046785256425457578330533775,54.460767953446769516739687857,1269143000
16.04,0,0.0850171446221058324076591771,0.0850171446221058,0.0840922717944327,0.0850171446221058,0.0840922717944327,0,0.0000000,0.0000000,0,3.9545846426633254863750768283,47.037957570112306530030884688,54.454958390894126784233288631,1269935000
16.05,0,0.0850125479613677084076591771,0.0850125479613677,0.0840887772478572,0.0850125479613677,0.0840887772478572,0,0.0000000,0.0000000,0,3.9536489682511585753771808682,47.02912452272346862946841429,54.449146901692882006575204356,1270727000
16.06,0,0.0850079463468957414076591771,0.0850079463468958,0.0840852757764497,0.0850079463468958,0.0840852757764497,0,0.0000000,0.0000000,0,3.9527147705710040179773850639,47.020307878872848131461871082,54.443347387469833930356756517,1271518000
16.07,0,0.0850033505858947894076591771,0.0850033505858948,0.0840817781921146,0.0850033505858948,0.0840817781921146,0,0.0000000,0.0000000,0,3.9517818733398481132057982162,47.01147242751388938961572276,54.437535886920063930234090717,1272310000
16.08,0,0.0849987686398169384076591771,0.084998768639817,0.0840782924609897,0.084998768639817,0.0840782924609897,0,0.0000000,0.0000000,0,3.9508502376209148080064835254,47.00267297023773138785944911,54.431750267397661312621983206,1273102000
16.09,0,0.0849941835434300914076591771,0.0849941835434301,0.0840748016225144,0.0849941835434301,0.0840748016225144,0,0.0000000,0.0000000,0,3.9499199878515634014095497914,46.993878593181874994107965948,54.425968966922579662830292109,1273894000
16.10,0,0.0849896122948513284076591771,0.0849896122948513,0.0840713226794634,0.0849896122948513,0.0840713226794634,0,0.0000000,0.0000000,0,3.9489908673543227600494080958,46.985062740354824345987697003,54.420174147573903247607418217,1274685000
16.11,0,0.0849850458922023904076591771,0.0849850458922024,0.0840678466346025,0.0849850458922024,0.0840678466346025,0,0.0000000,0.0000000,0,3.9480631754368402632658193577,46.976276953821200767018304963,54.414400790233608441346444462,1275477000
16.12,0,0.0849804852969541824076591771,0.0849804852969542,0.0840643744540325,0.0849804852969542,0.0840643744540325,0,0.0000000,0.0000000,0,3.9471366114064147776931946593,46.9674995259492979831144724,54.408634483958776797553917793,1276269000
16.13,0,0.0849759305438933594076591771,0.0849759305438934,0.0840609061771565,0.0849759305438934,0.0840609061771565,0,0.0000000,0.0000000,0,3.9462114745701461967358291198,46.958730980042626105096817398,54.40287502045222452210230535,1277061000
16.14,0,0.0849713805945001074076591771,0.0849713805945001,0.0840574407700573,0.0849713805945001,0.0840574407700573,0,0.0000000,0.0000000,0,3.9452875203187108729635996213,46.949948913892390867860353529,54.397107405864392721791779028,1277852000
16.15,0,0.0849668454469148264076591771,0.0849668454469148,0.0840539882354641,0.0849668454469148,0.0840539882354641,0,0.0000000,0.0000000,0,3.9443647358048941054066149618,46.941191533522399025136622293,54.39135800907029844617773862,1278644000
16.16,0,0.0849623151359380694076591771,0.0849623151359381,0.084050538612753,0.0849623151359381,0.084050538612753,0,0.0000000,0.0000000,0,3.9434433632606707874691702647,46.932442669672472256269488299,54.385615215991212408277141993,1279436000
16.17,0,0.0849577796597194564076591771,0.0849577796597195,0.0840470819046354,0.0849577796597195,0.0840470819046354,0,0.0000000,0.0000000,0,3.9425231975502368660953287277,46.92367245914008080083895509,54.379858814576204444703078831,1280228000
16.18,0,0.0849532599431020924076591771,0.0849532599431021,0.0840436390405026,0.0849532599431021,0.0840436390405026,0,0.0000000,0.0000000,0,3.9416040731651186135453151116,46.914931731402450009151545906,54.374124166665094370011754856,1281019000
16.19,0,0.0849487450575558614076591771,0.0849487450575559,0.0840401990963594,0.0849487450575559,0.0840401990963594,0,0.0000000,0.0000000,0,3.9406865718108693556191222597,46.906206043765930810421447418,54.368400205927549586665291552,1281811000
16.20,0,0.0849442351157877314076591771,0.0849442351157877,0.0840367621894342,0.0849442351157877,0.0840367621894342,0,0.0000000,0.0000000,0,3.939770120138315606865115651,46.897481620364482734232439126,54.36267851238928753572445755,1282603000
16.21,0,0.0849397408133800434076591771,0.08493974081338,0.0840333390198173,0.08493974081338,0.0840333390198173,0,0.000000,0.000000,0,3.9388549627852910719392177649,46.888746041955378566527712986,54.356950054052705574357179255,1283394000
16.22,0,0.0849352412998919654076591771,0.084935241299892,0.0840299087415627,0.084935241299892,0.0840299087415627,0,0.0000000,0.0000000,0,3.9379410088611122653897940828,46.88003139024688800172926777,54.351237121021564179965997773,1284186000
16.23,0,0.0849307565735004594076591771,0.0849307565735005,0.0840264913573288,0.0849307565735005,0.0840264913573288,0,0.0000000,0.0000000,0,3.9370283058611364862469534048,46.871331610248781928451975934,54.345535442425789648496308736,1284978000
16.24,0,0.0849262766690425264076591771,0.0849262766690425,0.0840230769064209,0.0849262766690425,0.0840230769064209,0,0.0000000,0.0000000,0,3.9361168092710030335408045323,46.862613192205654253920947053,54.339821991186270724716070097,1285770000
16.25,0,0.0849218015113930224076591771,0.084921801511393,0.084019665318169,0.084921801511393,0.084019665318169,0,0.0000000,0.0000000,0,3.9352066446823578809852947042,46.853922159271060229315340287,54.334128258549276797569591476,1286561000
16.26,0,0.0849173320987423754076591771,0.0849173320987424,0.0840162575952053,0.0849173320987424,0.0840162575952053,0,0.0000000,0.0000000,0,3.9342976982547477064664623642,46.845233971891243245572745982,54.328437534497820029718320055,1287353000
16.27,0,0.0849128676524926134076591771,0.0849128676524926,0.0840128529633608,0.0849128676524926,0.0840128529633608,0,0.0000000,0.0000000,0,3.9333900273982405921369752688,46.836556600901697598590435973,54.322755200702154688257025228,1288145000
16.28,0,0.0849084078342107224076591771,0.0849084078342107,0.0840094510886183,0.0849084078342107,0.0840094510886183,0,0.0000000,0.0000000,0,3.9324836152123968370269422215,46.827873416123042119046429907,54.31706981760533594360500001,1288937000
16.29,0,0.0849039627555260684076591771,0.0849039627555261,0.08400606208701,0.0849039627555261,0.08400606208701,0,0.0000000,0.0000000,0,3.9315782322401822261019378202,46.819208405820092378704510322,54.311398356948035770618983908,1289728000
16.30,0,0.0848995134513024354076591771,0.0848995134513024,0.0840026669977896,0.0848995134513024,0.0840026669977896,0,0.0000000,0.0000000,0,3.9306742820466556259963731494,46.810546777325929506825224232,54.305729845338929578892621746,1290520000
16.31,0,0.0848950788830968914076591771,0.0848950788830969,0.0839992847868911,0.0848950788830969,0.0839992847868911,0,0.0000000,0.0000000,0,3.9297714727874885512586136841,46.801881983916107805159006262,54.30006032020051410233532579,1291312000
16.32,0,0.0848906492347574974076591771,0.0848906492347575,0.0839959056425268,0.0848906492347575,0.0839959056425268,0,0.0000000,0.0000000,0,3.9288699788251832741488841904,46.793230664411691300019882444,54.294400915511015263926495834,1292103000
16.33,0,0.0848862241697160514076591771,0.0848862241697161,0.0839925292324798,0.0848862241697161,0.0839925292324798,0,0.0000000,0.0000000,0,3.9279696272981475796327592644,46.784596080428710294110168413,54.28875420435310503456790537,1292895000
16.34,0,0.0848818048720127964076591771,0.0848818048720128,0.0839891567451289,0.0848818048720128,0.0839891567451289,0,0.0000000,0.0000000,0,3.9270706577996179287188363094,46.775954752996282288704686661,54.283103536752935599591931969,1293687000
16.35,0,0.0848773993398778624076591771,0.0848773993398779,0.08398579618303,0.0848773993398779,0.08398579618303,0,0.0000000,0.0000000,0,3.9261726306355620796028058844,46.767322879367377905504278219,54.277460914825890027977772593,1294479000
16.36,0,0.0848729986464797734076591771,0.0848729986464798,0.083982438623665,0.0848729986464798,0.083982438623665,0,0.0000000,0.0000000,0,3.9252759554726640608975676713,46.758710562747259109617680881,54.271832515101524939393133395,1295270000
16.37,0,0.0848685935666964044076591771,0.0848685935666964,0.0839790748462121,0.0848685935666964,0.0839790748462121,0,0.0000000,0.0000000,0,3.9243804630284966307988122289,46.750096594716049983465713995,54.26620403507802353842598677,1296062000
16.38,0,0.0848642042105425444076591771,0.0848642042105426,0.0839757249649742,0.0848642042105426,0.0839757249649742,0,0.0000000,0.0000000,0,3.9234863107520861151065323998,46.741471051811388920000067079,54.260568327364856847323896177,1296854000
16.39,0,0.0848598187606221244076591771,0.0848598187606221,0.0839723771668306,0.0848598187606221,0.0839723771668306,0,0.0000000,0.0000000,0,3.9225932084218160283690936619,46.732876834739121607260370801,54.254955516924510090872113152,1297646000
16.40,0,0.0848554378462931394076591771,0.0848554378462931,0.0839690320854023,0.0848554378462931,0.0839690320854023,0,0.0000000,0.0000000,0,3.9217015866111506160768367375,46.724290226441572290949332024,54.249348422953111790518574538,1298437000
16.41,0,0.0848510616870047054076591771,0.0848510616870047,0.0839656899443888,0.0848510616870047,0.0839656899443888,0,0.0000000,0.0000000,0,3.920810715942901689965220267,46.715682638694573173550905063,54.243728733127663210863630053,1299229000
16.42,0,0.0848466913915212394076591771,0.0848466913915212,0.0839623518567925,0.0848466913915212,0.0839623518567925,0,0.0000000,0.0000000,0,3.9199214800196522786471439312,46.707107165829931801786791889,54.238131345594179318243278126,1300021000
16.43,0,0.0848423346269525184076591771,0.0848423346269525,0.0839590254939491,0.0848423346269525,0.0839590254939491,0,0.0000000,0.0000000,0,3.9190333355583031135484142487,46.698536036641178870643597491,54.232538154394043020217859045,1300813000
16.44,0,0.0848379737590187574076591771,0.0848379737590188,0.0839556932257921,0.0848379737590188,0.0839556932257921,0,0.0000000,0.0000000,0,3.9181462548468211148432103825,46.689948710344405435979969729,54.226935049631846432523382506,1301604000
16.45,0,0.0848336274555571844076591771,0.0848336274555572,0.0839523737243597,0.0848336274555572,0.0839523737243597,0,0.0000000,0.0000000,0,3.9172604641195486083315251705,46.68139284861934195041782038,54.221354443609880903714671351,1302396000
16.46,0,0.0848292858251693964076591771,0.0848292858251694,0.0839490571024426,0.0848292858251694,0.0839490571024426,0,0.0000000,0.0000000,0,3.9163757905728104606477696965,46.672837236948585618872223324,54.215775147747996135286395962,1303188000
16.47,0,0.0848249490490566064076591771,0.0848249490490566,0.0839457435454184,0.0848249490490566,0.0839457435454184,0,0.0000000,0.0000000,0,3.915492495849949618736007158,46.664277762537271544831236211,54.210193818297112393917585441,1303979000
16.48,0,0.0848206168327977434076591771,0.0848206168327978,0.0839424327630308,0.0848206168327978,0.0839424327630308,0,0.0000000,0.0000000,0,3.9146101717168463816263463564,46.655737448722900270557280192,54.204627105254777939419510499,1304771000
16.49,0,0.0848162904670336484076591771,0.0848162904670336,0.0839391260500728,0.0848162904670336,0.0839391260500728,0,0.0000000,0.0000000,0,3.9137291078195910751187801328,46.647199412511885904278886631,54.199062808645146269493301852,1305563000
16.50,0,0.0848119776214084384076591771,0.0848119776214084,0.0839358310803291,0.0848119776214084,0.0839358310803291,0,0.0000000,0.0000000,0,3.9128491302217905926176036072,46.638653518501899635313414315,54.193494273515072341633876419,1306355000
16.51,0,0.0848076596225157064076591771,0.0848076596225157,0.0839325291845214,0.0848076596225157,0.0839325291845214,0,0.0000000,0.0000000,0,3.9119706114470388542969959404,46.630136993996534719144273615,54.187946432395166941062992639,1307146000
16.52,0,0.0848033571773732414076591771,0.0848033571773732,0.083929241073784,0.0848033571773732,0.083929241073784,0,0.0000000,0.0000000,0,3.9110930906341241591870659329,46.621622159687289541391005414,54.182401093027420762082037521,1307938000
16.53,0,0.0847990585385632214076591771,0.0847990585385632,0.0839259550048034,0.0847990585385632,0.0839259550048034,0,0.0000000,0.0000000,0,3.9102167272303804006921087052,46.613115183223980450838028055,54.176862192974445497364229004,1308730000
16.54,0,0.0847947554138189364076591771,0.084794755413819,0.0839226626894054,0.084794755413819,0.0839226626894054,0,0.0000000,0.0000000,0,3.9093416471634169313820011372,46.604597939063242479936469308,54.171316991930865692773164958,1309522000
16.55,0,0.0847904671283359184076591771,0.0847904671283359,0.0839193834568661,0.0847904671283359,0.0839193834568661,0,0.0000000,0.0000000,0,3.9084677230907350770567360704,46.596100773249371450826690299,54.165786643984706264865345989,1310313000
16.56,0,0.0847861933905602984076591771,0.0847861933905603,0.0839161170197005,0.0847861933905603,0.0839161170197005,0,0.0000000,0.0000000,0,3.9075948940153492719550268646,46.587596223490664976935249108,54.160252336579652572681087871,1311105000
16.57,0,0.0847819134150257294076591771,0.0847819134150257,0.0839128425964992,0.0847819134150257,0.0839128425964992,0,0.0000000,0.0000000,0,3.9067234195183063010424481206,46.579117941594864226937874621,54.154736751561533323585248972,1311897000
16.58,0,0.0847776389841996894076591771,0.0847776389841997,0.0839095719737752,0.0847776389841997,0.0839095719737752,0,0.0000000,0.0000000,0,3.9058531253917546253275972396,46.570647184062616349609853357,54.149227304012083316878047702,1312689000
16.59,0,0.0847733793485786724076591771,0.0847733793485787,0.0839063144060584,0.0847733793485787,0.0839063144060584,0,0.0000000,0.0000000,0,3.9049837975696855706104670596,46.562157680430848061394067397,54.143706301520854123761374011,1313480000
16.60,0,0.0847691242546822144076591771,0.0847691242546822,0.0839030596438904,0.0847691242546822,0.0839030596438904,0,0.0000000,0.0000000,0,3.9041156486336064626910504241,46.553696539472264891081153381,54.138205788601623387625277186,1314272000
16.61,0,0.0847648739156610374076591771,0.084764873915661,0.0838998079044322,0.084764873915661,0.0838998079044322,0,0.000000,0.000000,0,3.9032488815740301949736424524,46.545252942570543564514272521,54.132717909659709475538920013,1315064000
16.62,0,0.0847606182590217984076591771,0.0847606182590218,0.0838965491191892,0.0847606182590218,0.0838965491191892,0,0.0000000,0.0000000,0,3.9023830202335540932582359851,46.536794792379972020686153263,54.127221467763259004247821141,1315855000
16.63,0,0.0847563770663480004076591771,0.084756377066348,0.0838933030737323,0.084756377066348,0.0838933030737323,0,0.0000000,0.0000000,0,3.9015183486804526453233124618,46.528332455119788752376384002,54.121723048966071475649751119,1316647000
16.64,0,0.0847521506963819094076591771,0.0847521506963819,0.0838900701307794,0.0847521506963819,0.0838900701307794,0,0.0000000,0.0000000,0,3.9006551267285005825946784038,46.519908141468489826726384597,54.116251225919792554033900896,1317439000
16.65,0,0.0847479188240897744076591771,0.0847479188240898,0.083886829969261,0.0847479188240898,0.083886829969261,0,0.0000000,0.0000000,0,3.8997925930770992308723266515,46.511467591794491643563575492,54.110770089384134369447982106,1318231000
16.66,0,0.0847437016975631404076591771,0.0847437016975631,0.0838836028412216,0.0847437016975631,0.0838836028412216,0,0.0000000,0.0000000,0,3.8989314376736000779347386464,46.503023847772823191381979017,54.10528727673492908437798421,1319022000
16.67,0,0.0847394792085410704076591771,0.0847394792085411,0.0838803686423418,0.0847394792085411,0.0838803686423418,0,0.000000,0.000000,0,3.8980715843746919904163254676,46.494616095880331832084894536,54.099829929068769779298453422,1319814000
16.68,0,0.0847352712494554184076591771,0.0847352712494554,0.0838771472689835,0.0847352712494554,0.0838771472689835,0,0.0000000,0.0000000,0,3.897212747172437753282661716,46.486204895594277934318397938,54.094371424546469579342899053,1320606000
16.69,0,0.0847310670307207274076591771,0.0847310670307207,0.0838739279354802,0.0847310670307207,0.0838739279354802,0,0.0000000,0.0000000,0,3.896355125950523259938042512,46.477780529609456559188975275,54.088904673389659005013474988,1321398000
16.70,0,0.0847268684079493984076591771,0.0847268684079494,0.0838707125013519,0.0847268684079494,0.0838707125013519,0,0.0000000,0.0000000,0,3.8954985647124464037867629776,46.46938972543508445792670582,54.083462167630093843586263779,1322189000
16.71,0,0.0847226753107539374076591771,0.084722675310754,0.0838675009001075,0.084722675310754,0.0838675009001075,0,0.0000000,0.0000000,0,3.8946430572548124838589319107,46.460991686290716420103247317,54.078015807405902363155558781,1322981000
16.72,0,0.0847184849485329174076591771,0.0847184849485329,0.0838642903450308,0.0847184849485329,0.0838642903450308,0,0.0000000,0.0000000,0,3.8937887368152274470986125142,46.452584707304686130705022157,54.072564152832422761137356466,1323773000
16.73,0,0.0847143101774247284076591771,0.0847143101774247,0.0838610936961342,0.0847143101774247,0.0838610936961342,0,0.0000000,0.0000000,0,3.8929356309573225925359135863,46.444213662198233076075563518,54.067138057941741320242004451,1324564000
16.74,0,0.0847101300324759244076591771,0.0847101300324759,0.0838578899923272,0.0847101300324759,0.0838578899923272,0,0.0000000,0.0000000,0,3.89208393525529224597082797,46.435844059752062388919462712,54.06171337229644315240519621,1325356000
16.75,0,0.0847059643706836044076591771,0.0847059643706836,0.083854699094459,0.0847059643706836,0.083854699094459,0,0.0000000,0.0000000,0,3.8912328503038508416420690241,46.427455199515702698580448684,54.056277397051241972853281253,1326148000
16.76,0,0.0847017934367557364076591771,0.0847017934367557,0.0838515012510783,0.0847017934367557,0.0838515012510783,0,0.0000000,0.0000000,0,3.8903833063362567856592817095,46.419098811798539490351187746,54.050863939082763981810508245,1326940000
16.77,0,0.0846976361241830624076591771,0.0846976361241831,0.0838483153595058,0.0846976361241831,0.0838483153595058,0,0.0000000,0.0000000,0,3.8895345871236863235128067469,46.410745567124208445924239167,54.045454192986420546176596581,1327731000
16.78,0,0.0846934833947164004076591771,0.0846934833947164,0.0838451323853111,0.0846934833947164,0.0838451323853111,0,0.0000000,0.0000000,0,3.8886871050594784021467073357,46.402378995108006079385899412,54.040035999293024733930766372,1328523000
16.79,0,0.0846893461060434694076591771,0.0846893461060435,0.0838419631899901,0.0846893461060435,0.0838419631899901,0,0.0000000,0.0000000,0,3.8878407577181703473609763189,46.39403730277094631181668769,54.034635871383118079751473116,1329315000
16.80,0,0.0846852035381912094076591771,0.0846852035381912,0.0838387870573668,0.0846852035381912,0.0838387870573668,0,0.0000000,0.0000000,0,3.886995721419154593394327055,46.385705362782411565200545453,54.029243036533743796205006634,1330106000
16.81,0,0.0846810645853421244076591771,0.0846810645853421,0.0838356128854101,0.0846810645853421,0.0838356128854101,0,0.0000000,0.0000000,0,3.8861513901467139252123341443,46.377358388074805197202402387,54.023841607949171277523480704,1330898000
16.82,0,0.0846769402092621904076591771,0.0846769402092622,0.0838324516396615,0.0846769402092622,0.0838324516396615,0,0.0000000,0.0000000,0,3.8853085799059662362192927089,46.36903977062657173398236975,54.01845986267235565696994862,1331690000
16.83,0,0.0846728104083767084076591771,0.0846728104083767,0.0838292833223109,0.0846728104083767,0.0838292833223109,0,0.0000000,0.0000000,0,3.884466889946471419819497868,46.360704374841447991702057051,54.013067495063422031216294654,1332482000
16.84,0,0.0846686951811147264076591771,0.0846686951811147,0.0838261279355414,0.0846686951811147,0.0838261279355414,0,0.0000000,0.0000000,0,3.8836261195175122074387561424,46.352395919294609284865971626,54.007695006713560935923532511,1333273000
16.85,0,0.0846645743861905474076591771,0.0846645743861906,0.0838229653418107,0.0846645743861906,0.0838229653418107,0,0.0000000,0.0000000,0,3.8827863223162681136254330136,46.344089294958273404689023161,54.002324992767016729795310093,1334065000
16.86,0,0.0846604773382995414076591771,0.0846604773382995,0.0838198248595468,0.0846604773382995,0.0838198248595468,0,0.0000000,0.0000000,0,3.8819477018281844106397532411,46.335773906249890117751984755,53.996949749426662322145473733,1334857000
16.87,0,0.0846563758226857644076591771,0.0846563758226858,0.0838166782777159,0.0846563758226858,0.0838166782777159,0,0.0000000,0.0000000,0,3.8811103819646640454257800255,46.327477544684145998850877673,53.991588166570953778573248377,1335649000
16.88,0,0.0846522788744487394076591771,0.0846522788744488,0.0838135346351288,0.0846522788744488,0.0838135346351288,0,0.0000000,0.0000000,0,3.8802743084348279113878084856,46.319209026342476115672223917,53.986246416027736468130121775,1336440000
16.89,0,0.0846481864920361144076591771,0.0846481864920361,0.0838103939339341,0.0846481864920361,0.0838103939339341,0,0.0000000,0.0000000,0,3.8794390506789461455774588261,46.310905732351204639794866143,53.980882218595987475367112851,1337232000
16.90,0,0.0846441076738992414076591771,0.0846441076738992,0.0838072651762737,0.0846441076738992,0.0838072651762737,0,0.0000000,0.0000000,0,3.8786050913306493977517010838,46.302638808659638782241887715,53.975543611238609065142269189,1338024000
16.91,0,0.0846400334184931294076591771,0.0846400334184931,0.0838041393642824,0.0846400334184931,0.0838041393642824,0,0.0000000,0.0000000,0,3.877771989164231264127737221,46.294370260936366917105573138,53.970205295426009757601120548,1338815000
16.92,0,0.0846359536876209164076591771,0.0846359536876209,0.0838010064634329,0.0846359536876209,0.0838010064634329,0,0.0000000,0.0000000,0,3.8769401576414898000883509585,46.286087435715309589173800279,53.96485773431524366975436861,1339607000
16.93,0,0.0846318885164004934076591771,0.0846318885164005,0.0837978865125021,0.0846318885164005,0.0837978865125021,0,0.0000000,0.0000000,0,3.8761092949124988990378374139,46.277835789057682746326559096,53.959532822017059417004499908,1340399000
16.94,0,0.0846278279032978424076591771,0.0846278279032978,0.0837947695136049,0.0846278279032978,0.0837947695136049,0,0.0000000,0.0000000,0,3.8752799144895817247977008318,46.269605809664714599163893252,53.954222984500287083637947691,1341191000
16.95,0,0.0846237718467825834076591771,0.0846237718467826,0.0837916554688491,0.0846237718467826,0.0837916554688491,0,0.0000000,0.0000000,0,3.8744510750444077651464226507,46.261335170174799529965482832,53.948887164553959782889709503,1341983000
16.96,0,0.0846197193086723914076591771,0.0846197193086724,0.0837885433436805,0.0846197193086724,0.0837885433436805,0,0.0000000,0.0000000,0,3.8736237592473659134882979896,46.253110659446701845966124718,53.94358316906941474495634807,1342774000
16.97,0,0.0846156812874441184076591771,0.0846156812874441,0.0837854441401939,0.0846156812874441,0.0837854441401939,0,0.0000000,0.0000000,0,3.8727973366770684956233196924,46.244880716872977642125484855,53.938276739428138899454357746,1343566000
16.98,0,0.0846116378182337764076591771,0.0846116378182338,0.0837823378971328,0.0846116378182338,0.0837823378971328,0,0.0000000,0.0000000,0,3.8719718527861038373514805968,46.236631375165869376018257653,53.932958163796067957836848678,1344358000
16.99,0,0.0846075998995253954076591771,0.0846075998995254,0.0837792356165787,0.0846075998995254,0.0837792356165787,0,0.0000000,0.0000000,0,3.8711475902822688320770758242,46.228410061276543961994964005,53.927659530139845418154035669,1345149000
17.00,0,0.0846035744931510424076591771,0.084603574493151,0.0837761442639508,0.084603574493151,0.0837761442639508,0,0.0000000,0.0000000,0,3.8703244352692333999742845348,46.220189530014727188502057811,53.922362299492508052582665658,1345941000
17.01,0,0.0845995545976018984076591771,0.0845995545976019,0.0837730568413176,0.0845995545976019,0.0837730568413176,0,0.0000000,0.0000000,0,3.8695023001349308400732155287,46.211982057410032413198942002,53.917075092607261506413533979,1346733000
17.02,0,0.0845955282480282754076591771,0.0845955282480283,0.0837699613873962,0.0845955282480283,0.0837699613873962,0,0.0000000,0.0000000,0,3.8686814137297314781738616498,46.203785578607217594528735672,53.911796026053067963482557889,1347525000
17.03,0,0.0845915164062729104076591771,0.0845915164062729,0.0837668788675865,0.0845915164062729,0.0837668788675865,0,0.0000000,0.0000000,0,3.8678616160764787752848202947,46.195578152461248110912013846,53.906510306561439424161831901,1348316000
17.04,0,0.0845875190708376234076591771,0.0845875190708376,0.0837638092839372,0.0845875190708376,0.0837638092839372,0,0.0000000,0.0000000,0,3.8670427228955855163716660647,46.187397588253806695544421903,53.901244326263725038611769059,1349108000
17.05,0,0.0845835162768833374076591771,0.0845835162768834,0.0837607326751462,0.0845835162768834,0.0837607326751462,0,0.0000000,0.0000000,0,3.8662247761412735680688100413,46.179209908028759497065469216,53.895974603847556517687865834,1349900000
17.06,0,0.0845795179862633694076591771,0.0845795179862634,0.0837576590065938,0.0845795179862634,0.0837576590065938,0,0.0000000,0.0000000,0,3.865408245465880877320315424,46.171024257418793009296114868,53.890706492581312838550787751,1350691000
17.07,0,0.0845755331608345474076591771,0.0845755331608346,0.083754597243654,0.0845755331608346,0.083754597243654,0,0.0000000,0.0000000,0,3.8645925301137962839907092553,46.162854024043394952219580572,53.885450402144064151065541076,1351483000
17.08,0,0.0845715428724238564076591771,0.0845715428724239,0.0837515284616609,0.0845715428724239,0.0837515284616609,0,0.0000000,0.0000000,0,3.8637780161871945730455661326,46.154699613038997907606643333,53.880205834079626635252220809,1352275000
17.09,0,0.0845675670828950924076591771,0.0845675670828951,0.0837484726259757,0.0845675670828951,0.0837484726259757,0,0.0000000,0.0000000,0,3.8629646455894376378891811793,46.146532635643792340133279604,53.874953355881033995980135852,1353067000
17.10,0,0.0845635957907711174076591771,0.0845635957907711,0.0837454197386087,0.0845635957907711,0.0837454197386087,0,0.0000000,0.0000000,0,3.8621520585172759127602677544,46.138377560355214929785963288,53.869710525560135470040311925,1353858000
17.11,0,0.0845596281300682804076591771,0.0845596281300683,0.0837423689370541,0.0845596281300683,0.0837423689370541,0,0.0000000,0.0000000,0,3.8613407590432536417899822181,46.130232444760757346786603426,53.864474991294686453711939546,1354650000
17.12,0,0.0845556658281774314076591771,0.0845556658281774,0.0837393219521706,0.0845556658281774,0.0837393219521706,0,0.0000000,0.0000000,0,3.8605305252894808268213402108,46.12208108035285957681880052,53.85923603419840253497710793,1355442000
17.13,0,0.0845517070192809014076591771,0.0845517070192809,0.083736276921599,0.0845517070192809,0.083736276921599,0,0.0000000,0.0000000,0,3.8597212186218186584457300157,46.113951360224480966495713849,53.854013126064909106510169255,1356234000
17.14,0,0.0845477517019153184076591771,0.0845477517019153,0.0837332338473242,0.0845477517019153,0.0837332338473242,0,0.0000000,0.0000000,0,3.8589131056197397596502376293,46.105814377085734821546003523,53.84878582911110920221771274,1357025000
17.15,0,0.0845438018379652104076591771,0.0845438018379652,0.08373019469467,0.0845438018379652,0.08373019469467,0,0.0000000,0.0000000,0,3.858105918164720726652065015,46.097690345333911748763383285,53.843568589048091409867671406,1357817000
17.16,0,0.0845398654626296014076591771,0.0845398654626296,0.0837271675022644,0.0845398654626296,0.0837271675022644,0,0.0000000,0.0000000,0,3.857299652315649614833995892,46.089573504364649589975627789,53.838357443212838736230003883,1358609000
17.17,0,0.0845359337089969294076591771,0.0845359337089969,0.0837241434066157,0.0845359337089969,0.0837241434066157,0,0.0000000,0.0000000,0,3.8564946563139171556218367826,46.081454548328967526477602977,53.833145281376731355070557154,1359401000
17.18,0,0.0845319963063772264076591771,0.0845319963063772,0.083721112140444,0.0845319963063772,0.083721112140444,0,0.0000000,0.0000000,0,3.8556908345226372691897668451,46.073356415715249346805786749,53.827948076652739724807249126,1360192000
17.19,0,0.0845280723513675574076591771,0.0845280723513676,0.0837180928037471,0.0845280723513676,0.0837180928037471,0,0.0000000,0.0000000,0,3.8548876057552438221721971601,46.065255192546028613000535577,53.822750533490299734293160491,1360984000
17.20,0,0.0845241528791805174076591771,0.0845241528791805,0.0837150764351285,0.0845241528791805,0.0837150764351285,0,0.0000000,0.0000000,0,3.8540857823953305995347023301,46.057147528325206248842863809,53.817548706366927484694405303,1361776000
17.21,0,0.0845202388517209614076591771,0.084520238851721,0.0837120639998749,0.084520238851721,0.0837120639998749,0,0.0000000,0.0000000,0,3.853284793053093629890182033,46.049067405166142072369065778,53.812367125984080875186984309,1362567000
17.22,0,0.0845163274379669344076591771,0.0845163274379669,0.0837090526703365,0.0845163274379669,0.0837090526703365,0,0.0000000,0.0000000,0,3.8524849666313211038300245523,46.040991039964958380449733914,53.807188756186036416413355597,1363359000
17.23,0,0.0845124213688122944076591771,0.0845124213688123,0.0837060451807699,0.0845124213688123,0.0837060451807699,0,0.0000000,0.0000000,0,3.8516862136152730499671295656,46.03290298802116485283404675,53.802003142835933225869041661,1364151000
17.24,0,0.0845085277400867004076591771,0.0845085277400867,0.0837030486303582,0.0845085277400867,0.0837030486303582,0,0.0000000,0.0000000,0,3.8508884760640982264971876349,46.024845694219078648196249516,53.796839605794135932834278123,1364943000
17.25,0,0.0845046296836562604076591771,0.0845046296836563,0.0837000461543118,0.0845046296836563,0.0837000461543118,0,0.0000000,0.0000000,0,3.8500918860185179859900756408,46.016771428002074287493208531,53.7916650266201246700051142,1365734000
17.26,0,0.0845007449680139894076591771,0.084500744968014,0.0836970555244584,0.084500744968014,0.0836970555244584,0,0.0000000,0.0000000,0,3.8492962801524117359146229033,46.008723438341499426894600286,53.786509490205140667459361942,1366526000
17.27,0,0.0844968546885322624076591771,0.0844968546885323,0.0836940578394958,0.0844968546885323,0.0836940578394958,0,0.0000000,0.0000000,0,3.8485013611647402880062880636,46.000666839149369316661587571,53.781349585819538737690220516,1367318000
17.28,0,0.0844929888437947704076591771,0.0844929888437948,0.0836910831013241,0.0844929888437948,0.0836910831013241,0,0.0000000,0.0000000,0,3.8477076838619396708779708003,45.99261018464525250829451149,53.776190073034977999832327346,1368110000
17.29,0,0.0844891076017182874076591771,0.0844891076017183,0.0836880914811671,0.0844891076017183,0.0836880914811671,0,0.0000000,0.0000000,0,3.846915164156473048351175357,45.984577654379429227385297229,53.771047752737688246156355815,1368901000
17.30,0,0.0844852396587351584076591771,0.0844852396587352,0.083685111678755,0.0844852396587352,0.083685111678755,0,0.0000000,0.0000000,0,3.8461235830541973138301968515,45.976526835481013508989932266,53.765893878889213539797934524,1369693000
17.31,0,0.0844813761462672744076591771,0.0844813761462673,0.0836821348287984,0.0844813761462673,0.0836821348287984,0,0.0000000,0.0000000,0,3.8453330281531883874892144451,45.968509873688494861056209777,53.76076414754841067583286424,1370485000
17.32,0,0.0844775261951249054076591771,0.0844775261951249,0.0836791700653873,0.0844775261951249,0.0836791700653873,0,0.0000000,0.0000000,0,3.8445434709479941627325232589,45.960494288604150984977356614,53.755636261992625618738674558,1371276000
17.33,0,0.0844736715759835854076591771,0.0844736715759836,0.0836761991624677,0.0844736715759836,0.0836761991624677,0,0.0000000,0.0000000,0,3.8437548368450229653601161334,45.952468738925820830286372304,53.750502564939300734650892954,1372068000
17.34,0,0.0844698194784099754076591771,0.08446981947841,0.0836732293128676,0.08446981947841,0.0836732293128676,0,0.0000000,0.0000000,0,3.8429675696761781211719859091,45.944465368995106056533993262,53.745384265457002450359417505,1372860000
17.35,0,0.0844659826736982514076591771,0.0844659826736983,0.0836702732911337,0.0844659826736983,0.0836702732911337,0,0.0000000,0.0000000,0,3.8421808664075380911767299855,45.936463539758551936892533534,53.740268787411544428742538454,1373652000
17.36,0,0.0844621393291741454076591771,0.0844621393291742,0.0836673092678351,0.0844621393291742,0.0836673092678351,0,0.0000000,0.0000000,0,3.8413953693566006068001548838,45.928449551153516743052442867,53.735145396102600184043615933,1374444000
17.37,0,0.0844583105015904004076591771,0.0844583105015904,0.0836643583029591,0.0844583105015904,0.0836643583029591,0,0.0000000,0.0000000,0,3.8406109529915096149863238041,45.920468708474290201972790624,53.73004550835271798122242016,1375235000
17.38,0,0.0844544849998207044076591771,0.0844544849998207,0.0836614092086047,0.0844544849998207,0.0836614092086047,0,0.0000000,0.0000000,0,3.8398273981282709823696478281,45.912470010576329256673827168,53.724934477439174713097495817,1376027000
17.39,0,0.0844506640119239094076591771,0.0844506640119239,0.0836584631760475,0.0844506640119239,0.0836584631760475,0,0.0000000,0.0000000,0,3.8390448932236350615200038345,45.904492227638033467996760245,53.719838585719407265186342856,1376819000
17.40,0,0.0844468473107314294076591771,0.0844468473107314,0.0836555199813265,0.0844468473107314,0.0836555199813265,0,0.0000000,0.0000000,0,3.8382632613705936923019188659,45.896517253164407246653632034,53.714745731210458872892885935,1377610000
17.41,0,0.0844430440261681344076591771,0.0844430440261681,0.0836525887575656,0.0844430440261681,0.0836525887575656,0,0.0000000,0.0000000,0,3.8374829187105732808250378806,45.888541667024503486579839341,53.709652707652367711066879025,1378402000
17.42,0,0.0844392352509022514076591771,0.0844392352509023,0.0836496506006229,0.0844392352509023,0.0836496506006229,0,0.0000000,0.0000000,0,3.8367034659806736401840038814,45.880584549392530739900278814,53.704573447019213135187659559,1379194000
17.43,0,0.0844354307953366464076591771,0.0844354307953366,0.0836467153240825,0.0844354307953366,0.0836467153240825,0,0.0000000,0.0000000,0,3.8359249416585511764884618274,45.872617985353168884297689643,53.699488663244268506966533504,1379986000
17.44,0,0.0844316388460353024076591771,0.0844316388460353,0.083643791117681,0.0844316388460353,0.083643791117681,0,0.0000000,0.0000000,0,3.835147492569840729602938759,45.864667154474172638878561589,53.69441537076146580357301032,1380777000
17.45,0,0.0844278421406979604076591771,0.084427842140698,0.0836408607222816,0.084427842140698,0.0836408607222816,0,0.0000000,0.0000000,0,3.8343711125385272197016138364,45.856734237529779702085481881,53.689355075294669690502644629,1381569000
17.46,0,0.0844240600119164264076591771,0.0844240600119164,0.0836379434736314,0.0844240600119164,0.0836379434736314,0,0.0000000,0.0000000,0,3.8335956770949504049801776225,45.848778611700362778781103386,53.684280083853010409397567327,1382361000
17.47,0,0.0844202811246851744076591771,0.0844202811246852,0.0836350280398712,0.0844202811246852,0.0836350280398712,0,0.0000000,0.0000000,0,3.8328208959734237196773434741,45.840847940343909355692932705,53.679223767600744059951439251,1383152000
17.48,0,0.0844165057376926034076591771,0.0844165057376926,0.0836321146828269,0.0844165057376926,0.0836321146828269,0,0.0000000,0.0000000,0,3.8320476000898955431328723156,45.832934673579590882007188388,53.674179227831035327967278263,1383944000
17.49,0,0.0844127356265035784076591771,0.0844127356265036,0.0836292051811926,0.0844127356265036,0.0836292051811926,0,0.0000000,0.0000000,0,3.8312749410211911743768729445,45.824994149671843089063251755,53.669117476883638335430399752,1384736000
17.50,0,0.0844089680492161774076591771,0.0844089680492162,0.0836262967961868,0.0844089680492162,0.0836262967961868,0,0.0000000,0.0000000,0,3.8305034524917235068136404817,45.817089942611629660206097205,53.664081140269335226319837559,1385528000
17.51,0,0.0844052047086858184076591771,0.0844052047086858,0.0836233912337768,0.0844052047086858,0.0836233912337768,0,0.0000000,0.0000000,0,3.8297327992054814338474700498,45.80915618305203312165130659,53.659025597182619161525958865,1386319000
17.52,0,0.0844014558624222904076591771,0.0844014558624223,0.0836204987545758,0.0844014558624223,0.0836204987545758,0,0.0000000,0.0000000,0,3.8289633438945473080482385264,45.801270985820185594163794736,53.654003819762079669972244585,1387111000
17.53,0,0.0843977014162462084076591771,0.0843977014162462,0.0836175992674992,0.0843977014162462,0.0836175992674992,0,0.0000000,0.0000000,0,3.8281946684377664284460547145,45.793372097926564307194961256,53.648973846262212272219032248,1387903000
17.54,0,0.0843939502032619874076591771,0.084393950203262,0.083614701608738,0.084393950203262,0.083614701608738,0,0.0000000,0.0000000,0,3.8274270389948032560495160148,45.785467899224818286841152662,53.643940888244698006997001455,1388695000
17.55,0,0.0843902134801007684076591771,0.0843902134801008,0.083611817038001,0.0843902134801008,0.083611817038001,0,0.0000000,0.0000000,0,3.8266603051410265758241970241,45.7775852521903640571297472,53.638923721021164247186733907,1389486000
17.56,0,0.0843864800244241034076591771,0.0843864800244241,0.0836089343360194,0.0843864800244241,0.0836089343360194,0,0.0000000,0.0000000,0,3.8258947894217518487786951473,45.769694208565172864336564411,53.633901081225372356479067182,1390278000
17.57,0,0.0843827500556242804076591771,0.0843827500556243,0.0836060537252466,0.0843827500556243,0.0836060537252466,0,0.0000000,0.0000000,0,3.8251301518903138063388169026,45.761830277157798889824699844,53.628898078404668374199109709,1391070000
17.58,0,0.0843790244436207694076591771,0.0843790244436208,0.0836031760786548,0.0843790244436208,0.0836031760786548,0,0.0000000,0.0000000,0,3.8243663323785279362830437311,45.753945205736382697606861092,53.623881650740807458377991985,1391862000
17.59,0,0.0843753030589228904076591771,0.0843753030589229,0.0836003012697977,0.0843753030589229,0.0836003012697977,0,0.0000000,0.0000000,0,3.8236036417691700235769502321,45.746089211803342477190849488,53.618885682952509893806339152,1392653000
17.60,0,0.0843715861567072924076591771,0.0843715861567073,0.083597429556888,0.0843715861567073,0.083597429556888,0,0.0000000,0.0000000,0,3.8228417138533414756893657276,45.738236587729272159979511127,53.613893245570497811428512478,1393445000
17.61,0,0.0843678715161176694076591771,0.0843678715161177,0.0835945587220972,0.0843678715161177,0.0835945587220972,0,0.0000000,0.0000000,0,3.8220807421528880775858648188,45.730361263317091381709731641,53.608886009397263154970549218,1394237000
17.62,0,0.0843641623184412154076591771,0.0843641623184412,0.0835916919497321,0.0843641623184412,0.0835916919497321,0,0.0000000,0.0000000,0,3.8213209315606532902750449038,45.722522246313638503397378601,53.603904117483501963421136602,1395028000
17.63,0,0.0843604664710008624076591771,0.0843604664710009,0.0835888371501267,0.0843604664710009,0.0835888371501267,0,0.0000000,0.0000000,0,3.8205620350021264663267828644,45.714694138372832044940242598,53.598930609161314209064706806,1395820000
17.64,0,0.0843567738817043344076591771,0.0843567738817043,0.0835859842341921,0.0843567738817043,0.0835859842341921,0,0.0000000,0.0000000,0,3.8198040922245659047711875023,45.706852078052273392237749678,53.59394830343709292174921318,1396612000
17.65,0,0.0843530757309749744076591771,0.084353075730975,0.0835831243853463,0.084353075730975,0.0835831243853463,0,0.0000000,0.0000000,0,3.8190469924756870666168562159,45.69902483233544427992154651,53.588977201010505253190829396,1397404000
17.66,0,0.0843493919632369204076591771,0.0843493919632369,0.0835802775510003,0.0843493919632369,0.0835802775510003,0,0.0000000,0.0000000,0,3.8182909912354251424551772869,45.69118575203715125025814256,53.58399844665091187541337258,1398195000
17.67,0,0.0843457113768738444076591771,0.0843457113768739,0.0835774325325164,0.0843457113768739,0.0835774325325164,0,0.0000000,0.0000000,0,3.8175359545046432144388184755,45.683381994847120813520650695,53.579044730773645127023522755,1398987000
17.68,0,0.0843420342614163394076591771,0.0843420342614164,0.0835745896223956,0.0843420342614164,0.0835745896223956,0,0.0000000,0.0000000,0,3.8167815741454825280581205023,45.675549651020776310852657192,53.574072748648851208590423236,1399779000
17.69,0,0.0843383614884207164076591771,0.0843383614884207,0.0835717496951568,0.0843383614884207,0.0835717496951568,0,0.0000000,0.0000000,0,3.8160283898860029218184260483,45.66774881954283313488182567,53.569122693037918355060512023,1400570000
17.70,0,0.0843346930199461014076591771,0.0843346930199461,0.0835689127158135,0.0843346930199461,0.0835689127158135,0,0.0000000,0.0000000,0,3.815276227204589803188564432,45.659953839509286189449556119,53.564177277370276630469200429,1401362000
17.71,0,0.0843310288015849924076591771,0.084331028801585,0.0835660786329045,0.084331028801585,0.0835660786329045,0,0.0000000,0.0000000,0,3.8145247838705595247384125367,45.652143704673907655174860646,53.559222681876036299860861588,1402154000
17.72,0,0.0843273670117621814076591771,0.0843273670117622,0.0835632456277931,0.0843273670117622,0.0835632456277931,0,0.0000000,0.0000000,0,3.813774322514602979872265481,45.644358283170616975185217779,53.554285761962918531512983147,1402946000
17.73,0,0.0843237195226214984076591771,0.0843237195226215,0.0835604255755534,0.0843237195226215,0.0835604255755534,0,0.0000000,0.0000000,0,3.8130250384368104943901161055,45.636569892992406830752089344,53.549347077265226415968940518,1403737000
17.74,0,0.0843200654062003404076591771,0.0843200654062004,0.0835575975511454,0.0843200654062004,0.0835575975511454,0,0.0000000,0.0000000,0,3.8122763883412209616962595322,45.628788957295612734272913081,53.544414913461611750945607813,1404529000
17.75,0,0.0843164254620515814076591771,0.0843164254620516,0.0835547823570364,0.0843164254620516,0.0835547823570364,0,0.0000000,0.0000000,0,3.8115288675279687075906886005,45.621026195722125577150488415,53.539495604135353284769412018,1405321000
17.76,0,0.0843127899407796304076591771,0.0843127899407796,0.0835519702467375,0.0843127899407796,0.0835519702467375,0,0.0000000,0.0000000,0,3.8107822967537196522475824698,45.613253288801471479194793021,53.53457004978482209356343116,1406113000
17.77,0,0.0843091467517673904076591771,0.0843091467517674,0.0835491491325304,0.0843091467517674,0.0835491491325304,0,0.0000000,0.0000000,0,3.8100366156715240679271659021,45.605493512583530672611790428,53.529654367903382975601110549,1406904000
17.78,0,0.0843055188937525824076591771,0.0843055188937526,0.0835463420160439,0.0843055188937526,0.0835463420160439,0,0.0000000,0.0000000,0,3.809291949758282901573502099,45.597728363110685179780108243,53.524735573312895317713211254,1407696000
17.79,0,0.0843018933288202334076591771,0.0843018933288202,0.0835435358622459,0.0843018933288202,0.0835435358622459,0,0.0000000,0.0000000,0,3.8085480137474580465908861781,45.589982582498129712257965218,53.519831258276289044698336469,1408488000
17.80,0,0.0842982729672125264076591771,0.0842982729672125,0.0835407335842542,0.0842982729672125,0.0835407335842542,0,0.0000000,0.0000000,0,3.807805089867314234405124663,45.582251375060316129456319307,53.514937532610432429146226251,1409279000
17.81,0,0.0842946659848190734076591771,0.0842946659848191,0.0835379433608258,0.0842946659848191,0.0835379433608258,0,0.0000000,0.0000000,0,3.8070631251890779527946989911,45.574493050452211433255896037,53.51002584848443186535424816,1410071000
17.82,0,0.0842910523650576554076591771,0.0842910523650576,0.0835351451782384,0.0842910523650576,0.0835351451782384,0,0.0000000,0.0000000,0,3.8063220593191915275596020046,45.566774399490527596569781858,53.505142226753521089639140017,1410863000
17.83,0,0.0842874429967134834076591771,0.0842874429967135,0.0835323499281294,0.0842874429967135,0.0835323499281294,0,0.0000000,0.0000000,0,3.8055818914523172577299425053,45.559029361670625436419539723,53.500241264248522774577066965,1411655000
17.84,0,0.0842838469518523524076591771,0.0842838469518524,0.0835295666854089,0.0842838469518524,0.0835295666854089,0,0.0000000,0.0000000,0,3.8048425362639486578540859708,45.551306491779456363262478989,53.495356500439303146787870609,1412446000
17.85,0,0.0842802441925762004076591771,0.0842802441925762,0.0835267754150156,0.0842802441925762,0.0835267754150156,0,0.0000000,0.0000000,0,3.8041044619749954325879548842,45.543604383335366046177315018,53.490485983819252426193051854,1413238000
17.86,0,0.0842766557543008394076591771,0.0842766557543008,0.0835239971551946,0.0842766557543008,0.0835239971551946,0,0.0000000,0.0000000,0,3.8033669832720675021057284035,45.535883662010345881086349237,53.485604082265820051569661432,1414030000
17.87,0,0.0842730704383031444076591771,0.0842730704383031,0.0835212207100442,0.0842730704383031,0.0835212207100442,0,0.0000000,0.0000000,0,3.8026303814158451922073993718,45.528181145579859119099198705,53.480735502182778323631504058,1414822000
17.88,0,0.0842694905651495204076591771,0.0842694905651495,0.0835184484029446,0.0842694905651495,0.0835184484029446,0,0.0000000,0.0000000,0,3.8018948914463899906714492269,45.520471499396948133110166542,53.475862336917820867939889571,1415613000
17.89,0,0.0842659129726384154076591771,0.0842659129726384,0.0835156770745009,0.0842659129726384,0.0835156770745009,0,0.0000000,0.0000000,0,3.8011601232091291965279867722,45.512781182472824284997362499,53.47100357679594685845666839,1416405000
17.90,0,0.0842623286595411884076591771,0.0842623286595412,0.083512897726283,0.0842623286595412,0.083512897726283,0,0.0000000,0.0000000,0,3.8004265318976025679727025674,45.505079807279367248026897479,53.466137382994049638009314766,1417197000
17.91,0,0.0842587686246319494076591771,0.084258768624632,0.0835101413598564,0.084258768624632,0.0835101413598564,0,0.0000000,0.0000000,0,3.7996935606824825660141940109,45.497403238164113720148882255,53.46128955722993810997178438,1417989000
17.92,0,0.0842552028666875694076591771,0.0842552028666876,0.0835073779767819,0.0842552028666876,0.0835073779767819,0,0.0000000,0.0000000,0,3.7989616670520361375965243049,45.489735045742901195378905928,53.456447845832949679619534759,1418780000
17.93,0,0.0842516404211431914076591771,0.0842516404211432,0.0835046166152708,0.0842516404211432,0.0835046166152708,0,0.0000000,0.0000000,0,3.7982305764802655282100341706,45.482055184082327644978805487,53.451599045357480122294148202,1419572000
17.94,0,0.0842480912134700484076591771,0.0842480912134701,0.0835018672035633,0.0842480912134701,0.0835018672035633,0,0.0000000,0.0000000,0,3.7975006881601111439643685678,45.474398937054244331503895591,53.446766553067888560356732101,1420364000
17.95,0,0.0842445352791087334076591771,0.0842445352791087,0.0834991097798614,0.0842445352791087,0.0834991097798614,0,0.0000000,0.0000000,0,3.7967711750035082571197522553,45.466717253910918295127997964,53.441918399959207578170941648,1421156000
17.96,0,0.0842409946168470164076591771,0.084240994616847,0.083496366345707,0.084240994616847,0.083496366345707,0,0.0000000,0.0000000,0,3.796042990969161355454666676,45.459074735618126068784245446,53.437096957747197095538193118,1421947000
17.97,0,0.0842374562254753584076591771,0.0842374562254754,0.0834936239026373,0.0842374562254754,0.0834936239026373,0,0.0000000,0.0000000,0,3.7953154519869887379992206311,45.451404210159943072116076882,53.432257510286064379016323643,1422739000
17.98,0,0.0842339120671313964076591771,0.0842339120671314,0.0834908744155292,0.0842339120671314,0.0834908744155292,0,0.0000000,0.0000000,0,3.7945890536296593516974773178,45.443775502984259069744249261,53.427446977479965250942586259,1423531000
17.99,0,0.0842303812139220944076591771,0.0842303812139221,0.0834881369592217,0.0842303812139221,0.0834881369592217,0,0.0000000,0.0000000,0,3.7938633271830499279752432584,45.436142233739471498520279762,53.422634476624384333533395782,1424322000
18.00,0,0.0842268545913348794076591771,0.0842268545913349,0.083485402461927,0.0842268545913349,0.083485402461927,0,0.0000000,0.0000000,0,3.7931385981198499278411158541,45.428503857446525372787053472,53.417818942553305083719651197,1425114000
18.01,0,0.0842233312348265314076591771,0.0842233312348266,0.0834826699618193,0.0842233312348266,0.0834826699618193,0,0.0000000,0.0000000,0,3.7924146524916227038649719834,45.420875692163069108572752958,53.413011341706602475968466573,1425906000
18.02,0,0.0842198211432009524076591771,0.084219821143201,0.0834799494604126,0.084219821143201,0.0834799494604126,0,0.0000000,0.0000000,0,3.7916917179078330959113386896,45.413245625955966039153634468,53.408202868250161463693600261,1426698000
18.03,0,0.0842162953152646914076591771,0.0842162953152647,0.0834772119592164,0.0842162953152647,0.0834772119592164,0,0.0000000,0.0000000,0,3.7909694782601499157156746116,45.405631652113275474949632428,53.403406541404695355769467766,1427489000
18.04,0,0.0842127917131714064076591771,0.0842127917131714,0.0834744954230803,0.0842127917131714,0.0834744954230803,0,0.0000000,0.0000000,0,3.7902483195997021918908794293,45.398035262440853407919446464,53.398622564454009522192195141,1428281000
18.05,0,0.0842092833723884994076591771,0.0842092833723885,0.08347177289016,0.0842092833723885,0.08347177289016,0,0.0000000,0.0000000,0,3.7895278411177770614885733447,45.390406204437439097768029531,53.393817261050791011397660676,1429073000
18.06,0,0.0842057882550749174076591771,0.0842057882550749,0.083469062325296,0.0842057882550749,0.083469062325296,0,0.0000000,0.0000000,0,3.7888085551457010658270058772,45.382818212581983478787185852,53.389040186464952084937914421,1429864000
18.07,0,0.0842022963967033344076591771,0.0842022963967034,0.0834663537666351,0.0842022963967034,0.0834663537666351,0,0.0000000,0.0000000,0,3.7880899760960604771664017883,45.375218627459636248446157936,53.384256191551471318120355991,1430656000
18.08,0,0.0841987987594379554076591771,0.084198798759438,0.0834636381790088,0.084198798759438,0.0834636381790088,0,0.0000000,0.0000000,0,3.7873721747755178100551265557,45.367629223255620539603514035,53.379480075437093555480187832,1431448000
18.09,0,0.0841953133787567064076591771,0.0841953133787567,0.0834609336005548,0.0841953133787567,0.0834609336005548,0,0.0000000,0.0000000,0,3.7866551918544732015448003836,45.360031909136484898018942808,53.374699321408754053231465558,1432240000
18.10,0,0.0841918322534845744076591771,0.0841918322534846,0.0834582320327513,0.0841918322534846,0.0834582320327513,0,0.0000000,0.0000000,0,3.7859392698330591126440206715,45.352460075521719075949295504,53.369936340891122856926716267,1433031000
18.11,0,0.0841883453457935684076591771,0.0841883453457936,0.0834555234404161,0.0841883453457936,0.0834555234404161,0,0.0000000,0.0000000,0,3.7852241382894754902968506195,45.344879530114898905878988684,53.365168217736235903346981755,1433823000
18.12,0,0.0841848817752757474076591771,0.0841848817752758,0.0834528369457802,0.0841848817752758,0.0834528369457802,0,0.0000000,0.0000000,0,3.7845101542403880659290967476,45.337327351105260350945734953,53.360419651442006257162921208,1434615000
18.13,0,0.0841814113357621154076591771,0.0841814113357621,0.0834501423453064,0.0841814113357621,0.0834501423453064,0,0.0000000,0.0000000,0,3.783796525408299327319240495,45.3297660036599972666639667,53.355666538794161544032120283,1435407000
18.14,0,0.0841779441103281474076591771,0.0841779441103282,0.0834474497246951,0.0841779441103282,0.0834474497246951,0,0.0000000,0.0000000,0,3.7830839694025445467275066257,45.322193828938620581587976877,53.350906213591862260596815686,1436198000
18.15,0,0.0841744810978117654076591771,0.0841744810978118,0.0834447600854022,0.0841744810978118,0.0834447600854022,0,0.0000000,0.0000000,0,3.7823721985529591034936560578,45.314640948977973549888552219,53.346159963727160476793766921,1436990000
18.16,0,0.0841710313337090114076591771,0.084171031333709,0.0834420824655346,0.084171031333709,0.0834420824655346,0,0.0000000,0.0000000,0,3.7816614989090678642520998732,45.307094733627122078859589823,53.341418501952949623640332565,1437782000
18.17,0,0.0841675747802073934076591771,0.0841675747802074,0.0834393968298841,0.0841675747802074,0.0834393968298841,0,0.0000000,0.0000000,0,3.7809517110513467491770172313,45.299565949051349997610941612,53.336689552005158539087487943,1438574000
18.18,0,0.0841641324361525094076591771,0.0841641324361525,0.0834367241798934,0.0841641324361525,0.0834367241798934,0,0.0000000,0.0000000,0,3.780242392755976489694214652,45.292006804423189154240994886,53.331941233354787931000806429,1439365000
18.19,0,0.0841606834202239114076591771,0.0841606834202239,0.0834340436368322,0.0841606834202239,0.0834340436368322,0,0.0000000,0.0000000,0,3.7795344445289291411864758584,45.284494892031854575034549944,53.327224900399651910276292655,1440157000
18.20,0,0.0841572475281330024076591771,0.084157247528133,0.0834313749989956,0.084157247528133,0.0834313749989956,0,0.0000000,0.0000000,0,3.7788271042813758942451891275,45.276979586490969187528707639,53.322507407023664394735037647,1440949000
18.21,0,0.0841538158420411274076591771,0.0841538158420411,0.0834287093511214,0.0841538158420411,0.0834287093511214,0,0.0000000,0.0000000,0,3.778120544281086183109067824,45.269444155340000137163210815,53.317776893057435878215332901,1441740000
18.22,0,0.0841503873241484644076591771,0.0841503873241485,0.0834260456579796,0.0841503873241485,0.0834260456579796,0,0.0000000,0.0000000,0,3.777414691912774360347988825,45.261937074324823078243580163,53.313066788623571524641349324,1442532000
18.23,0,0.0841469620466244004076591771,0.0841469620466244,0.0834233839943028,0.0841469620466244,0.0834233839943028,0,0.0000000,0.0000000,0,3.7767100050070863461361312904,45.254413811459037990616805855,53.308345537771214159891288713,1443324000
18.24,0,0.0841435410908474914076591771,0.0841435410908475,0.0834207254440257,0.0841435410908475,0.0834207254440257,0,0.0000000,0.0000000,0,3.776006084058374412733719984,45.246926912308834355182377026,53.303650058989972538228958256,1444116000
18.25,0,0.0841401222172033784076591771,0.0841401222172034,0.0834180677700835,0.0841401222172034,0.0834180677700835,0,0.0000000,0.0000000,0,3.7753028669438945070848181044,45.239411493588680128001361149,53.298935935270331665290916012,1444907000
18.26,0,0.0841367075438623694076591771,0.0841367075438624,0.0834154130931892,0.0841367075438624,0.0834154130931892,0,0.0000000,0.0000000,0,3.7746006391145749014496504126,45.231931025558014040466652403,53.294246122831263127187146876,1445699000
18.27,0,0.0841332970696927364076591771,0.0841332970696928,0.0834127614147474,0.0841332970696928,0.0834127614147474,0,0.0000000,0.0000000,0,3.7738991884801525427722801095,45.224433278602239018094130396,53.289545212973209820287643822,1446491000
18.28,0,0.0841298988938882514076591771,0.0841298988938882,0.0834101208364811,0.0841298988938882,0.0834101208364811,0,0.0000000,0.0000000,0,3.773198613642352324457002315,45.216958094967620316319245083,53.284860338623637669871846591,1447283000
18.29,0,0.0841264948145459984076591771,0.084126494814546,0.0834074731590102,0.084126494814546,0.0834074731590102,0,0.0000000,0.0000000,0,3.7724986393114159779296235479,45.20948826968246033389213307,53.280180271130616148487064226,1448074000
18.30,0,0.0841231039126672444076591771,0.0841231039126672,0.0834048374658522,0.0841231039126672,0.0834048374658522,0,0.0000000,0.0000000,0,3.7717998378329853965944389314,45.202002766752768033818942239,53.275489340307376140085101059,1448866000
18.31,0,0.0841197172054579354076591771,0.0841197172054579,0.0834022047767224,0.0841197172054579,0.0834022047767224,0,0.0000000,0.0000000,0,3.7711016364922390682299299062,45.19455105011725362278530715,53.270822717070241701754316642,1449658000
18.32,0,0.0841163227916026044076591771,0.0841163227916026,0.0833995631928084,0.0841163227916026,0.0833995631928084,0,0.0000000,0.0000000,0,3.7704044532791407510317870306,45.187075989698430709235104744,53.266140286157090868181200868,1450450000
18.33,0,0.0841129424519194594076591771,0.0841129424519194,0.0833969344974247,0.0841129424519194,0.0833969344974247,0,0.0000000,0.0000000,0,3.7697080084811607440301191055,45.179633246180864675000351107,53.261480843924556495877866987,1451241000
18.34,0,0.0841095653035551884076591771,0.0841095653035552,0.0833943078102077,0.0841095653035552,0.0833943078102077,0,0.0000000,0.0000000,0,3.7690125332406971026077098536,45.172177060066577626229299773,53.25681248050211020003663342,1452033000
18.35,0,0.0841061914448145674076591771,0.0841061914448146,0.0833916832319456,0.0841061914448146,0.0833916832319456,0,0.0000000,0.0000000,0,3.7683178017476406117301338731,45.164739306647171321593165867,53.252157550643149253859499326,1452825000
18.36,0,0.0841028216389701444076591771,0.0841028216389702,0.0833890615283875,0.0841028216389702,0.0833890615283875,0,0.0000000,0.0000000,0,3.7676237912238715436576159244,45.157291447435622021578664721,53.247496510182301794430057484,1453617000
18.37,0,0.0840994550211159564076591771,0.084099455021116,0.0833864418370978,0.084099455021116,0.0833864418370978,0,0.0000000,0.0000000,0,3.7669306626889792509600328905,45.149860556668913758307648636,53.242847587979440412261165773,1454408000
18.38,0,0.0840961016891788274076591771,0.0840961016891788,0.0833838342584671,0.0840961016891788,0.0833838342584671,0,0.0000000,0.0000000,0,3.7662383885510777890201684892,45.142421349917547275610640318,53.238193483977139724420543169,1455200000
18.39,0,0.0840927414072096064076591771,0.0840927414072096,0.0833812185590036,0.0840927414072096,0.0833812185590036,0,0.0000000,0.0000000,0,3.765546719732305862493945203,45.135007530954028608928627887,53.233557856619696385119640888,1455992000
18.40,0,0.0840893853099237104076591771,0.0840893853099237,0.0833786058758736,0.0840893853099237,0.0833786058758736,0,0.0000000,0.0000000,0,3.7648561023848664183254262313,45.127594029311813859620460868,53.2289225346776762134000826,1456783000
18.41,0,0.0840860414765441174076591771,0.0840860414765441,0.0833760042907445,0.0840860414765441,0.0833760042907445,0,0.0000000,0.0000000,0,3.7641664501042367823146044137,45.120175947691480467543249219,53.224284336215733964135511166,1457575000
18.42,0,0.0840826917085516494076591771,0.0840826917085516,0.0833733956075352,0.0840826917085516,0.0833733956075352,0,0.0000000,0.0000000,0,3.763477115492288821095890833,45.112767852730269384037425431,53.219654644430515826085419334,1458367000
18.43,0,0.0840793551036293994076591771,0.0840793551036294,0.0833707989263607,0.0840793551036294,0.0833707989263607,0,0.0000000,0.0000000,0,3.7627889561449552928649760481,45.105362151415796076674034481,53.215026395449601850414412867,1459159000
18.44,0,0.0840760227589538414076591771,0.0840760227589538,0.0833682053468226,0.0840760227589538,0.0833682053468226,0,0.0000000,0.0000000,0,3.7621016330927812530046437813,45.097978136774827673870984915,53.210413550272917706058164467,1459950000
18.45,0,0.0840726924767764194076591771,0.0840726924767764,0.0833656126735916,0.0840726924767764,0.0833656126735916,0,0.0000000,0.0000000,0,3.7614148383040650273148868705,45.090563254377030967249908946,53.205780706029727954942745115,1460742000
18.46,0,0.0840693564524189284076591771,0.0840693564524189,0.0833630131044021,0.0840693564524189,0.0833630131044021,0,0.0000000,0.0000000,0,3.7607291633372008063870935974,45.083185449075783013626370201,53.201173200097810849595140285,1461534000
18.47,0,0.0840660434703166664076591771,0.0840660434703167,0.0833604354260959,0.0840660434703167,0.0833604354260959,0,0.0000000,0.0000000,0,3.7600440149437931596685818822,45.075794285448290557824066882,53.196557700205158427569930535,1462325000
18.48,0,0.0840627236458566134076591771,0.0840627236458566,0.0833578497564601,0.0840627236458566,0.0833578497564601,0,0.0000000,0.0000000,0,3.759359824536844331290508087,45.068428882603932812732364491,53.191960108186775856299342868,1463117000
18.49,0,0.0840594070755954514076591771,0.0840594070755955,0.0833552661944454,0.0840594070755955,0.0833552661944454,0,0.0000000,0.0000000,0,3.7586764794151047287217015308,45.061066043252456200020643932,53.187364744263558674343835526,1463909000
18.50,0,0.0840560945630605654076591771,0.0840560945630606,0.0833526855459667,0.0840560945630606,0.0833526855459667,0,0.0000000,0.0000000,0,3.7579939583203187313019231332,45.053699759506110045313480051,53.182767525775722724727138173,1464701000
18.51,0,0.0840527852839955744076591771,0.0840527852839956,0.0833501069891492,0.0840527852839956,0.0833501069891492,0,0.0000000,0.0000000,0,3.7573121398104500436870953774,45.046339452992578674995578686,53.178175172543730987877125678,1465492000
18.52,0,0.0840494890424353124076591771,0.0840494890424353,0.083347540330403,0.0840494890424353,0.083347540330403,0,0.0000000,0.0000000,0,3.7566310567758513156341883014,45.038972843374394285322158781,53.173579182196929921177149322,1466284000
18.53,0,0.0840461860686093984076591771,0.0840461860686094,0.0833449658023268,0.0840461860686094,0.0833449658023268,0,0.0000000,0.0000000,0,3.7559507156917887377345901873,45.03162500985171797093599369,53.168996738836316376405621602,1467076000
18.54,0,0.0840428961120751164076591771,0.0840428961120751,0.0833424031568408,0.0840428961120751,0.0833424031568408,0,0.0000000,0.0000000,0,3.7552712952306771766227121144,45.024277075918613839727305741,53.164414498769922648724993647,1467868000
18.55,0,0.0840396004025663764076591771,0.0840396004025664,0.0833398336260358,0.0840396004025664,0.0833398336260358,0,0.0000000,0.0000000,0,3.7545927872007605257028492048,45.016950867364599830616175991,53.159847444308365724204279937,1468659000
18.56,0,0.0840363167268001554076591771,0.0840363167268002,0.0833372749989795,0.0840363167268002,0.0833372749989795,0,0.0000000,0.0000000,0,3.7539148981017331375448783378,45.009605931859701463963718518,53.155268456027842325687129602,1469451000
18.57,0,0.0840330372773606594076591771,0.0840330372773607,0.0833347194706005,0.0840330372773607,0.0833347194706005,0,0.0000000,0.0000000,0,3.7532380197970623379487923545,45.002286016993175926544146234,53.150706685673042282349514591,1470243000
18.58,0,0.0840297608597951624076591771,0.0840297608597952,0.0833321658487848,0.0840297608597952,0.0833321658487848,0,0.0000000,0.0000000,0,3.7525616587307435611533046135,44.994952841483292520499403804,53.146136939074255956373306529,1471034000
18.59,0,0.0840264776845231064076591771,0.0840264776845231,0.0833296043462842,0.0840264776845231,0.0833296043462842,0,0.0000000,0.0000000,0,3.7518862346198235921239897184,44.987636276693714434359706753,53.14157878745833228246929905,1471826000
18.60,0,0.0840232175392648404076591771,0.0840232175392648,0.0833270647531455,0.0840232175392648,0.0833270647531455,0,0.0000000,0.0000000,0,3.7512115391724949186393291075,44.980313497799860941330116587,53.137017020680693662652481147,1472618000
18.61,0,0.0840199406156210784076591771,0.0840199406156211,0.0833245072632898,0.0840199406156211,0.0833245072632898,0,0.0000000,0.0000000,0,3.7505374658611778129595475427,44.973014493214640588162914101,53.132472431993241727203773286,1473410000
18.62,0,0.0840166877018114094076591771,0.0840166877018114,0.083321972667251,0.0840166877018114,0.083321972667251,0,0.0000000,0.0000000,0,3.7498641917319846276545219026,44.96571086891408653071821309,53.127925154865517711749981227,1474201000
18.63,0,0.0840134280256027214076591771,0.0840134280256027,0.0833194301951045,0.0840134280256027,0.0833194301951045,0,0.0000000,0.0000000,0,3.7491919380793012561285473097,44.958405384542008166135539094,53.123376593414480682768133483,1474993000
18.64,0,0.0840101703573844164076591771,0.0840101703573844,0.0833168886195421,0.0840101703573844,0.0833168886195421,0,0.0000000,0.0000000,0,3.7485203819357860509515006445,44.951120164288785009481300423,53.118842616700051963379601353,1475785000
18.65,0,0.0840069269061078264076591771,0.0840069269061078,0.0833143601518116,0.0840069269061078,0.0833143601518116,0,0.0000000,0.0000000,0,3.7478494854835034463620952649,44.943823945767705839767750261,53.114301860335610359920284545,1476577000
18.66,0,0.0840036774793138944076591771,0.0840036774793139,0.0833118246017445,0.0840036774793139,0.0833118246017445,0,0.0000000,0.0000000,0,3.7471794848459326329517194546,44.936554605376903986844197334,53.109779777862654110676938327,1477368000
18.67,0,0.0840004402671399084076591771,0.0840004402671399,0.0833093001617628,0.0840004402671399,0.0833093001617628,0,0.0000000,0.0000000,0,3.7465102290579526661031569331,44.929268423828317321846937985,53.105246709660725617806747345,1478160000
18.68,0,0.0839971961545750274076591771,0.083997196154575,0.0833067677191343,0.083997196154575,0.0833067677191343,0,0.0000000,0.0000000,0,3.7458416869187472772422142197,44.92199768351319143614651612,53.100724855086856784153593495,1478952000
18.69,0,0.0839939650637548854076591771,0.0839939650637549,0.0833042471982676,0.0839939650637549,0.0833042471982676,0,0.0000000,0.0000000,0,3.7451738934810703865430704753,44.9147244854216061414354242,53.09620185655295586406687581,1479744000
18.70,0,0.0839907381840903484076591771,0.0839907381840904,0.0833017297908406,0.0839907381840904,0.0833017297908406,0,0.0000000,0.0000000,0,3.7445069277944468606401367821,44.907464558802735748574706969,53.091688320147384034238302484,1480535000
18.71,0,0.0839875142876997664076591771,0.0839875142876998,0.0832992142712329,0.0839875142876998,0.0832992142712329,0,0.0000000,0.0000000,0,3.7438406537054200788731740586,44.900194873135357928797502932,53.087168744377442119089403877,1481327000
18.72,0,0.0839842936001671804076591771,0.0839842936001672,0.0832967008672837,0.0839842936001672,0.0832967008672837,0,0.0000000,0.0000000,0,3.7431753925664413135024070661,44.892962180306098845755464049,53.082674475975432385686041703,1482119000
18.73,0,0.0839810760437587734076591771,0.0839810760437588,0.0832941895035089,0.0839810760437588,0.0832941895035089,0,0.0000000,0.0000000,0,3.7425107370687780523063172454,44.885710958768506588997780568,53.078168329026094680605843443,1482910000
18.74,0,0.0839778614495888244076591771,0.0839778614495888,0.0832916800132664,0.0839778614495888,0.0832916800132664,0,0.0000000,0.0000000,0,3.7418465574854536210848974366,44.8784641504472813040208707,53.073666311861734627062985325,1483702000
18.75,0,0.0839746500791762974076591771,0.0839746500791763,0.0832891726603134,0.0839746500791763,0.0832891726603134,0,0.0000000,0.0000000,0,3.7411834869740468048037222402,44.871224878778729077880937223,53.069169172387048551747656876,1484494000
18.76,0,0.0839714417818466994076591771,0.0839714417818467,0.0832866672962076,0.0839714417818467,0.0832866672962076,0,0.0000000,0.0000000,0,3.7405212932648265785359232573,44.864006157852746487289446315,53.064686333697363571298750452,1485286000
18.77,0,0.0839682364990490894076591771,0.0839682364990491,0.0832841638646245,0.0839682364990491,0.0832841638646245,0,0.0000000,0.0000000,0,3.7398594136953337540169591271,44.856768121427226670674770469,53.060191690538433213034242164,1486077000
18.78,0,0.0839650443999463484076591771,0.0839650443999464,0.0832816725369478,0.0839650443999464,0.0832816725369478,0,0.0000000,0.0000000,0,3.7391983407028126302769386506,44.849548838793633079356835077,53.055710256327876222364306819,1486869000
18.79,0,0.0839618463892159834076591771,0.083961846389216,0.0832791742200702,0.083961846389216,0.0832791742200702,0,0.0000000,0.0000000,0,3.7385383419299306683244592297,44.842346173514401485484919786,53.051239970729916411298192711,1487661000
18.80,0,0.0839586613536900334076591771,0.08395866135369,0.0832766878030332,0.08395866135369,0.0832766878030332,0,0.0000000,0.0000000,0,3.7378787402787672207293977439,44.835115526227629814504730104,53.046751738802023139930200432,1488452000
18.81,0,0.0839554685168009284076591771,0.0839554685168009,0.0832741925114729,0.0839554685168009,0.0832741925114729,0,0.0000000,0.0000000,0,3.7372201440206766132917470338,44.827921864089010737913076341,53.042288754243667889706930988,1489244000
18.82,0,0.0839522897652652584076591771,0.0839522897652653,0.0832717102343042,0.0839522897652653,0.0832717102343042,0,0.0000000,0.0000000,0,3.7365621181174877126459181788,44.820706079058432264603189563,53.037811446608655573639439939,1490036000
18.83,0,0.0839491139862796144076591771,0.0839491139862796,0.083269229860916,0.0839491139862796,0.083269229860916,0,0.0000000,0.0000000,0,3.7359050880804204389660903403,44.813523728509023176772368422,53.033356957042820565247741197,1490828000
18.84,0,0.0839459314025660564076591771,0.0839459314025661,0.0832667416162174,0.0839459314025661,0.0832667416162174,0,0.0000000,0.0000000,0,3.73524858718630811805225636,44.806323976706115803789484102,53.028891458346367611927907907,1491619000
18.85,0,0.0839427719012062424076591771,0.0839427719012062,0.0832642753894713,0.0839427719012062,0.0832642753894713,0,0.0000000,0.0000000,0,3.7345928409545750757044090773,44.79914694059706509649118952,53.024441945775125888820852234,1492411000
18.86,0,0.0839396054628768284076591771,0.0839396054628768,0.0832618011635301,0.0839396054628768,0.0832618011635301,0,0.0000000,0.0000000,0,3.7339379485338281785569595712,44.791957382405701680637385977,53.019984040387566209254966544,1493203000
18.87,0,0.0839364419935855084076591771,0.0839364419935855,0.0832593288465717,0.0839364419935855,0.0832593288465717,0,0.0000000,0.0000000,0,3.7332835616792843735539710448,44.784785027591172863180008858,53.015538876865149266989524119,1493995000
18.88,0,0.0839332816967846184076591771,0.0839332816967846,0.0832568586442131,0.0839332816967846,0.0832568586442131,0,0.0000000,0.0000000,0,3.7326301005953319597255522976,44.777608626399981685798060563,53.011090957233817910457146834,1494786000
18.89,0,0.0839301254783676534076591771,0.0839301254783676,0.0832543914645068,0.0839301254783676,0.0832543914645068,0,0.0000000,0.0000000,0,3.7319773776286728304759984506,44.770454509760307164018543959,53.006658734287942838626993758,1495578000
18.90,0,0.0839269713190196864076591771,0.0839269713190197,0.0832519252902916,0.0839269713190197,0.0832519252902916,0,0.0000000,0.0000000,0,3.7313253038665937440010000622,44.763278410546362587268242567,53.002212058310081533489908509,1496370000
18.91,0,0.0839238301252286254076591771,0.0839238301252286,0.0832494710302036,0.0839238301252286,0.0832494710302036,0,0.000000,0.000000,0,3.7306739465789777556833408554,44.75612942556338047848668381,52.997784422142798435209421193,1497162000
18.92,0,0.0839206821178386194076591771,0.0839206821178386,0.0832470089072293,0.0839206821178386,0.0832470089072293,0,0.0000000,0.0000000,0,3.7300231985489535969488273498,44.748966008416741157347083513,52.993347582621977154187780654,1497953000
18.93,0,0.0839175471482407464076591771,0.0839175471482408,0.0832445587748972,0.0839175471482408,0.0832445587748972,0,0.0000000,0.0000000,0,3.7293736115059596203673364252,44.741839057228486055046418262,52.988935193451656522432880561,1498745000
18.94,0,0.0839144062704395444076591771,0.0839144062704396,0.0832421016893435,0.0839144062704396,0.0832421016893435,0,0.0000000,0.0000000,0,3.7287243714589062601775814436,44.734682984454736957925223693,52.98450410038469343751516835,1499537000
18.95,0,0.0839112774284749344076591771,0.0839112774284749,0.0832396555967345,0.0839112774284749,0.0832396555967345,0,0.0000000,0.0000000,0,3.7280759632675623013451370041,44.727558443364981843952881812,52.98009478840869724385414458,1500329000
18.96,0,0.0839081425294307444076591771,0.0839081425294308,0.0832372024062749,0.0839081425294308,0.0832372024062749,0,0.0000000,0.0000000,0,3.7274282671970012048786005071,44.720413801368717682282414069,52.975672133533291409415571252,1501120000
18.97,0,0.0839050208113172684076591771,0.0839050208113173,0.0832347613580906,0.0839050208113173,0.0832347613580906,0,0.0000000,0.0000000,0,3.7267811893025332698080807558,44.713293621057280527198077171,52.97126687278775686261795359,1501912000
18.98,0,0.0839019011444501624076591771,0.0839019011444502,0.0832323213246073,0.0839019011444502,0.0832323213246073,0,0.0000000,0.0000000,0,3.7261349681326404430776409472,44.706170239529018100165253181,52.966859514925264743466785435,1502704000
18.99,0,0.0838987855095331474076591771,0.0838987855095332,0.0832298842886336,0.0838987855095332,0.0832298842886336,0,0.0000000,0.0000000,0,3.7254893896957464293432035641,44.699057426925396747707831033,52.962459962235136968284204846,1503495000
19.00,0,0.0838956719422553284076591771,0.0838956719422553,0.083227448287958,0.0838956719422553,0.083227448287958,0,0.0000000,0.0000000,0,3.724844666277682175548831805,44.69194143640528778092161591,52.958058317537360811735782025,1504287000
19.01,0,0.0838925623136361074076591771,0.0838925623136361,0.083225015195694,0.0838925623136361,0.083225015195694,0,0.0000000,0.0000000,0,3.7242003506043001159332390328,44.684842514227968348577358869,52.953669438069242299790125277,1505079000
19.02,0,0.0838894558422055164076591771,0.0838894558422055,0.0832225842324606,0.0838894558422055,0.0832225842324606,0,0.0000000,0.0000000,0,3.7235568215076770086921158064,44.677723892377323372144916261,52.949267284849320424757870369,1505871000
19.03,0,0.0838863513988712164076591771,0.0838863513988712,0.083220154271249,0.0838863513988712,0.083220154271249,0,0.0000000,0.0000000,0,3.7229144448704367472297572462,44.670650519995086337625551465,52.944895535243368650692518956,1506662000
19.04,0,0.0838832610010026754076591771,0.0838832610010027,0.0832177373315067,0.0838832610010027,0.0832177373315067,0,0.0000000,0.0000000,0,3.7222722340365188193246447936,44.66356425117750849668904873,52.940516537418034213685205122,1507454000
19.05,0,0.0838801636659713304076591771,0.0838801636659713,0.0832153124326783,0.0838801636659713,0.0832153124326783,0,0.0000000,0.0000000,0,3.7216309466092478211939804088,44.656465739691615927488415765,52.936129049224944324169799615,1508246000
19.06,0,0.0838770683378395704076591771,0.0838770683378396,0.083212888520894,0.0838770683378396,0.083212888520894,0,0.0000000,0.0000000,0,3.7209904232582133758248500927,44.649374433867571295220497514,52.931746741216253047551527659,1509037000
19.07,0,0.0838739870706384254076591771,0.0838739870706384,0.0832104776522471,0.0838739870706384,0.0832104776522471,0,0.0000000,0.0000000,0,3.7203505620710512146430603656,44.642312059785484545085719201,52.927384715689753374187330203,1509829000
19.08,0,0.0838708988267620424076591771,0.083870898826762,0.0832080587911894,0.083870898826762,0.0832080587911894,0,0.0000000,0.0000000,0,3.7197113359168116902184881076,44.635241066203323790594664571,52.923017301554983846269148092,1510621000
19.09,0,0.0838678226235899194076591771,0.0838678226235899,0.0832056509571522,0.0838678226235899,0.0832056509571522,0,0.0000000,0.0000000,0,3.7190727439416532635597307183,44.628159865440050610034108853,52.918643406766738614845106506,1511413000
19.10,0,0.0838647503331936874076591771,0.0838647503331937,0.0832032460242542,0.0838647503331937,0.0832032460242542,0,0.0000000,0.0000000,0,3.71843485084614426046678104,44.621111673807211239848270494,52.914292482799108385683749856,1512204000
19.11,0,0.0838616801720515784076591771,0.0838616801720516,0.0832008422110154,0.0838616801720516,0.0832008422110154,0,0.0000000,0.0000000,0,3.7177979509359620067396319135,44.614053847913757208842645692,52.909934655153622988839484645,1512996000
19.12,0,0.0838586040671083634076591771,0.0838586040671084,0.0831984314464172,0.0838586040671084,0.0831984314464172,0,0.0000000,0.0000000,0,3.7171616230370553957825784574,44.606988199136610423148467744,52.905572097213602736584380016,1513788000
19.13,0,0.0838555409624403554076591771,0.0838555409624404,0.0831960326765674,0.0838555409624404,0.0831960326765674,0,0.0000000,0.0000000,0,3.7165256986347557533956135132,44.599948971842181276011575386,52.901228633769623760397124693,1514580000
19.14,0,0.0838524808937647054076591771,0.0838524808937647,0.0831936359392095,0.0838524808937647,0.0831936359392095,0,0.0000000,0.0000000,0,3.7158907576535669729830322016,44.592915761334597831386061026,52.896888986025373344056217739,1515371000
19.15,0,0.0838494228418172174076591771,0.0838494228418172,0.0831912402171005,0.0838494228418172,0.0831912402171005,0,0.0000000,0.0000000,0,3.7152563457060844071147114019,44.585860267509644846254611141,52.892534779183165185967264919,1516163000
19.16,0,0.0838463688056634314076591771,0.0838463688056634,0.0831888475113222,0.0838463688056634,0.0831888475113222,0,0.0000000,0.0000000,0,3.7146226891539128956551781564,44.578839890354881566506964271,52.888204812813712771990593141,1516955000
19.17,0,0.0838433268026986144076591771,0.0838433268026986,0.0831864658412809,0.0838433268026986,0.0831864658412809,0,0.0000000,0.0000000,0,3.7139896589768503855484956648,44.571806526123994128290105549,52.883866422626992025044612759,1517747000
19.18,0,0.0838402778136644304076591771,0.0838402778136644,0.0831840761897244,0.0838402778136644,0.0831840761897244,0,0.0000000,0.0000000,0,3.7133573956041702025946567673,44.564791149167058645619670056,52.879540500100529925136201795,1518538000
19.19,0,0.0838372328376322674076591771,0.0838372328376323,0.083181689557725,0.0838372328376323,0.083181689557725,0,0.0000000,0.0000000,0,3.7127258578263092401979565841,44.557769020675656295592419416,52.875210187713152801345006266,1519330000
19.20,0,0.0838341898553476604076591771,0.0838341898553476,0.0831793039280243,0.0838341898553476,0.0831793039280243,0,0.0000000,0.0000000,0,3.7120948579266042030143175977,44.550763219628753865972247772,52.870891703605371394947873383,1520122000
19.21,0,0.0838311609025414414076591771,0.0838311609025414,0.083176931338344,0.0838311609025414,0.083176931338344,0,0.0000000,0.0000000,0,3.7114647950499346323619893256,44.543749061267625807485879584,52.866567241602788676586861736,1520913000
19.22,0,0.0838281339599630254076591771,0.083828133959963,0.0831745597714196,0.083828133959963,0.0831745597714196,0,0.0000000,0.0000000,0,3.7108350683410008272710805708,44.536744493120870454491036555,52.862250431889575109499565729,1521705000
19.23,0,0.0838251000266915114076591771,0.0838251000266915,0.083172180228311,0.0838251000266915,0.083172180228311,0,0.0000000,0.0000000,0,3.710206190953189654376002413,44.529740288362617883354041022,52.857933798057478365099720327,1522497000
19.24,0,0.0838220791018079494076591771,0.083822079101808,0.0831698127100755,0.083822079101808,0.0831698127100755,0,0.0000000,0.0000000,0,3.7095779611409264930165157723,44.522756186499061050068558703,52.853631301451118956295733494,1523289000
19.25,0,0.0838190511660675024076591771,0.0838190511660675,0.0831674371994391,0.0838190511660675,0.0831674371994391,0,0.0000000,0.0000000,0,3.7089504788994236154528454092,44.515760328199092131145892175,52.849320895006743996373288396,1524080000
19.26,0,0.0838160362368828184076591771,0.0838160362368828,0.0831650737157808,0.0838160362368828,0.0831650737157808,0,0.0000000,0.0000000,0,3.7083235153848955362333568043,44.508786262858506551636437942,52.845026057107469878570534906,1524872000
19.27,0,0.0838130243133406454076591771,0.0838130243133406,0.0831627122601484,0.0838130243133406,0.0831627122601484,0,0.0000000,0.0000000,0,3.7076971977100505543881587593,44.501797090943059283970177192,52.840721230086417517831539575,1525664000
19.28,0,0.0838100153945296654076591771,0.0838100153945297,0.083160352833587,0.0838100153945297,0.083160352833587,0,0.0000000,0.0000000,0,3.7070717110298409957172441139,44.494825538916904224441175997,52.836428397112953307134215765,1526456000
19.29,0,0.0838070094612126414076591771,0.0838070094612126,0.0831579954188108,0.0838070094612126,0.0831579954188108,0,0.0000000,0.0000000,0,3.7064470544882807803947920281,44.48785991581786616619357609,52.832139547397279437121061017,1527247000
19.30,0,0.0838040065308098184076591771,0.0838040065308098,0.0831556400351864,0.0838040065308098,0.0831556400351864,0,0.0000000,0.0000000,0,3.7058226543077422074509113025,44.480895400600523066106556769,52.827852664661595588632813702,1528039000
19.31,0,0.0838010066024155184076591771,0.0838010066024155,0.0831532866837499,0.0838010066024155,0.0831532866837499,0,0.0000000,0.0000000,0,3.7051991825339761702898970574,44.47393142459475473245770602,52.823565839192578012850549769,1528831000
19.32,0,0.0837980086567981834076591771,0.0837980086567982,0.0831509343472066,0.0837980086567982,0.0831509343472066,0,0.0000000,0.0000000,0,3.7045761383106996158558124951,44.466980350053258515929061689,52.819288654958099215341325351,1529623000
19.33,0,0.0837950147991329834076591771,0.083795014799133,0.0831485851326636,0.083795014799133,0.0831485851326636,0,0.0000000,0.0000000,0,3.7039540087399798164088823734,44.46002066344638774306547432,52.815005278763767291539628263,1530414000
19.34,0,0.0837920328345835264076591771,0.0837920328345835,0.0831462468472117,0.0837920328345835,0.0831462468472117,0,0.0000000,0.0000000,0,3.7033324440860625301447972546,44.453090142814740585433203581,52.810742352812471721163472184,1531206000
19.35,0,0.0837890438501110744076591771,0.0837890438501111,0.0831439005797345,0.0837890438501111,0.0831439005797345,0,0.0000000,0.0000000,0,3.7027116912553858392162248991,44.446138840180160678333618417,52.806465120604848129704474704,1531998000
19.36,0,0.0837860688631470954076591771,0.0837860688631471,0.0831415673495812,0.0837860688631471,0.0831415673495812,0,0.0000000,0.0000000,0,3.7020911026876640426532741076,44.439203223182151204112010289,52.802200000527942402288898616,1532790000
19.37,0,0.0837830858544693514076591771,0.0837830858544694,0.0831392251394421,0.0837830858544694,0.0831392251394421,0,0.0000000,0.0000000,0,3.7014714373483648718817513989,44.432268215137791510809848236,52.797934950962301252707106429,1533581000
19.38,0,0.0837801158231852324076591771,0.0837801158231852,0.0831368949503328,0.0837801158231852,0.0831368949503328,0,0.0000000,0.0000000,0,3.7008524943805694090543245356,44.425347429320416822422702025,52.793679735698250336027288377,1534373000
19.39,0,0.0837771387684039894076591771,0.083777138768404,0.0831345567832659,0.083777138768404,0.0831345567832659,0,0.0000000,0.0000000,0,3.7002342999182438179924977575,44.41842424842837935213846716,52.789422913613457901661084666,1535165000
19.40,0,0.0837741746892366814076591771,0.0837741746892367,0.0831322306392508,0.0837741746892367,0.0831322306392508,0,0.0000000,0.0000000,0,3.6996166260938615597048684645,44.411517310027618698706171995,52.785177749074000521368238466,1535956000
19.41,0,0.0837712137083261864076591771,0.0837712137083262,0.0831299066428244,0.0837712137083262,0.0831299066428244,0,0.0000000,0.0000000,0,3.6989995330235899599914294981,44.404587975348572168288765237,52.780917653318920255760266914,1536748000
19.42,0,0.0837682545959465464076591771,0.0837682545959466,0.0831275835661498,0.0837682545959466,0.0831275835661498,0,0.0000000,0.0000000,0,3.6983831248732619390263600181,44.397675961995167827311241055,52.776669566959504128278829934,1537540000
19.43,0,0.0837652894381974754076591771,0.0837652894381975,0.0831252534972112,0.0837652894381975,0.0831252534972112,0,0.0000000,0.0000000,0,3.6977674347695148226096528644,44.3907781570959876410587446,52.772431276127522352520231765,1538332000
19.44,0,0.0837623362708529464076591771,0.0837623362708529,0.0831229344736622,0.0837623362708529,0.0831229344736622,0,0.0000000,0.0000000,0,3.6971522019355894506058350787,44.383887206506556716634993178,52.768198330982407133612956278,1539123000
19.45,0,0.0837593870563776264076591771,0.0837593870563776,0.0831206184598428,0.0837593870563776,0.0831206184598428,0,0.0000000,0.0000000,0,3.6965378722757147967288539018,44.376996534182050523558488337,52.76396521246549895509758775,1539915000
19.46,0,0.0837564398305490784076591771,0.0837564398305491,0.0831183034934008,0.0837564398305491,0.0831183034934008,0,0.0000000,0.0000000,0,3.6959238712082029980303295317,44.370088036367083697545933557,52.759720827839768364498537492,1540707000
19.47,0,0.0837535056603886594076591771,0.0837535056603886,0.0831160006432235,0.0837535056603886,0.0831160006432235,0,0.0000000,0.0000000,0,3.6953107595342997042672320122,44.363217261256673911616918232,52.755501909928990592013041038,1541498000
19.48,0,0.0837505643541360664076591771,0.0837505643541361,0.0831136897194117,0.0837505643541361,0.0831136897194117,0,0.0000000,0.0000000,0,3.6946983137043906200954838221,44.356332836453029697817431309,52.751273803058276075128710448,1542290000
19.49,0,0.0837476260155795784076591771,0.0837476260155796,0.0831113808276104,0.0837476260155796,0.0831113808276104,0,0.0000000,0.0000000,0,3.6940864076304160980849618417,44.349468352238033005499278277,52.747059771844919703624363927,1543082000
19.50,0,0.0837447006438484154076591771,0.0837447006438484,0.0831090839688006,0.0837447006438484,0.0831090839688006,0,0.0000000,0.0000000,0,3.6934748135403004640356589124,44.342575501626724125180110495,52.742827272171682121061875133,1543874000
19.51,0,0.0837417672197458424076591771,0.0837417672197459,0.0831067781256331,0.0837417672197459,0.0831067781256331,0,0.0000000,0.0000000,0,3.6928641574513811789561724342,44.335724935027812430125601317,52.738623215947054553822949818,1544665000
19.52,0,0.0837388368647491544076591771,0.0837388368647492,0.083104474421428,0.0837388368647492,0.083104474421428,0,0.0000000,0.0000000,0,3.6922541858094255686464952479,44.328855879395054083892162557,52.73440658801915495947841848,1545457000
19.53,0,0.0837359203515249544076591771,0.083735920351525,0.0831021836306903,0.083735920351525,0.0831021836306903,0,0.0000000,0.0000000,0,3.6916447493660945532808065133,44.322006714185141942190447557,52.730203980744620965087823983,1546249000
19.54,0,0.0837329958016610614076591771,0.0837329958016611,0.0830998838768414,0.0837329958016611,0.0830998838768414,0,0.0000000,0.0000000,0,3.6910360614386874318892150314,44.315155747352835502582908232,52.726000058664440522442988793,1547041000
19.55,0,0.0837300842142956134076591771,0.0837300842142956,0.0830975961608489,0.0837300842142956,0.0830975961608489,0,0.0000000,0.0000000,0,3.6904277811645081246458999616,44.308317562672187723154474013,52.72180556876525380824242983,1547832000
19.56,0,0.0837271756738313334076591771,0.0837271756738314,0.0830953105689399,0.0837271756738314,0.0830953105689399,0,0.0000000,0.0000000,0,3.6898202956052543629766678275,44.301467629981561550822277851,52.717602838727625904954680938,1548624000
19.57,0,0.0837242699721225634076591771,0.0837242699721226,0.0830930268947892,0.0837242699721226,0.0830930268947892,0,0.0000000,0.0000000,0,3.6892131948341886078901160266,44.294635386746686395827208071,52.71341293545323524903091086,1549416000
19.58,0,0.0837213562303373984076591771,0.0837213562303374,0.0830907342613806,0.0837213562303374,0.0830907342613806,0,0.0000000,0.0000000,0,3.6886069859637598063303077596,44.287794779639528213858605859,52.709216870361187589792522654,1550207000
19.59,0,0.0837184554292932524076591771,0.0837184554292932,0.0830884536513426,0.0837184554292932,0.0830884536513426,0,0.0000000,0.0000000,0,3.688001294410582662953165509,44.280979557259398864745329307,52.705038578104131836001964386,1550999000
19.60,0,0.0837155586713041654076591771,0.0837155586713042,0.0830861761687961,0.0837155586713042,0.0830861761687961,0,0.0000000,0.0000000,0,3.6873961940917196655371707138,44.27414582982710845224038068,52.700847857702866684294798951,1551791000
19.61,0,0.0837126637674068944076591771,0.0837126637674069,0.0830838996265803,0.0837126637674069,0.0830838996265803,0,0.0000000,0.0000000,0,3.6867918482364045722780139354,44.267339629716603902163360897,52.69667581798278658875254685,1552583000
19.62,0,0.0837097808016968114076591771,0.0837097808016968,0.0830816341105884,0.0837097808016968,0.0830816341105884,0,0.0000000,0.0000000,0,3.6861879307346928441842925725,44.260521081060119718728390332,52.692495919160789724382413921,1553374000
19.63,0,0.0837068927733260784076591771,0.0837068927733261,0.083079362621766,0.0837068927733261,0.083079362621766,0,0.0000000,0.0000000,0,3.6855846139370952394516971868,44.253722075979020074755147604,52.68832957522277790275405455,1554166000
19.64,0,0.0837040057841947934076591771,0.0837040057841948,0.0830770912638024,0.0837040057841948,0.0830770912638024,0,0.0000000,0.0000000,0,3.6849819116439072190888251805,44.246899554049408170938836294,52.684147292968459549224477803,1554958000
19.65,0,0.0837011216278613074076591771,0.0837011216278613,0.0830748218320405,0.0837011216278613,0.0830748218320405,0,0.0000000,0.0000000,0,3.6843799335451005680612511505,44.240118393897217568922870311,52.679993190353034576214371047,1555750000
19.66,0,0.0836982414063341604076591771,0.0836982414063342,0.0830725554302692,0.0836982414063342,0.0830725554302692,0,0.0000000,0.0000000,0,3.6837785802857516938378044214,44.233314134860676709374964175,52.675823396554245227329661005,1556541000
19.67,0,0.0836953732395323984076591771,0.0836953732395324,0.0830703001801835,0.0836953732395324,0.0830703001801835,0,0.0000000,0.0000000,0,3.6831776121566799757582459095,44.226530993712199500824859325,52.671668696520059755469683909,1557333000
19.68,0,0.0836924968849924394076591771,0.0836924968849924,0.0830680358410913,0.0836924968849924,0.0830680358410913,0,0.0000000,0.0000000,0,3.682577479204971307226870739,44.219740777806580963014834933,52.667508768340795763730811963,1558125000
19.69,0,0.0836896344627412494076591771,0.0836896344627412,0.083065784534787,0.0836896344627412,0.083065784534787,0,0.0000000,0.0000000,0,3.6819776947222629872737877072,44.212964483159782808696938367,52.663359080415482076610105897,1558917000
19.70,0,0.0836867650740627174076591771,0.0836867650740627,0.0830635253643172,0.0836867650740627,0.0830635253643172,0,0.0000000,0.0000000,0,3.6813788529136483684688736972,44.206179212331049859395418446,52.659202601669550780646323629,1559708000
19.71,0,0.0836839075137794554076591771,0.0836839075137794,0.0830612771262631,0.0836839075137794,0.0830612771262631,0,0.0000000,0.0000000,0,3.680780283483624344216423828,44.199416965223740763418841434,52.655062747474949462417586003,1560500000
19.72,0,0.0836810529668671144076591771,0.0836810529668671,0.0830590310073547,0.0836810529668671,0.0830590310073547,0,0.0000000,0.0000000,0,3.680182481680945781150849181,44.192642701342730605408376902,52.650914409436193353951654573,1561292000
19.73,0,0.0836781912652227104076591771,0.0836781912652227,0.083056776841239,0.0836781912652227,0.083056776841239,0,0.0000000,0.0000000,0,3.6795852369340340318420266357,44.185889560336453271870837356,52.646780726231321228995633699,1562083000
19.74,0,0.0836753424733774874076591771,0.0836753424733775,0.083054534694193,0.0836753424733775,0.083054534694193,0,0.0000000,0.0000000,0,3.6789884833171700164641353539,44.179115017144535807194653442,52.642632761746547973075567908,1562875000
19.75,0,0.0836724957104338044076591771,0.0836724957104338,0.0830522936870604,0.0836724957104338,0.0830522936870604,0,0.0000000,0.0000000,0,3.6783924345091294396730978156,44.172356815698495176217083852,52.638495827240937668836940043,1563667000
19.76,0,0.0836696517539312124076591771,0.0836696517539312,0.083050054599118,0.0836696517539312,0.083050054599118,0,0.0000000,0.0000000,0,3.6777970269762783568516977415,44.165622710248490368705989458,52.634375362372437556794239389,1564459000
19.77,0,0.0836668107230786704076591771,0.0836668107230787,0.0830478175513076,0.0836668107230787,0.0830478175513076,0,0.0000000,0.0000000,0,3.6772020079536895529655097309,44.158863811223600453668676551,52.630238511718661845598260503,1565250000
19.78,0,0.0836639727183470564076591771,0.0836639727183471,0.0830455826458289,0.0836639727183471,0.0830455826458289,0,0.000000,0.000000,0,3.676607777603702327044642584,44.152140071657762196448970201,52.626125339734743512703310332,1566042000
19.79,0,0.0836611375178988954076591771,0.0836611375178989,0.0830433496625689,0.0836611375178989,0.0830433496625689,0,0.0000000,0.0000000,0,3.6760140993781421400976937048,44.145394097183636888650384434,52.621997139892193869690676706,1566834000
19.80,0,0.0836583053233993064076591771,0.0836583053233993,0.083041118804913,0.0836583053233993,0.083041118804913,0,0.0000000,0.0000000,0,3.6754209949249573446945399694,44.138676013265854641531446118,52.617888126994750655557473253,1567625000
19.81,0,0.0836554749500800964076591771,0.0836554749500801,0.083038888889809,0.0836554749500801,0.083038888889809,0,0.0000000,0.0000000,0,3.674828227346714239865290182,44.131934342490811358433230432,52.613763644318325656378077831,1568417000
19.82,0,0.0836526575991999254076591771,0.0836526575991999,0.0830366711202277,0.0836526575991999,0.0830366711202277,0,0.0000000,0.0000000,0,3.6742363449340107190142394614,44.125231246106518972402928588,52.609664917937151705172397709,1569209000
19.83,0,0.0836498330497475164076591771,0.0836498330497475,0.0830344452768654,0.0836498330497475,0.0830344452768654,0,0.0000000,0.0000000,0,3.6736449845017177290854510069,44.118502182948414494557426323,52.605548652600613817211161263,1570001000
19.84,0,0.0836470104018963304076591771,0.0836470104018963,0.0830322204615992,0.0836470104018963,0.0830322204615992,0,0.0000000,0.0000000,0,3.6730542330416309747348473011,44.111805167935417956686448795,52.601454302105247692453714477,1570792000
19.85,0,0.0836442007554138554076591771,0.0836442007554139,0.083030007775896,0.0836442007554139,0.083030007775896,0,0.0000000,0.0000000,0,3.6724637641205809437409097842,44.105080022592728597794272629,52.597341472954074707215635627,1571584000
19.86,0,0.0836413849082329634076591771,0.083641384908233,0.083027788019384,0.083641384908233,0.083027788019384,0,0.0000000,0.0000000,0,3.6718740542191759619036312961,44.098386142879692693535596478,52.593249660525028592546676857,1572376000
19.87,0,0.0836385800789292004076591771,0.0836385800789292,0.08302557841233,0.0836385800789292,0.08302557841233,0,0.0000000,0.0000000,0,3.671285085417719355023004677,44.091685864540875769786525926,52.589153149888766845425251018,1573168000
19.88,0,0.0836357790475170194076591771,0.083635779047517,0.0830233717364355,0.083635779047517,0.0830233717364355,0,0.0000000,0.0000000,0,3.6706962607221925841076273276,44.084987063452689024614672024,52.585058699269857537878042001,1573959000
19.89,0,0.0836329710138419814076591771,0.083632971013842,0.0830211571932291,0.083632971013842,0.0830211571932291,0,0.0000000,0.0000000,0,3.6701083885369054073531898098,44.078289165076734445817052749,52.580964036737626773705187987,1574751000
19.90,0,0.0836301747766543954076591771,0.0836301747766544,0.0830189535831399,0.0836301747766544,0.0830189535831399,0,0.0000000,0.0000000,0,3.669520998328689718163987241,44.071597380412996158047875365,52.576873805797321546257253998,1575543000
19.91,0,0.0836273815353988314076591771,0.0836273815353988,0.0830167521072874,0.0836273815353988,0.0830167521072874,0,0.0000000,0.0000000,0,3.6689343457472970043185010653,44.064936533454721926754244416,52.572804373265171466444379046,1576335000
19.92,0,0.0836245901075602164076591771,0.0836245901075602,0.0830145515848273,0.0836245901075602,0.0830145515848273,0,0.0000000,0.0000000,0,3.6683478203455574296382355211,44.058263955631699224924127512,52.568727981986941414898611095,1577126000
19.93,0,0.0836218026555277864076591771,0.0836218026555278,0.0830123541798155,0.0836218026555278,0.0830123541798155,0,0.0000000,0.0000000,0,3.6677621969639324551317880102,44.051587645916213845658153926,52.56464829494838665199259655,1577918000
19.94,0,0.0836190169971920894076591771,0.0836190169971921,0.0830101577118053,0.0836190169971921,0.0830101577118053,0,0.0000000,0.0000000,0,3.6671770858474024601389194504,44.044912903605386603912899326,52.560569830446115031613578694,1578710000
19.95,0,0.0836162343311993044076591771,0.0836162343311993,0.0830079633811015,0.0836162343311993,0.0830079633811015,0,0.0000000,0.0000000,0,3.6665924353658462577542728453,44.038253765661174366552005221,52.556502294152248743046133629,1579502000
19.96,0,0.0836134544391888254076591771,0.0836134544391888,0.0830057709709982,0.0836134544391888,0.0830057709709982,0,0.0000000,0.0000000,0,3.6660083481203128216917954342,44.031591031924429006220001049,52.55243231766428600155209049,1580293000
19.97,0,0.0836106765560649754076591771,0.083610676556065,0.0830035797180503,0.083610676556065,0.0830035797180503,0,0.0000000,0.0000000,0,3.6654250932982778566074096977,44.024953846785118970857323692,52.548379184730485257440868988,1581085000
19.98,0,0.0836079014455425404076591771,0.0836079014455426,0.0830013903876193,0.0836079014455426,0.0830013903876193,0,0.0000000,0.0000000,0,3.6648419736598022826752947951,44.018289671179820121144831916,52.544308603272038624976390522,1581877000
19.99,0,0.0836051293238018684076591771,0.0836051293238019,0.0829992031975282,0.0836051293238019,0.0829992031975282,0,0.0000000,0.0000000,0,3.6642596242810425609040481295,44.01165182116312429365751315,52.54025552443479305611114063,1582668000
20.00,0,0.0836023689916152284076591771,0.0836023689916152,0.082997026950188,0.0836023689916152,0.082997026950188,0,0.0000000,0.0000000,0,3.663677821426890449489360259,44.005009981148887793814079024,52.536199743361947539284545425,1583460000
20.01,0,0.0835996026464401704076591771,0.0835996026464402,0.082994843844691,0.0835996026464402,0.082994843844691,0,0.0000000,0.0000000,0,3.6630964606567388418355263064,43.998380370364541337004231797,52.532152578895747379053321262,1584252000
20.02,0,0.0835968481699950384076591771,0.083596848169995,0.0829926717643864,0.083596848169995,0.0829926717643864,0,0.0000000,0.0000000,0,3.6625158193451970637425391089,43.991744013685180389894964097,52.528100410625565620374425684,1585044000
20.03,0,0.0835940864627241824076591771,0.0835940864627242,0.0829904916113454,0.0835940864627242,0.0829904916113454,0,0.0000000,0.0000000,0,3.6619354954717570353845778305,43.985121379199222235682964338,52.524058153712235616517252998,1585835000
20.04,0,0.0835913367398226074076591771,0.0835913367398226,0.082988322602386,0.0835913367398226,0.082988322602386,0,0.0000000,0.0000000,0,3.6613560243235716233960535492,43.978499733098271860880808786,52.520015850970769125500466662,1586627000
20.05,0,0.0835885808030621564076591771,0.0835885808030622,0.082986146540899,0.0835885808030622,0.082986146540899,0,0.0000000,0.0000000,0,3.660776845176825153576959107,43.971865037518864773003038961,52.51596521085694476640294186,1587419000
20.06,0,0.0835858358305901794076591771,0.0835858358305902,0.0829839806066469,0.0835858358305902,0.0829839806066469,0,0.0000000,0.0000000,0,3.6601984169977395461014736633,43.965265034383229979400796957,52.511937774480514237665136894,1588210000
20.07,0,0.0835830946429040054076591771,0.083583094642904,0.0829818176217384,0.083583094642904,0.0829818176217384,0,0.0000000,0.0000000,0,3.6596202159442621267695900603,43.958650346986951858170284725,52.507901020152867964601471702,1589002000
20.08,0,0.0835803454177600774076591771,0.0835803454177601,0.0829796457655373,0.0835803454177601,0.0829796457655373,0,0.0000000,0.0000000,0,3.6590426271926937622157193756,43.952046534619591621553031688,52.503871503812718369207766965,1589794000
20.09,0,0.0835776090559080654076591771,0.0835776090559081,0.0829774859403968,0.0835776090559081,0.0829774859403968,0,0.0000000,0.0000000,0,3.6584659252803572106355521735,43.94544796285226088207089061,52.499844725565620394644442641,1590586000
20.10,0,0.0835748754768194244076591771,0.0835748754768194,0.082975328067388,0.0835748754768194,0.082975328067388,0,0.0000000,0.0000000,0,3.6578893609436455541817562114,43.938859984452394916795389441,52.495826085807113006388841926,1591378000
20.11,0,0.0835721448393386934076591771,0.0835721448393387,0.0829731723069512,0.0835721448393387,0.0829731723069512,0,0.0000000,0.0000000,0,3.6573133931430879299059516917,43.932254182173372797983233418,52.491795090111485806637355857,1592169000
20.12,0,0.0835694160994980614076591771,0.0835694160994981,0.0829710176167108,0.0835694160994981,0.0829710176167108,0,0.0000000,0.0000000,0,3.6567380095168454199608063729,43.925680369482739713192444175,52.487785789458257211710006861,1592961000
20.13,0,0.0835666901037553684076591771,0.0835666901037554,0.0829688648447125,0.0835666901037554,0.0829688648447125,0,0.0000000,0.0000000,0,3.6561632607783817557721267771,43.919088512099763595958099719,52.48376387631414375296144301,1593753000
20.14,0,0.0835639670653568904076591771,0.0835639670653569,0.0829667142057872,0.0835639670653569,0.0829667142057872,0,0.0000000,0.0000000,0,3.6555889690930622363700217062,43.912521430264182887522908939,52.479759010540434284263038191,1594544000
20.15,0,0.0835612458063788254076591771,0.0835612458063788,0.0829645645235916,0.0835612458063788,0.0829645645235916,0,0.0000000,0.0000000,0,3.6550152473555543763028566373,43.90594151587727835450153069,52.47574522929177506128541063,1595336000
20.16,0,0.0835585375030256254076591771,0.0835585375030256,0.0829624269759068,0.0835585375030256,0.0829624269759068,0,0.0000000,0.0000000,0,3.6544419809119344746007403724,43.899377552685099746594284754,52.471742455231473008548064935,1596128000
20.17,0,0.0835558210568418714076591771,0.0835558210568419,0.0829602804658506,0.0835558210568419,0.0829602804658506,0,0.0000000,0.0000000,0,3.6538692941936154514378520721,43.892808573833324940664112601,52.467736066647743101207241624,1596920000
20.18,0,0.0835531083514337264076591771,0.0835531083514337,0.0829581368785982,0.0835531083514337,0.0829581368785982,0,0.0000000,0.0000000,0,3.6532970878848030382399982582,43.886242274496656228613960993,52.463731544949242881986991236,1597711000
20.19,0,0.0835503976174117034076591771,0.0835503976174117,0.0829559944463258,0.0835503976174117,0.0829559944463258,0,0.0000000,0.0000000,0,3.6527255210888316960157763295,43.879698382225314177227755591,52.45974198258215155045279447,1598503000
20.20,0,0.0835476987382882364076591771,0.0835476987382882,0.0829538630541074,0.0835476987382882,0.0829538630541074,0,0.0000000,0.0000000,0,3.652154244488524804104947206,43.873130761609483400866744968,52.455736681073487914149383118,1599295000
20.21,0,0.0835449936162911654076591771,0.0835449936162912,0.0829517246057289,0.0835449936162912,0.0829517246057289,0,0.0000000,0.0000000,0,3.6515834955995332023720379299,43.866596304954849238217103208,52.451753931896418582990866548,1600086000
20.22,0,0.0835423004264729734076591771,0.083542300426473,0.082949597277797,0.083542300426473,0.082949597277797,0,0.0000000,0.0000000,0,3.6510134835698736490127390613,43.860041944999941615478530383,52.447756991004215151315704479,1600878000
20.23,0,0.0835396001076237234076591771,0.0835396001076237,0.0829474620106525,0.0835396001076237,0.0829474620106525,0,0.0000000,0.0000000,0,3.6504438721966212261797183609,43.853513518771461972414069132,52.44377794573454291500639846,1601670000
20.24,0,0.0835369116223384224076591771,0.0835369116223384,0.0829453377684371,0.0835369116223384,0.0829453377684371,0,0.0000000,0.0000000,0,3.6498746712118470709245960278,43.846973053671874605188099336,52.439790832129992259123853234,1602462000
20.25,0,0.0835342258915624874076591771,0.0835342258915625,0.0829432154736395,0.0835342258915625,0.0829432154736395,0,0.0000000,0.0000000,0,3.6493062074855686977957375437,43.840455463701797241901912275,52.435818716131187843082944258,1603253000
20.26,0,0.0835315330895860914076591771,0.0835315330895861,0.0829410853020893,0.0835315330895861,0.0829410853020893,0,0.0000000,0.0000000,0,3.6487380770883733790533676696,43.833921811930540856913135366,52.431835950395889167382784092,1604045000
20.27,0,0.0835288521555896374076591771,0.0835288521555896,0.0829389661945028,0.0835288521555896,0.0829389661945028,0,0.0000000,0.0000000,0,3.6481705937384230616415496031,43.827415374527089184930908867,52.427871340602290770775321108,1604837000
20.28,0,0.0835261739558260324076591771,0.083526173955826,0.082936849018665,0.083526173955826,0.082936849018665,0,0.0000000,0.0000000,0,3.6476034056335716121946944284,43.820885668465241755754182047,52.423891234521860551851473869,1605629000
20.29,0,0.0835234987006722134076591771,0.0835234987006722,0.0829347339864814,0.0835234987006722,0.0829347339864814,0,0.0000000,0.0000000,0,3.6470368244279667889084927045,43.814360530909744525712175295,52.419913898785935636344133633,1606420000
20.30,0,0.0835208262746164824076591771,0.0835208262746165,0.0829326209839652,0.0835208262746165,0.0829326209839652,0,0.0000000,0.0000000,0,3.6464710245035045119571235928,43.807865893225426477481101558,52.415956619475583403092736139,1607212000
20.31,0,0.0835181456952474884076591771,0.0835181456952475,0.0829304990302262,0.0835181456952475,0.0829304990302262,0,0.0000000,0.0000000,0,3.6459053049674502155793004519,43.801349494376833159391063153,52.411985357962393643005214618,1608004000
20.32,0,0.0835154868475316334076591771,0.0835154868475316,0.0829283980117485,0.0835154868475316,0.0829283980117485,0,0.0000000,0.0000000,0,3.6453403401864130903664115624,43.794864174463326516939746478,52.408034593377868923667165207,1608796000
20.33,0,0.0835128209410914034076591771,0.0835128209410914,0.0829262891396686,0.0835128209410914,0.0829262891396686,0,0.0000000,0.0000000,0,3.6447756787457132184711246862,43.788363451904197282112464686,52.404073646698000128214741875,1609587000
20.34,0,0.0835101578608013524076591771,0.0835101578608014,0.0829241823003716,0.0835101578608014,0.0829241823003716,0,0.0000000,0.0000000,0,3.6442116950148273045493623036,43.781880936563390371860213555,52.400124572888109564509140583,1610379000
20.35,0,0.0835075076242559474076591771,0.083507507624256,0.0829220875129586,0.083507507624256,0.0829220875129586,0,0.0000000,0.0000000,0,3.6436481119108332687753035757,43.775386467075720443582496666,52.396167426149269293141393352,1611171000
20.36,0,0.0835048492123955414076591771,0.0835048492123956,0.0829199837598733,0.0835048492123956,0.0829199837598733,0,0.0000000,0.0000000,0,3.6430851809249440045532436209,43.768919639992119510968719944,52.392228636961643454425369421,1611962000
20.37,0,0.0835021935289932444076591771,0.0835021935289932,0.0829178819463886,0.0835021935289932,0.0829178819463886,0,0.0000000,0.0000000,0,3.6425224002140172433089889616,43.762426308555170766861466622,52.388272418436908810318922052,1612754000
20.38,0,0.0834995407827346934076591771,0.0834995407827347,0.0829157822826861,0.0834995407827347,0.0829157822826861,0,0.0000000,0.0000000,0,3.6419603183931684995909050769,43.755949869318226832235739425,52.384327090890001355262761413,1613546000
20.39,0,0.0834968998589740214076591771,0.083496899858974,0.0829136936556127,0.083496899858974,0.0829136936556127,0,0.0000000,0.0000000,0,3.6413988336440930724291007691,43.749487544663423576000443969,52.380390989965048127530748408,1614338000
20.40,0,0.0834942517569851084076591771,0.0834942517569851,0.0829115970659313,0.0834942517569851,0.0829115970659313,0,0.0000000,0.0000000,0,3.6408375974225828552278711575,43.743011060212822201575641102,52.376445631970232170189870151,1615129000
20.41,0,0.0834916054943710304076591771,0.083491605494371,0.0829095015327304,0.083491605494371,0.0829095015327304,0,0.0000000,0.0000000,0,3.6402771326584551737872090823,43.736565069238855177538472074,52.372520250995371502924220962,1615921000
20.42,0,0.0834889719570524724076591771,0.0834889719570525,0.0829074179434129,0.0834889719570525,0.0829074179434129,0,0.0000000,0.0000000,0,3.6397169136875649482812937039,43.730096076540859291836139514,52.368579568253852287610306549,1616713000
20.43,0,0.0834863413161295464076591771,0.0834863413161296,0.0829053364705572,0.0834863413161296,0.0829053364705572,0,0.0000000,0.0000000,0,3.639157389154721910135931544,43.723662345562290634995519396,52.364662282084425578114487376,1617505000
20.44,0,0.0834837025124157464076591771,0.0834837025124158,0.082903246056452,0.0834837025124158,0.082903246056452,0,0.0000000,0.0000000,0,3.6385983333986371147339063229,43.717211993733664391412524414,52.360733504720619229099881036,1618296000
20.45,0,0.0834810765268642444076591771,0.0834810765268642,0.0829011676835218,0.0834810765268642,0.0829011676835218,0,0.0000000,0.0000000,0,3.6380395455255942935010245611,43.710765926350280431688277768,52.356807975366885159402173398,1619088000
20.46,0,0.0834784533587574424076591771,0.0834784533587574,0.0828990913525172,0.0834784533587574,0.0828990913525172,0,0.0000000,0.0000000,0,3.6374813246418493666114654172,43.704324382591431757925663167,52.352885138523637407591848116,1619880000
20.47,0,0.0834758320073791194076591771,0.0834758320073791,0.0828970160641866,0.0834758320073791,0.0828970160641866,0,0.0000000,0.0000000,0,3.6369236698535896330953376941,43.697879224047683132226200563,52.348959433180031958008296619,1620671000
20.48,0,0.0834732133775435154076591771,0.0834732133775435,0.0828949427248052,0.0834732133775435,0.0828949427248052,0,0.0000000,0.0000000,0,3.6363664316113030398967045918,43.691464148799040287238636051,52.34505420591250389071682748,1621463000
20.49,0,0.0834705966575715104076591771,0.0834705966575715,0.0828928705241517,0.0834705966575715,0.0828928705241517,0,0.0000000,0.0000000,0,3.6358094693169318860456749094,43.685024505827977933268049772,52.341132483828428554317316953,1622255000
20.50,0,0.0834679727521876044076591771,0.0834679727521876,0.0828907903684048,0.0834679727521876,0.0828907903684048,0,0.0000000,0.0000000,0,3.6352532835641500381766597293,43.678615792891323026947843612,52.33723094354734691911638388,1623047000
20.51,0,0.0834653716423533904076591771,0.0834653716423534,0.0828887322399769,0.0834653716423534,0.0828887322399769,0,0.0000000,0.0000000,0,3.6346975842021104164638382109,43.67218989987990595981687528,52.333317433341289616916377659,1623838000
20.52,0,0.0834627623640151834076591771,0.0834627623640152,0.0828866651762617,0.0834627623640152,0.0828866651762617,0,0.0000000,0.0000000,0,3.6341419855601808058727849553,43.665783221345545544229424974,52.329417702042083398151142479,1624630000
20.53,0,0.0834601558798095674076591771,0.0834601558798096,0.0828846001413399,0.0834601558798096,0.0828846001413399,0,0.0000000,0.0000000,0,3.6335872846572632082465156028,43.659373750494120726638607544,52.325514823179273573424352517,1625422000
20.54,0,0.0834575512073578714076591771,0.0834575512073579,0.0828825361542732,0.0834575512073579,0.0828825361542732,0,0.0000000,0.0000000,0,3.6330328435824378141764184336,43.652977349098841838602837937,52.32162113350824821067259759,1626214000
20.55,0,0.0834549493459549844076591771,0.083454949345955,0.0828804742157939,0.083454949345955,0.0828804742157939,0,0.0000000,0.0000000,0,3.6324788244074781114409748867,43.646564587210927946118308951,52.317716155745710177830235785,1627005000
20.56,0,0.0834523601828339794076591771,0.083452360182834,0.0828784242145688,0.083452360182834,0.0828784242145688,0,0.0000000,0.0000000,0,3.6319252515872093990702937667,43.640154609361596310082524346,52.313812887801989317794586775,1627797000
20.57,0,0.0834497629415102694076591771,0.0834497629415103,0.0828763653755438,0.0834497629415103,0.0828763653755438,0,0.0000000,0.0000000,0,3.6313722475760740028643679102,43.633775948245909150836319493,52.309930497940350288775049167,1628589000
20.58,0,0.0834471684724726464076591771,0.0834471684724726,0.0828743085506347,0.0834471684724726,0.0828743085506347,0,0.0000000,0.0000000,0,3.6308196758963624373715627998,43.627381394498470713289013306,52.306037090227674849108604786,1629380000
20.59,0,0.0834445858300048184076591771,0.0834445858300048,0.082872262795549,0.0834445858300048,0.082872262795549,0,0.0000000,0.0000000,0,3.6302675966060289748521031955,43.621006687179201965641446651,52.302156898836577659772249976,1630172000
20.60,0,0.0834419959767530034076591771,0.083441995976753,0.0828702090743534,0.083441995976753,0.0828702090743534,0,0.0000000,0.0000000,0,3.6297161347125773735016796572,43.614622640396133991640913839,52.298269702213174601451017108,1630964000
20.61,0,0.0834394189120202904076591771,0.0834394189120203,0.082868167387768,0.0834394189120203,0.082868167387768,0,0.0000000,0.0000000,0,3.6291648395045271478686576669,43.608257414372929481156378172,52.294395783890536580296198849,1631756000
20.62,0,0.0834368336534389174076591771,0.0834368336534389,0.0828661167548388,0.0834368336534389,0.0828661167548388,0,0.0000000,0.0000000,0,3.6286140467500191645874483033,43.601878932373099200232142198,52.290512447154866965443682293,1632547000
20.63,0,0.0834342611819869254076591771,0.0834342611819869,0.0828640781579542,0.0834342611819869,0.0828640781579542,0,0.0000000,0.0000000,0,3.6280637559507641550838580877,43.595493659145607790354795274,52.286624096079787277162364208,1633339000
20.64,0,0.0834316805152992634076591771,0.0834316805152993,0.0828620306161563,0.0834316805152993,0.0828620306161563,0,0.0000000,0.0000000,0,3.627513878943155633906252501,43.589146232859134085813497516,52.282761387098187365874979585,1634131000
20.65,0,0.0834291126526844304076591771,0.0834291126526844,0.0828599951301575,0.0834291126526844,0.0828599951301575,0,0.0000000,0.0000000,0,3.6269646148193099000847403428,43.582780680808540846696919831,52.278885648068586674653646543,1634923000
20.66,0,0.0834265465567967124076591771,0.0834265465567967,0.0828579606640126,0.0834265465567967,0.0828579606640126,0,0.0000000,0.0000000,0,3.6264157499697882794193144552,43.576440738776264927850803513,52.275027219601625116185276862,1635714000
20.67,0,0.0834239832636028744076591771,0.0834239832636029,0.0828559282550857,0.0834239832636029,0.0828559282550857,0,0.0000000,0.0000000,0,3.625867059119956665314269958,43.570077716456413805825630903,52.271153417896419218924955146,1636506000
20.68,0,0.0834214227540876484076591771,0.0834214227540876,0.0828538978857554,0.0834214227540876,0.0828538978857554,0,0.0000000,0.0000000,0,3.6253191526175174103394837292,43.563745000554775528731672752,52.267299189404637523222605522,1637298000
20.69,0,0.0834188640458926714076591771,0.0834188640458927,0.0828518685750543,0.0834188640458927,0.0828518685750543,0,0.0000000,0.0000000,0,3.6247714553924179755035531733,43.55738904372398153245978325,52.26342937796585995107999801,1638090000
20.70,0,0.0834162971200053474076591771,0.0834162971200054,0.0828498303053571,0.0834162971200054,0.0828498303053571,0,0.0000000,0.0000000,0,3.6242245167709630922322848091,43.551054653895027911777869113,52.259573221691007215478550071,1638881000
20.71,0,0.0834137539757421954076591771,0.0834137539757422,0.0828478150773646,0.0834137539757422,0.0828478150773646,0,0.0000000,0.0000000,0,3.623677722721215653929973756,43.54472975246531546694118159,52.255723947524887524348660816,1639673000
20.72,0,0.0834112026124210454076591771,0.083411202612421,0.0828457908917757,0.083411202612421,0.0828457908917757,0,0.0000000,0.0000000,0,3.6231315352412200131664968962,43.538386789535345073919533869,52.251861645245208200460764914,1640465000
20.73,0,0.0834086530293610384076591771,0.083408653029361,0.0828437677492875,0.083408653029361,0.0828437677492875,0,0.0000000,0.0000000,0,3.6225856534226716577203356698,43.532078153398157698165850293,52.248022763402967650884144185,1641256000
20.74,0,0.0834060962442104404076591771,0.0834060962442104,0.0828417366689226,0.0834060962442104,0.0828417366689226,0,0.0000000,0.0000000,0,3.6220402637234462922474125566,43.525744567579485961070854141,52.244166414040939442953835397,1642048000
20.75,0,0.0834035612196354694076591771,0.0834035612196355,0.0828397266147188,0.0834035612196355,0.0828397266147188,0,0.0000000,0.0000000,0,3.6214952407666744045262089978,43.519440139190824938248828309,52.24032979484978553607961742,1642840000
20.76,0,0.0834010189916147704076591771,0.0834010189916148,0.0828377086240228,0.0834010189916148,0.0828377086240228,0,0.0000000,0.0000000,0,3.6209508081377031851481132724,43.513123119201217806382603158,52.236483884113434499004906994,1643632000
20.77,0,0.0833984795228171904076591771,0.0833984795228172,0.0828356926608686,0.0833984795228172,0.0828356926608686,0,0.0000000,0.0000000,0,3.6204065775617442303303273442,43.506819229893416430447937295,52.232647152160915382774376012,1644423000
20.78,0,0.0833959518492239824076591771,0.083395951849224,0.0828336877625992,0.083395951849224,0.0828336877625992,0,0.0000000,0.0000000,0,3.6198629481302647574341235303,43.500506174145765461943690921,52.2288034222248840823123713,1645215000
20.79,0,0.0833934159335065984076591771,0.0833934159335066,0.0828316738932448,0.0833934159335066,0.0828316738932448,0,0.0000000,0.0000000,0,3.6193195560706066063240288734,43.494196760237451100797707507,52.224962298318150909303003992,1646007000
20.80,0,0.0833908838116488904076591771,0.0833908838116489,0.0828296630901446,0.0833908838116489,0.0828296630901446,0,0.0000000,0.0000000,0,3.6187768764829013183182928924,43.487909600308704366326296065,52.221135318583613220703857876,1646798000
20.81,0,0.0833883634463248964076591771,0.0833883634463249,0.0828276633173252,0.0833883634463249,0.0828276633173252,0,0.0000000,0.0000000,0,3.6182344324664070036986517485,43.481607940990442874142297199,52.217298560794390832682425534,1647590000
20.82,0,0.0833858448551932804076591771,0.0833858448551933,0.0828256645937944,0.0833858448551933,0.0828256645937944,0,0.0000000,0.0000000,0,3.6176925362612917446177732036,43.475330184382825947094426408,52.213477450850481942668720517,1648382000
20.83,0,0.0833833180375862134076591771,0.0833833180375862,0.0828236569202304,0.0833833180375862,0.0828236569202304,0,0.0000000,0.0000000,0,3.6171510366821652992713478148,43.469045134387259592195050863,52.209651071594338768693604384,1649174000
20.84,0,0.0833808049928371544076591771,0.0833808049928372,0.0828216622973096,0.0833808049928372,0.0828216622973096,0,0.0000000,0.0000000,0,3.6166099459564089666894843873,43.462780648261619088725892459,52.205838381024747241440010978,1649965000
20.85,0,0.0833782937202808414076591771,0.0833782937202808,0.0828196687257068,0.0833782937202808,0.0828196687257068,0,0.0000000,0.0000000,0,3.6160690740636528290248506767,43.456483557536587225535535697,52.202003575619536961196186821,1650757000
20.86,0,0.0833757742009255164076591771,0.0833757742009255,0.0828176661877667,0.0833757742009255,0.0828176661877667,0,0.0000000,0.0000000,0,3.6155289223509470233290668868,43.450208740025163152442957286,52.198182854731788365120863775,1651549000
20.87,0,0.0833732674524362484076591771,0.0833732674524362,0.0828156757024881,0.0833732674524362,0.0828156757024881,0,0.0000000,0.0000000,0,3.6149889876699194697763121773,43.443946386433048652528291445,52.19437073761318638415848016,1652341000
20.88,0,0.0833707625650293924076591771,0.0833707625650294,0.0828136863614181,0.0833707625650294,0.0828136863614181,0,0.0000000,0.0000000,0,3.6144498203035866293751839488,43.437687002891324097664791121,52.19055941028789941056057297,1653132000
20.89,0,0.0833682503378742414076591771,0.0833682503378742,0.0828116889650532,0.0833682503378742,0.0828116889650532,0,0.0000000,0.0000000,0,3.6139106951882962603213727618,43.431438390242130897409209088,52.18675593839660671498418439,1653924000
20.90,0,0.0833657508796047774076591771,0.0833657508796048,0.0828097036233519,0.0833657508796048,0.0828097036233519,0,0.0000000,0.0000000,0,3.6133720975342528236234760157,43.42516819364580839179339289,52.182937079228057893886812612,1654716000
20.91,0,0.0833632631712355854076591771,0.0833632631712356,0.0828077293186501,0.0833632631712356,0.0828077293186501,0,0.0000000,0.0000000,0,3.6128339264446970774771842721,43.418917529224931753864422349,52.179131101424944733066814419,1655508000
20.92,0,0.0833607572304380674076591771,0.0833607572304381,0.0828057360699375,0.0833607572304381,0.0828057360699375,0,0.0000000,0.0000000,0,3.6122960569686369420566766917,43.412675041984928746791928457,52.175330557459338860815884975,1656299000
20.93,0,0.0833582640565571074076591771,0.0833582640565571,0.0828037548778742,0.0833582640565571,0.0828037548778742,0,0.0000000,0.0000000,0,3.6117586881966542839963643546,43.406429306592245637487063709,52.171527166718525373880385451,1657091000
20.94,0,0.0833557836306110654076591771,0.0833557836306111,0.0828017857247908,0.0833557836306111,0.0828017857247908,0,0.0000000,0.0000000,0,3.611221606083095455866124141,43.400200139406220511861415983,52.167734949550555647387402691,1657883000
20.95,0,0.0833532949702751054076591771,0.0833532949702751,0.0827998076296716,0.0833532949702751,0.0827998076296716,0,0.0000000,0.0000000,0,3.6106849469212463243003671307,43.393945909418641951327310504,52.1639251862075501886742656,1658675000
20.96,0,0.0833508081284261204076591771,0.0833508081284261,0.0827978306466996,0.0833508081284261,0.0827978306466996,0,0.0000000,0.0000000,0,3.6101491478806702418689702066,43.387743217391285666070319362,52.160149024764383447059319573,1659466000
20.97,0,0.0833483239789435124076591771,0.0833483239789435,0.0827958556510574,0.0833483239789435,0.0827958556510574,0,0.0000000,0.0000000,0,3.6096132706477876695805307683,43.381502335843180390502761268,52.156347569534313614757129351,1660258000
20.98,0,0.0833458425564651974076591771,0.0833458425564652,0.0827938826786829,0.0833458425564652,0.0827938826786829,0,0.0000000,0.0000000,0,3.6090778267946657980264370936,43.375290647278381485824502895,52.152565502764072252325835188,1661050000
20.99,0,0.0833433628969990934076591771,0.0833433628969991,0.0827919107668814,0.0833433628969991,0.0827919107668814,0,0.0000000,0.0000000,0,3.6085428650684890614454025469,43.369066471640099267296477632,52.148774285325428971499783579,1661841000
21.00,0,0.0833408949998988004076591771,0.0833408949998988,0.0827899499163004,0.0833408949998988,0.0827899499163004,0,0.0000000,0.0000000,0,3.6080082349190513800116062871,43.362832235230903317574278473,52.144975929443072180727893644,1662633000
21.01,0,0.0833384298278635974076591771,0.0833384298278636,0.0827879910909305,0.0833384298278636,0.0827879910909305,0,0.0000000,0.0000000,0,3.6074742609937725119207388745,43.356646957359904179998249373,52.14120986458181440455614022,1663425000
21.02,0,0.0833359574169051004076591771,0.0833359574169051,0.0827860243280714,0.0833359574169051,0.0827860243280714,0,0.0000000,0.0000000,0,3.6069404036976675125555840298,43.350426095213760268633824034,52.13741977042949544282470975,1664217000
21.03,0,0.0833334868376359074076591771,0.0833334868376359,0.0827840586996209,0.0833334868376359,0.0827840586996209,0,0.0000000,0.0000000,0,3.6064070870840005457376459926,43.344236900892505233421419447,52.133650444704147186124027543,1665008000
21.04,0,0.0833310279284908164076591771,0.0833310279284908,0.0827821040452962,0.0833310279284908,0.0827821040452962,0,0.0000000,0.0000000,0,3.6058740362524875048712198859,43.338029247941840981361862986,52.129868383367115406947181271,1665800000
21.05,0,0.0833285617418425464076591771,0.0833285617418426,0.0827801414187494,0.0833285617418426,0.0827801414187494,0,0.0000000,0.0000000,0,3.6053413379970188509649031075,43.331824266234643617879000712,52.12608776837338957798838936,1666592000
21.06,0,0.0833261083137076054076591771,0.0833261083137076,0.0827781908572731,0.0833261083137076,0.0827781908572731,0,0.0000000,0.0000000,0,3.6048092527553333689842702584,43.325646219580020503780097662,52.122324492043487801143326379,1667384000
21.07,0,0.0833236566067926144076591771,0.0833236566067926,0.0827762413248476,0.0833236566067926,0.0827762413248476,0,0.0000000,0.0000000,0,3.6042773927656369255637324213,43.319454290184080300504978838,52.118551673035565024303429909,1668175000
21.08,0,0.0833211967462741724076591771,0.0833211967462742,0.08277428294792,0.0833211967462742,0.08277428294792,0,0.0000000,0.0000000,0,3.6037462317030180084817710338,43.313292406275449171732839952,52.114798083817548425370179854,1668967000
21.09,0,0.0833187495347890534076591771,0.0833187495347891,0.0827723365303947,0.0833187495347891,0.0827723365303947,0,0.0000000,0.0000000,0,3.6032150946050552139555880588,43.307105212468984403336502551,52.11102763948722377633030798,1669759000
21.10,0,0.0833163040426177864076591771,0.0833163040426178,0.0827703911438169,0.0833163040426178,0.0827703911438169,0,0.0000000,0.0000000,0,3.6026842800405481917421535349,43.300916820927356157764200353,52.107256035504602178499693404,1670551000
21.11,0,0.0833138613057829354076591771,0.0833138613057829,0.082768447825471,0.0833138613057829,0.082768447825471,0,0.0000000,0.0000000,0,3.6021539367068392141016922237,43.294751996396902069598533936,52.103499775727057091902222434,1671342000
21.12,0,0.0833114203941444364076591771,0.0833114203941444,0.0827665056464758,0.0833114203941444,0.0827665056464758,0,0.0000000,0.0000000,0,3.6016242390790394983954764455,43.288586865045728381887948999,52.099742155206063801332015832,1672134000
21.13,0,0.0833089721110206654076591771,0.0833089721110207,0.0827645554114058,0.0833089721110207,0.0827645554114058,0,0.0000000,0.0000000,0,3.6010946486185680732364058817,43.282435462103192201875982576,52.095994046439651066287571483,1672926000
21.14,0,0.0833065465813416494076591771,0.0833065465813416,0.0827626272464441,0.0833065465813416,0.0827626272464441,0,0.0000000,0.0000000,0,3.6005654770742132644244733708,43.276268439844339213562629525,52.092234680478714433140181119,1673717000
21.15,0,0.0833041117678236294076591771,0.0833041117678236,0.0827606891155573,0.0833041117678236,0.0827606891155573,0,0.0000000,0.0000000,0,3.6000366489779419653639740348,43.270122063158327271396000445,52.088488944361071175680444008,1674509000
21.16,0,0.0833016697766506404076591771,0.0833016697766506,0.0827587431261769,0.0833016697766506,0.0827587431261769,0,0.0000000,0.0000000,0,3.5995083002620569610204824735,43.263959314391427950453737779,52.084731273212642093306408197,1675301000
21.17,0,0.0832992504301465494076591771,0.0832992504301466,0.0827568191018713,0.0832992504301466,0.0827568191018713,0,0.0000000,0.0000000,0,3.5989803550513610912585257281,43.257811806078835240639228483,52.080983384035836021623685597,1676093000
21.18,0,0.0832968228162538684076591771,0.0832968228162539,0.0827548861318247,0.0832968228162539,0.0827548861318247,0,0.0000000,0.0000000,0,3.5984525747055788973963533178,43.251677233415631025087029881,52.077244282454181974510913458,1676884000
21.19,0,0.0832943979343491404076591771,0.0832943979343491,0.0827529552166527,0.0832943979343491,0.0827529552166527,0,0.0000000,0.0000000,0,3.5979254845857230573200036839,43.245538325645311564418837314,52.07350090413537653253285814,1677676000
21.20,0,0.0832919748536312484076591771,0.0832919748536312,0.0827510254267902,0.0832919748536312,0.0827510254267902,0,0.0000000,0.0000000,0,3.5973985825091255179735400283,43.239411750934199938927706544,52.069765828432560500544074869,1678468000
21.21,0,0.0832895634154256884076591771,0.0832895634154257,0.0827491066047958,0.0832895634154257,0.0827491066047958,0,0.0000000,0.0000000,0,3.5968720548769146051569551902,43.233278613354639213623629087,52.066025715597354889725314038,1679259000
21.22,0,0.0832871446890171054076591771,0.0832871446890171,0.0827471798211848,0.0832871446890171,0.0827471798211848,0,0.0000000,0.0000000,0,3.5963456774328027798788465686,43.227132696712776336817586479,52.062276873429932162102204747,1680051000
21.23,0,0.0832847277104422904076591771,0.0832847277104423,0.0827452541132216,0.0832847277104423,0.0827452541132216,0,0.0000000,0.0000000,0,3.5958199976163147735650206873,43.221026091480523822435333645,52.05855343581889446895749999,1680843000
21.24,0,0.0832823235119168264076591771,0.0832823235119168,0.0827433405143466,0.0832823235119168,0.0827433405143466,0,0.0000000,0.0000000,0,3.5952947153546211007638430239,43.214903526614593574118403417,52.054818476614377900189863585,1681635000
21.25,0,0.0832799109720917864076591771,0.0832799109720918,0.0827414179044328,0.0832799109720918,0.0827414179044328,0,0.0000000,0.0000000,0,3.59476952925534146613123606,43.208794634413367269814601207,52.051092915324473253207906326,1682426000
21.26,0,0.0832775011415957924076591771,0.0832775011415958,0.0827394973353283,0.0832775011415958,0.0827394973353283,0,0.0000000,0.0000000,0,3.5942447643341532222370766762,43.20267952331674419325451984,52.04736239357246642860504784,1683218000
21.27,0,0.0832751031073831544076591771,0.0832751031073831,0.0827375878952038,0.0832751031073831,0.0827375878952038,0,0.0000000,0.0000000,0,3.5937204811069793976942645536,43.196569466315252187632377722,52.043634432925770488818947624,1684010000
21.28,0,0.0832727077119494024076591771,0.0832727077119494,0.0827356804277685,0.0832727077119494,0.0827356804277685,0,0.0000000,0.0000000,0,3.5931962912879407774683742912,43.190473067239394229549870188,52.039915841156328344913336919,1684802000
21.29,0,0.0832703040423337414076591771,0.0832703040423338,0.0827337640212727,0.0832703040423338,0.0827337640212727,0,0.0000000,0.0000000,0,3.5926728199251472014239329313,43.18437226304675900146125469,52.036192766071759645980651482,1685593000
21.30,0,0.0832679121485913464076591771,0.0832679121485914,0.0827318587269798,0.0832679121485914,0.0827318587269798,0,0.0000000,0.0000000,0,3.5921494275310120489007013945,43.178280192607079600021849965,52.032475723843686744578156665,1686385000
21.31,0,0.0832655229103711904076591771,0.0832655229103712,0.0827299554257442,0.0832655229103712,0.0827299554257442,0,0.0000000,0.0000000,0,3.5916264762754022133029747985,43.172185814731664082297535724,52.02875629280827883458107108,1687177000
21.32,0,0.0832631253594852014076591771,0.0832631253594852,0.0827280431505805,0.0832631253594852,0.0827280431505805,0,0.0000000,0.0000000,0,3.5911038529192379936608619456,43.166112033967323419015579653,52.025050344044246474631034337,1687969000
21.33,0,0.0832607406190571024076591771,0.0832607406190571,0.0827261430258126,0.0832607406190571,0.0827261430258126,0,0.0000000,0.0000000,0,3.5905816562909702833786579579,43.160013326243999400824863861,52.021326617993867143138477408,1688760000
21.34,0,0.0832583575142483084076591771,0.0832583575142483,0.082724243877799,0.0832583575142483,0.082724243877799,0,0.0000000,0.0000000,0,3.5900598849222410294004260326,43.15393860807564727954605203,52.017618426558212348438634441,1689552000
21.35,0,0.0832559770949556014076591771,0.0832559770949556,0.0827223467576312,0.0832559770949556,0.0827223467576312,0,0.0000000,0.0000000,0,3.5895382387062125039863909323,43.147868510772268623394483607,52.013913309724588412293589783,1690344000
21.36,0,0.0832535884840611574076591771,0.0832535884840612,0.0827204407893833,0.0832535884840612,0.0827204407893833,0,0.0000000,0.0000000,0,3.5890170165036700597064295377,43.141791228728939641777134317,52.010202480666893571112764395,1691135000
21.37,0,0.0832512214888922864076591771,0.0832512214888923,0.0827185557815716,0.0832512214888923,0.0827185557815716,0,0.0000000,0.0000000,0,3.5884962925794215631949529287,43.135733376778802880799737334,52.006503872809431757017659486,1691927000
21.38,0,0.0832488471957594154076591771,0.0832488471957594,0.0827166628216932,0.0832488471957594,0.0827166628216932,0,0.0000000,0.0000000,0,3.5879757152942723937917220252,43.129661565572015581659247689,52.002795607046595187782632725,1692719000
21.39,0,0.0832464647089764064076591771,0.0832464647089764,0.0827147610152455,0.0832464647089764,0.0827147610152455,0,0.0000000,0.0000000,0,3.5874554724433919857354501898,43.123597319044330796113062424,51.999091869184194349243535232,1693511000
21.40,0,0.0832441048363621494076591771,0.0832441048363621,0.0827128811712288,0.0832441048363621,0.0827128811712288,0,0.0000000,0.0000000,0,3.5869357119790380972218279798,43.117552046311015955759258062,51.995400053495886494443945541,1694302000
21.41,0,0.0832417367320828414076591771,0.0832417367320828,0.0827109924449875,0.0832417367320828,0.0827109924449875,0,0.0000000,0.0000000,0,3.5864162336138066216551505187,43.111487382667096581510456928,51.991694520691239597894156325,1695094000
21.42,0,0.0832393702592672574076591771,0.0832393702592672,0.0827091047008263,0.0832393702592672,0.0827091047008263,0,0.0000000,0.0000000,0,3.5858970863184214524397129252,43.105461436813994812428932036,51.98801471130035224759030514,1695886000
21.43,0,0.0832370064854971154076591771,0.0832370064854971,0.0827072190074999,0.0832370064854971,0.0827072190074999,0,0.0000000,0.0000000,0,3.5853781942380249421453920804,43.099398984347446623899485336,51.984309579530923533056744387,1696678000
21.44,0,0.0832346444963598374076591771,0.0832346444963598,0.0827053344517664,0.0832346444963598,0.0827053344517664,0,0.0000000,0.0000000,0,3.5848597683933999574065990655,43.09335936377169179987267892,51.980619000549871418566387649,1697469000
21.45,0,0.0832322951188167654076591771,0.0832322951188168,0.0827034618617548,0.0832322951188168,0.0827034618617548,0,0.0000000,0.0000000,0,3.5843415466043538507932107602,43.087328926423186520163764637,51.976934320950435435556555169,1698261000
21.46,0,0.0832299385245594834076591771,0.0832299385245595,0.082701581410322,0.0832299385245595,0.082701581410322,0,0.0000000,0.0000000,0,3.5838238892244564889396382452,43.081298233989656230224779959,51.973248211422406302914106415,1699053000
21.47,0,0.0832275825408735964076591771,0.0832275825408736,0.0826997009259161,0.0832275825408736,0.0826997009259161,0,0.0000000,0.0000000,0,3.5833061583314392244157584009,43.075274263549749309528738901,51.969566996534849298939540064,1699844000
21.48,0,0.0832252392532704494076591771,0.0832252392532704,0.0826978324952085,0.0832252392532704,0.0826978324952085,0,0.0000000,0.0000000,0,3.582789091219966950625866347,43.069237392416803032737728319,51.965875477277179218347381553,1700636000
21.49,0,0.0832228877469415544076591771,0.0832228877469416,0.0826959552045479,0.0832228877469416,0.0826959552045479,0,0.0000000,0.0000000,0,3.5822721857892095609742572058,43.063212675310883655433825386,51.962191950303887169743466854,1701428000
21.50,0,0.0832205488496572144076591771,0.0832205488496572,0.0826940898828594,0.0832205488496572,0.0826940898828594,0,0.0000000,0.0000000,0,3.5817557909640848136566215358,43.057206743164589729760968866,51.958520054273444675216931471,1702220000
21.51,0,0.0832182017139844254076591771,0.0832182017139844,0.0826922156838622,0.0832182017139844,0.0826922156838622,0,0.0000000,0.0000000,0,3.5812396448429235753073704197,43.051190980519318521252539165,51.954840948210014295873256246,1703011000
21.52,0,0.0832158662046710294076591771,0.083215866204671,0.0826903524734536,0.083215866204671,0.0826903524734536,0,0.0000000,0.0000000,0,3.5807238206244083604748693368,43.045196183242754702144919991,51.951175407970996548746751102,1703803000
21.53,0,0.0832135234556390804076591771,0.0832135234556391,0.0826884813867027,0.0832135234556391,0.0826884813867027,0,0.0000000,0.0000000,0,3.5802082050121059005849248069,43.039178331347084523595329286,51.947493737402616698611381747,1704595000
21.54,0,0.0832111923136297264076591771,0.0832111923136297,0.0826866212714949,0.0832111923136297,0.0826866212714949,0,0.0000000,0.0000000,0,3.5796930214630290890418319517,43.033170730865149257163665828,51.943818046818725184645830133,1705387000
21.55,0,0.0832088539489042884076591771,0.0832088539489043,0.0826847532992334,0.0832088539489043,0.0826847532992334,0,0.0000000,0.0000000,0,3.5791780578359968460197699318,43.027184892276591330380829768,51.940156690826744124789368871,1706178000
21.56,0,0.0832065271718685474076591771,0.0832065271718686,0.0826828962814633,0.0832065271718686,0.0826828962814633,0,0.0000000,0.0000000,0,3.578663561865862470548847546,43.021182529972068925985927667,51.936482980057908999549752168,1706970000
21.57,0,0.0832042021707961904076591771,0.0832042021707962,0.0826810404075948,0.0832042021707962,0.0826810404075948,0,0.0000000,0.0000000,0,3.5781492465534952884290576373,43.015202095485788876452446971,51.932823796445896612449216037,1707762000
21.58,0,0.0832018797747400624076591771,0.0832018797747401,0.0826791865078151,0.0832018797747401,0.0826791865078151,0,0.0000000,0.0000000,0,3.577635097051126219834579364,43.009203302391202448710102797,51.929151744039792188745205501,1708553000
21.59,0,0.0831995491533315434076591771,0.0831995491533316,0.082677323752887,0.0831995491533316,0.082677323752887,0,0.0000000,0.0000000,0,3.5771216507030651313998238079,43.00321708634688155985365745,51.925486532992965985467562629,1709345000
21.60,0,0.0831972411176140974076591771,0.0831972411176141,0.082675482954983,0.0831972411176141,0.082675482954983,0,0.0000000,0.0000000,0,3.5766083945966979700688541695,42.997257736997665494450599351,51.921839159412024214798391651,1710137000
21.61,0,0.0831949148369054364076591771,0.0831949148369054,0.0826736232845475,0.0831949148369054,0.0826736232845475,0,0.0000000,0.0000000,0,3.5760953892288498728932906483,42.991278677303900914694399284,51.9181777589612989379907609,1710929000
21.62,0,0.0831926001775498634076591771,0.0831926001775499,0.0826717746090487,0.0831926001775499,0.0826717746090487,0,0.0000000,0.0000000,0,3.5755824591199374628602192455,42.985304704039379501935318763,51.914519640220143564221228017,1711720000
21.63,0,0.0831902882718967444076591771,0.0831902882718968,0.0826699280619575,0.0831902882718968,0.0826699280619575,0,0.0000000,0.0000000,0,3.5750702285322219305610282423,42.979334491056134897226174412,51.910862332642794446447572247,1712512000
21.64,0,0.0831879879499514454076591771,0.0831879879499514,0.0826680924743982,0.0831879879499514,0.0826680924743982,0,0.0000000,0.0000000,0,3.5745580470198011694000127582,42.973370037322897832490277728,51.907208812270538193738434876,1713304000
21.65,0,0.0831856693987347334076591771,0.0831856693987348,0.0826662380345081,0.0831856693987348,0.0826662380345081,0,0.0000000,0.0000000,0,3.5740462500723760727814679142,42.967415811160164010981730333,51.903561273184133250946870733,1714096000
21.66,0,0.0831833634302399344076591771,0.0831833634302399,0.0826643955553944,0.0831833634302399,0.0826643955553944,0,0.0000000,0.0000000,0,3.5735345246965989665053865494,42.961449025875688741011015687,51.899904980135235033438535568,1714887000
21.67,0,0.0831810692311767474076591771,0.0831810692311767,0.0826625642248784,0.0831810692311767,0.0826625642248784,0,0.0000000,0.0000000,0,3.5730234577170033383502501066,42.95551270304663766715586632,51.896267736979436516084086133,1715679000
21.68,0,0.0831787666138533554076591771,0.0831787666138534,0.0826607238563772,0.0831787666138534,0.0826607238563772,0,0.0000000,0.0000000,0,3.5725124735966799197418651057,42.949555418475052547296947428,51.892615975400780442700942675,1716471000
21.69,0,0.0831764667463414714076591771,0.0831764667463415,0.0826588856190692,0.0831764667463415,0.0826588856190692,0,0.0000000,0.0000000,0,3.5720019329081900364802243856,42.943603313051979750559099804,51.888966575484487816072279359,1717263000
21.70,0,0.0831741784779188134076591771,0.0831741784779188,0.082657058363336,0.0831741784779188,0.082657058363336,0,0.0000000,0.0000000,0,3.5714916107336261763438093879,42.937668994255789548831950925,51.885328671126896763209842811,1718054000
21.71,0,0.0831718829580199614076591771,0.08317188295802,0.0826552232397138,0.08317188295802,0.0826552232397138,0,0.0000000,0.0000000,0,3.5709817926630602327369152332,42.93173482952260416903753705,51.881689537707149226659941893,1718846000
21.72,0,0.0831695890362357394076591771,0.0831695890362357,0.0826533890988927,0.0831695890362357,0.0826533890988927,0,0.0000000,0.0000000,0,3.5704719912659763694810461621,42.925811275881456550004241629,51.878057504013781427474788337,1719638000
21.73,0,0.0831673068616922294076591771,0.0831673068616922,0.0826515660910954,0.0831673068616922,0.0826515660910954,0,0.000000,0.000000,0,3.5699624921358646419589858957,42.919871847058504408683236663,51.874413821294201014822985445,1720429000
21.74,0,0.0831650162659647124076591771,0.0831650162659647,0.0826497340489914,0.0831650162659647,0.0826497340489914,0,0.0000000,0.0000000,0,3.569453407838639375970727274,42.913939726179879789436122981,51.870773974634934821331090384,1721221000
21.75,0,0.0831627284161993974076591771,0.0831627284161994,0.0826479041408188,0.0831627284161994,0.0826479041408188,0,0.0000000,0.0000000,0,3.5689446614930833029420768159,42.90803572319194597263157801,51.867152308035822860383365361,1722013000
21.76,0,0.0831604532462714794076591771,0.0831604532462715,0.0826460863015421,0.0831604532462715,0.0826460863015421,0,0.0000000,0.0000000,0,3.5684361157801519374214000042,42.902104918046034682291570551,51.863511785364537522273659292,1722805000
21.77,0,0.0831581686353825024076591771,0.0831581686353825,0.0826442584114498,0.0831581686353825,0.0826442584114498,0,0.0000000,0.0000000,0,3.5679276690073741460431079174,42.896196704851122517600313878,51.859886264487971701156952359,1723596000
21.78,0,0.0831558967868743464076591771,0.0831558967868744,0.0826424426749684,0.0831558967868744,0.0826424426749684,0,0.0000000,0.0000000,0,3.5674198330473836870028911176,42.890283878674285865798306336,51.856255938589232533140130585,1724388000
21.79,0,0.0831536165147713114076591771,0.0831536165147713,0.0826406179072043,0.0831536165147713,0.0826406179072043,0,0.0000000,0.0000000,0,3.5669121566492704537050447256,42.884379792762806199920838408,51.852631018304462477530833938,1725180000
21.80,0,0.0831513489854541794076591771,0.0831513489854542,0.082638805275618,0.0831513489854542,0.082638805275618,0,0.0000000,0.0000000,0,3.5664046643007289339280501803,42.878479155498522941881293146,51.849007832701212931736496288,1725971000
21.81,0,0.0831490830315842444076591771,0.0831490830315842,0.0826369936139481,0.0831490830315842,0.0826369936139481,0,0.0000000,0.0000000,0,3.5658974052632142647235276839,42.872573868860894258879257267,51.845380739255484625713138358,1726763000
21.82,0,0.0831468088375653644076591771,0.0831468088375654,0.0826351731076735,0.0831468088375654,0.0826351731076735,0,0.0000000,0.0000000,0,3.5653906153174719874097267555,42.866673625291058575122900627,51.841755730325270171881593596,1727555000
21.83,0,0.0831445472828356034076591771,0.0831445472828356,0.0826333646373047,0.0831445472828356,0.0826333646373047,0,0.0000000,0.0000000,0,3.5648842195565689418511744355,42.860797883820557349970503793,51.838146223972480176443839373,1728347000
21.84,0,0.0831422873021230514076591771,0.0831422873021231,0.08263155713864,0.0831422873021231,0.08263155713864,0,0.0000000,0.0000000,0,3.5643777656035978862435612861,42.854896770915503041101752822,51.834519418291317347151207885,1729139000
21.85,0,0.0831400290610483104076591771,0.0831400290610483,0.0826297507783678,0.0831400290610483,0.0826297507783678,0,0.0000000,0.0000000,0,3.5638718667223423351352527861,42.849022972411294645317688132,51.830909604661794453674659826,1729930000
21.86,0,0.0831377734942652374076591771,0.0831377734942652,0.0826279464922075,0.0831377734942652,0.0826279464922075,0,0.0000000,0.0000000,0,3.5633662461212795607864736968,42.843143334278362902225038004,51.827294914727741516719687556,1730722000
21.87,0,0.0831355184817497754076591771,0.0831355184817498,0.082626142161198,0.0831355184817498,0.082626142161198,0,0.0000000,0.0000000,0,3.5628605152532748889972168592,42.837252604699829862386562257,51.823672746927039796265877268,1731514000
21.88,0,0.0831332672069967004076591771,0.0831332672069967,0.0826243409698948,0.0831332672069967,0.0826243409698948,0,0.0000000,0.0000000,0,3.5623554991431068343158477513,42.831396556117179226433758208,51.820072150731333278992199219,1732305000
21.89,0,0.0831310075038956164076591771,0.0831310075038956,0.0826225307532459,0.0831310075038956,0.0826225307532459,0,0.0000000,0.0000000,0,3.5618504202134941281681728977,42.825515161471649526677374556,51.816454242150281583278486801,1733097000
21.90,0,0.0831287685189843644076591771,0.0831287685189844,0.0826207406588452,0.0831287685189844,0.0826207406588452,0,0.0000000,0.0000000,0,3.561345791774654663958487416,42.819657475010426281054055119,51.81285108783374470478185104,1733889000
21.91,0,0.0831265232056298584076591771,0.0831265232056299,0.0826189436411134,0.0831265232056299,0.0826189436411134,0,0.0000000,0.0000000,0,3.5608415745849623618609704661,42.81379741409995203974607508,51.809245033694397012795067373,1734681000
21.92,0,0.0831242784625190154076591771,0.083124278462519,0.0826171465997886,0.083124278462519,0.0826171465997886,0,0.0000000,0.0000000,0,3.5603373049401424941358468114,42.807930034073327472403634296,51.805633878731895337048014216,1735472000
21.93,0,0.0831220364357391594076591771,0.0831220364357392,0.0826153516820074,0.0831220364357392,0.0826153516820074,0,0.0000000,0.0000000,0,3.5598334323173784401228773704,42.802086073105573736893835827,51.80203738764283043727180616,1736264000
21.94,0,0.0831197960605593214076591771,0.0831197960605593,0.0826135578240853,0.0831197960605593,0.0826135578240853,0,0.0000000,0.0000000,0,3.5593298681846860664564732232,42.79622727782217450264719307,51.798429753661017045651965219,1737056000
21.95,0,0.0831175572358950584076591771,0.0831175572358951,0.0826117649259825,0.0831175572358951,0.0826117649259825,0,0.0000000,0.0000000,0,3.5588265619531978609151158119,42.790372432148996883353270526,51.794823872990657565859117183,1737848000
21.96,0,0.0831153311623683504076591771,0.0831153311623684,0.082609984189363,0.0831153311623684,0.082609984189363,0,0.0000000,0.0000000,0,3.5583234499813739873203093765,42.784542672809950312242834384,51.791234274391589805409605124,1738639000
21.97,0,0.0831130967204938404076591771,0.0831130967204938,0.0826081944957813,0.0831130967204938,0.0826081944957813,0,0.0000000,0.0000000,0,3.5578205437401335010548376372,42.778694494995327404305140015,51.787631328311687053310072372,1739431000
21.98,0,0.0831108648460703334076591771,0.0831108648460704,0.0826064067820738,0.0831108648460704,0.0826064067820738,0,0.0000000,0.0000000,0,3.5573179794857781603143911543,42.772862053979180628500353485,51.784037912387395564479802276,1740223000
21.99,0,0.0831086336842896384076591771,0.0831086336842896,0.0826046191944673,0.0831086336842896,0.0826046191944673,0,0.0000000,0.0000000,0,3.5568158574764812641290787287,42.767036042230462059260324885,51.780447432173459688555743452,1741014000
22.00,0,0.0831064151708777184076591771,0.0831064151708777,0.082602843669721,0.0831064151708777,0.082602843669721,0,0.0000000,0.0000000,0,3.55631375007666032704726584,42.761196547202047485806453596,51.776847418788471873745988822,1741806000
22.01,0,0.0831041892235323604076591771,0.0831041892235324,0.0826010601265634,0.0831041892235324,0.0826010601265634,0,0.0000000,0.0000000,0,3.5558118326323246213291772496,42.755383615504047472060152324,51.773264656109961928773162065,1742598000
22.02,0,0.0831019739870003534076591771,0.0831019739870004,0.0825992867107694,0.0831019739870004,0.0825992867107694,0,0.0000000,0.0000000,0,3.5553103546811175263145738789,42.749550485990409901882337459,51.769666698669366122798543246,1743390000
22.03,0,0.0830997513972347094076591771,0.0830997513972347,0.0825975053593185,0.0830997513972347,0.0825975053593185,0,0.0000000,0.0000000,0,3.5548092261846558818679827668,42.743749788983601741059639331,51.766089559566789565508818973,1744181000
22.04,0,0.0830975404353754894076591771,0.0830975404353755,0.0825957350543745,0.0830975404353755,0.0825957350543745,0,0.0000000,0.0000000,0,3.5543080724866506349334671139,42.737924129964492969953242078,51.762495146683201746656919738,1744973000
22.05,0,0.0830953220377491404076591771,0.0830953220377492,0.0825939567332855,0.0830953220377492,0.0825939567332855,0,0.0000000,0.0000000,0,3.5538072542868320845411357226,42.73211448376174534725910251,51.758910402075929909996659912,1745765000
22.06,0,0.0830931153485119234076591771,0.0830931153485119,0.0825921895412273,0.0830931153485119,0.0825921895412273,0,0.0000000,0.0000000,0,3.5533068719077445832608654703,42.72631963061174878621138983,51.755334231346578483247926308,1746557000
22.07,0,0.0830909103039181164076591771,0.0830909103039181,0.0825904234154712,0.0830909103039181,0.0825904234154712,0,0.0000000,0.0000000,0,3.5528064352849249709571834015,42.72050779909662688815732878,51.751746264199437266153546466,1747348000
22.08,0,0.0830886968851116394076591771,0.0830886968851116,0.0825886483381761,0.0830886968851116,0.0825886483381761,0,0.0000000,0.0000000,0,3.5523063074086552213440367531,42.714699167079660094800026363,51.748159291468526016361218142,1748140000
22.09,0,0.0830864960103903944076591771,0.0830864960103904,0.0825868852286528,0.0830864960103904,0.0825868852286528,0,0.0000000,0.0000000,0,3.5518063736777746066816502863,42.708911692019316874523346501,51.744585806581451828083162093,1748932000
22.10,0,0.0830842958599788624076591771,0.0830842958599789,0.082585122268136,0.0830842958599789,0.082585122268136,0,0.0000000,0.0000000,0,3.5513069720944770471442031636,42.703116585685793708102748203,51.741005363533296875200441238,1749724000
22.11,0,0.0830820893337753864076591771,0.0830820893337754,0.0825833523575324,0.0830820893337754,0.0825833523575324,0,0.0000000,0.0000000,0,3.5508075257033348685316882224,42.697339887638602265959458359,51.737437128109573891625217121,1750515000
22.12,0,0.0830798933686289994076591771,0.083079893368629,0.0825815924346973,0.083079893368629,0.0825815924346973,0,0.0000000,0.0000000,0,3.5503083083197429374785165468,42.69154038028659129530038941,51.733852366985400842979557663,1751307000
22.13,0,0.0830777001076702074076591771,0.0830777001076702,0.0825798346437648,0.0830777001076702,0.0825798346437648,0,0.0000000,0.0000000,0,3.5498096071952710389502627345,42.685759145239453037447593947,51.730278273992412396822019098,1752099000
22.14,0,0.0830755084693487674076591771,0.0830755084693488,0.0825780779041866,0.0830755084693488,0.0825780779041866,0,0.0000000,0.0000000,0,3.5493108716250002283297105071,42.679987874502324746080648157,51.726710593123462971707177495,1752890000
22.15,0,0.0830733184714708194076591771,0.0830733184714708,0.0825763222347681,0.0830733184714708,0.0825763222347681,0,0.0000000,0.0000000,0,3.5488126006820222102727823459,42.674209797793637203662005286,51.723136640340065054222921467,1753682000
22.16,0,0.0830711310768601134076591771,0.0830711310768601,0.0825745685993304,0.0830711310768601,0.0825745685993304,0,0.0000000,0.0000000,0,3.5483145671695289317235414493,42.668460510596879848437235819,51.719581187861925933933726021,1754474000
22.17,0,0.0830689442410636644076591771,0.0830689442410636,0.0825728149544157,0.0830689442410636,0.0825728149544157,0,0.0000000,0.0000000,0,3.5478163711589922593163988993,42.662674422011987054081475094,51.716000649894745865509468727,1755266000
22.18,0,0.0830667601064852384076591771,0.0830667601064852,0.0825710634434207,0.0830667601064852,0.0825710634434207,0,0.0000000,0.0000000,0,3.547318786812588951247045256,42.656910247513509631636988362,51.71243296418888977647677059,1756057000
22.19,0,0.0830645785919452804076591771,0.0830645785919453,0.0825693139861566,0.0830645785919453,0.0825693139861566,0,0.0000000,0.0000000,0,3.5468212633929789276896596811,42.651159635376191154573519132,51.708873847843052738908993057,1756849000
22.20,0,0.0830623977152546224076591771,0.0830623977152546,0.0825675646014228,0.0830623977152546,0.0825675646014228,0,0.0000000,0.0000000,0,3.5463241868381616228829555326,42.645401803581252120865046701,51.705308176509931092618469918,1757641000
22.21,0,0.0830602203589435314076591771,0.0830602203589435,0.082565818172736,0.0830602203589435,0.082565818172736,0,0.0000000,0.0000000,0,3.5458269309386742274183210937,42.639633024925077891921970614,51.7017350070424852824549773,1758432000
22.22,0,0.0830580437198212244076591771,0.0830580437198212,0.0825640718978898,0.0830580437198212,0.0825640718978898,0,0.0000000,0.0000000,0,3.5453303584642823910527264029,42.633907834081718142872633935,51.69818920144273784841188479,1759224000
22.23,0,0.0830558786986750994076591771,0.0830558786986751,0.0825623366786538,0.0830558786986751,0.0825623366786538,0,0.0000000,0.0000000,0,3.5448337677755436832334893808,42.628157143237068938172666339,51.694625573555693767944622771,1760016000
22.24,0,0.0830537062766641564076591771,0.0830537062766642,0.0825605934971669,0.0830537062766642,0.0825605934971669,0,0.0000000,0.0000000,0,3.5443372825443501593433937504,42.622405950201939121739200858,51.691060793550397063595885481,1760808000
22.25,0,0.0830515354899316494076591771,0.0830515354899316,0.0825588513905502,0.0830515354899316,0.0825588513905502,0,0.0000000,0.0000000,0,3.5438411903865375775781300688,42.616679004115543610182380116,51.687510941200595567364571142,1761599000
22.26,0,0.0830493763196384214076591771,0.0830493763196384,0.0825571203409405,0.0830493763196384,0.0825571203409405,0,0.0000000,0.0000000,0,3.5433452526724853721764116981,42.610934463263069335390018836,51.683948172836672265916351365,1762391000
22.27,0,0.0830472096854088154076591771,0.0830472096854088,0.0825553812689356,0.0830472096854088,0.0825553812689356,0,0.0000000,0.0000000,0,3.5428496169065653548736972801,42.605214028711357335231971081,51.680400450186986742657750607,1763183000
22.28,0,0.0830450437465355114076591771,0.0830450437465355,0.0825536423347997,0.0830450437465355,0.0825536423347997,0,0.0000000,0.0000000,0,3.5423539721604313923043978935,42.599477494329040544425343356,51.67684122840916744379280592,1763975000
22.29,0,0.0830428904042449944076591771,0.083042890404245,0.0825519154407288,0.083042890404245,0.0825519154407288,0,0.0000000,0.0000000,0,3.5418588528062573778728086586,42.593754358400163047071265814,51.67328918156989499126083673,1764766000
22.30,0,0.0830407286946851074076591771,0.0830407286946851,0.0825501796238379,0.0830407286946851,0.0825501796238379,0,0.0000000,0.0000000,0,3.5413638841862106373789224169,42.588048371614507947379366232,51.669747809377595104339027457,1765558000
22.31,0,0.0830385695806935024076591771,0.0830385695806935,0.0825484458479299,0.0830385695806935,0.0825484458479299,0,0.0000000,0.0000000,0,3.5408689031044010909969183287,42.582326275852660241528029797,51.66619491385941964925010982,1766350000
22.32,0,0.0830364220984198444076591771,0.0830364220984199,0.0825467231501176,0.0830364220984199,0.0825467231501176,0,0.0000000,0.0000000,0,3.5403743200389086053612074752,42.576605697913562067132777662,51.662641414999198635113962508,1767142000
22.33,0,0.0830342661312678744076591771,0.0830342661312679,0.0825449914147656,0.0830342661312679,0.0825449914147656,0,0.0000000,0.0000000,0,3.5398799464753169654373644547,42.570906041467190550408226431,51.659100975953789236327352977,1767933000
22.34,0,0.0830321218560039914076591771,0.083032121856004,0.0825432708195994,0.083032121856004,0.0825432708195994,0,0.0000000,0.0000000,0,3.5393855829902886054641026301,42.565189681459251175164780182,51.655548524876984797543201434,1768725000
22.35,0,0.0830299691926179624076591771,0.083029969192618,0.0825415412855656,0.083029969192618,0.0825415412855656,0,0.0000000,0.0000000,0,3.5388916524739773104069966008,42.559500898856753830366687607,51.652013064681476782035495667,1769517000
22.36,0,0.0830278291406075204076591771,0.0830278291406075,0.0825398238131166,0.0830278291406075,0.0825398238131166,0,0.0000000,0.0000000,0,3.5383977293836555412746437684,42.553791122969949272947788493,51.648462665505571254964297244,1770308000
22.37,0,0.0830256906811435224076591771,0.0830256906811435,0.082538107384376,0.0830256906811435,0.082538107384376,0,0.0000000,0.0000000,0,3.5379041751528286238670369709,42.548096688592519841203248943,51.644921085773014705461673904,1771100000
22.38,0,0.0830235438320532764076591771,0.0830235438320533,0.0825363820181216,0.0830235438320533,0.0825363820181216,0,0.0000000,0.0000000,0,3.5374109642422324248185872912,42.542417757071114341469873708,51.641388490521288331693676177,1771892000
22.39,0,0.0830214185928372084076591771,0.0830214185928372,0.0825346777148026,0.0830214185928372,0.0825346777148026,0,0.0000000,0.0000000,0,3.536917644828662755864753368,42.536722645193154843806443916,51.637844498647467553900033182,1772684000
22.40,0,0.0830192758840576024076591771,0.0830192758840576,0.0825329553959278,0.0830192758840576,0.0825329553959278,0,0.0000000,0.0000000,0,3.5364245793030790244743645245,42.531031419417732487564666679,51.634301807365104780316065077,1773475000
22.41,0,0.0830171448448375414076591771,0.0830171448448376,0.0825312442015647,0.0830171448448376,0.0825312442015647,0,0.0000000,0.0000000,0,3.5359316665104596099871816789,42.525356228436412109609238509,51.630768924115251630111446555,1774267000
22.42,0,0.0830150154139982014076591771,0.0830150154139982,0.0825295340714768,0.0830150154139982,0.0825295340714768,0,0.0000000,0.0000000,0,3.5354391424203183790376159122,42.519674185206147841800595778,51.627229676897977046720627523,1775059000
22.43,0,0.0830128875727157934076591771,0.0830128875727158,0.0825278249877809,0.0830128875727158,0.0825278249877809,0,0.0000000,0.0000000,0,3.5349468079135666574256600651,42.514018431520503282481173266,51.623707092477890200046862886,1775851000
22.44,0,0.0830107513571507494076591771,0.0830107513571508,0.0825261069875757,0.0830107513571508,0.0825261069875757,0,0.0000000,0.0000000,0,3.5344546848902283653254932971,42.508339022697664196129294775,51.620167162151393790117419963,1776642000
22.45,0,0.0830086277118254974076591771,0.0830086277118255,0.08252440101632,0.0830086277118255,0.08252440101632,0,0.0000000,0.0000000,0,3.533962511826240234162922131,42.502661501481112413018799176,51.61662791014660951638283139,1777434000
22.46,0,0.0830065056912300124076591771,0.08300650569123,0.082522696129438,0.08300650569123,0.082522696129438,0,0.0000000,0.0000000,0,3.5334706106035353193207302849,42.497007610035361178853453813,51.613103272635956967562158672,1778226000
22.47,0,0.0830043852582162604076591771,0.0830043852582163,0.0825209922907141,0.0830043852582163,0.0825209922907141,0,0.0000000,0.0000000,0,3.5329789952663477846204220002,42.491349094563679680778764194,51.609574002865095096377315216,1779017000
22.48,0,0.0830022674122926434076591771,0.0830022674122926,0.0825192905005869,0.0830022674122926,0.0825192905005869,0,0.0000000,0.0000000,0,3.5324876499069616854447809993,42.485688044895141940825192685,51.606041552551744077904389282,1779809000
22.49,0,0.0830001611712962134076591771,0.0830001611712962,0.0825175997778218,0.0830001611712962,0.0825175997778218,0,0.0000000,0.0000000,0,3.5319963885839147799894978393,42.480040718080695393466080512,51.602517439685859829216562552,1780601000
22.50,0,0.0829980455164093444076591771,0.0829980455164094,0.0825158991045274,0.0829980455164094,0.0825158991045274,0,0.0000000,0.0000000,0,3.5315053085096783672846813225,42.474388212089146579998826327,51.598988559132885451339249422,1781393000
22.51,0,0.0829959324654708364076591771,0.0829959324654708,0.0825142004994668,0.0829959324654708,0.0825142004994668,0,0.0000000,0.0000000,0,3.5310143843531609618786969306,42.468752143512437528296812409,51.595469655959360746928423418,1782184000
22.52,0,0.0829938219215664524076591771,0.0829938219215664,0.0825125038666482,0.0829938219215664,0.0825125038666482,0,0.0000000,0.0000000,0,3.5305236273505408628016534608,42.463103084853856323133241647,51.591940695153395428788193307,1782976000
22.53,0,0.0829917120588028834076591771,0.0829917120588029,0.0825108073810984,0.0829917120588029,0.0825108073810984,0,0.0000000,0.0000000,0,3.5300331251027159634578460372,42.457465795388415535269116801,51.58841826494998642201025055,1783768000
22.54,0,0.0829896047801980884076591771,0.0829896047801981,0.0825091129467538,0.0829896047801981,0.0825091129467538,0,0.0000000,0.0000000,0,3.5295426381835845896472674982,42.45183255250317885182931034,51.584897727506578697822994054,1784560000
22.55,0,0.0829875090852665574076591771,0.0829875090852666,0.0825074295640453,0.0829875090852666,0.0825074295640453,0,0.0000000,0.0000000,0,3.529052578799309499565608405,42.44620176254315351927124291,51.581376923884504699158735357,1785351000
22.56,0,0.0829854049918514214076591771,0.0829854049918514,0.0825057372517304,0.0829854049918514,0.0825057372517304,0,0.0000000,0.0000000,0,3.528562595064962721825768438,42.440561615030139229893338136,51.577848730319180130034812597,1786143000
22.57,0,0.0829833024811411204076591771,0.0829833024811411,0.0825040459919099,0.0829833024811411,0.0825040459919099,0,0.0000000,0.0000000,0,3.5280726748267776089976244779,42.434952497587394360177190997,51.574340610848887962300456277,1786935000
22.58,0,0.0829812025709805034076591771,0.0829812025709805,0.0825023568033391,0.0829812025709805,0.0825023568033391,0,0.0000000,0.0000000,0,3.5275830793378809192768670843,42.42932439957321980870379885,51.570817899123439272235619566,1787726000
22.59,0,0.0829791142242319494076591771,0.082979114224232,0.082500678649789,0.082979114224232,0.082500678649789,0,0.0000000,0.0000000,0,3.5270936567025896545065118977,42.423699505689457225424841878,51.567296052583265605196268249,1788518000
22.60,0,0.0829770164770697954076591771,0.0829770164770698,0.0824989905683405,0.0829770164770698,0.0824989905683405,0,0.0000000,0.0000000,0,3.5266041569522380320478312404,42.418093244185211820630928437,51.563786192178267943785817611,1789310000
22.61,0,0.0829749323290136814076591771,0.0829749323290137,0.0824973155594178,0.0829749323290137,0.0824973155594178,0,0.0000000,0.0000000,0,3.5261151660236364861395384719,42.412483780182346639819781749,51.560271953683151793208152949,1790102000
22.62,0,0.0829728387429285434076591771,0.0829728387429286,0.0824956305867886,0.0829728387429286,0.0824956305867886,0,0.0000000,0.0000000,0,3.525626209257139396121394512,42.406862060788642046157106432,51.55674840810909531520712993,1790893000
22.63,0,0.0829707567549912734076591771,0.0829707567549913,0.0824939566875304,0.0829707567549913,0.0824939566875304,0,0.0000000,0.0000000,0,3.5251374463204406018579264021,42.401269009439648868548624604,51.553242935108976715412875522,1791685000
22.64,0,0.0829686673463962804076591771,0.0829686673463963,0.0824922748437366,0.0829686673463963,0.0824922748437366,0,0.0000000,0.0000000,0,3.5246488156882740235233133021,42.395667978157683061765168699,51.549730786220628720758305496,1792477000
22.65,0,0.0829665895166665964076591771,0.0829665895166666,0.082490604055827,0.0829665895166666,0.082490604055827,0,0.0000000,0.0000000,0,3.5241602391744888517089434927,42.39007431185762549970492847,51.546222580275648716858058145,1793269000
22.66,0,0.0829645132653260984076591771,0.0829645132653261,0.0824889343242206,0.0829645132653261,0.0824889343242206,0,0.0000000,0.0000000,0,3.5236719931004807094019029756,42.384480001594664739975580976,51.542712148765381501966690954,1794060000
22.67,0,0.0829624285918995004076591771,0.0829624285918995,0.0824872556493349,0.0829624285918995,0.0824872556493349,0,0.0000000,0.0000000,0,3.5231839502683513280279982689,42.378888739851687995378183874,51.53920232093059752682194508,1794852000
22.68,0,0.0829603564959123624076591771,0.0829603564959124,0.0824855890315869,0.0829603564959124,0.0824855890315869,0,0.0000000,0.0000000,0,3.5226959228836444390130358948,42.373310831073840266871503306,51.535700575696654075652541615,1795644000
22.69,0,0.0829582849952188524076591771,0.0829582849952189,0.0824839224897199,0.0829582849952189,0.0824839224897199,0,0.0000000,0.0000000,0,3.5222079100174141512795676531,42.367711938757124176998081792,51.532183580267249903896432408,1796436000
22.70,0,0.0829562060526906514076591771,0.0829562060526906,0.082482247987493,0.0829562060526906,0.082482247987493,0,0.0000000,0.0000000,0,3.5217204597346455751093297066,42.362130932183106545002214392,51.528676304198385475842324182,1797227000
22.71,0,0.0829541397045113764076591771,0.0829541397045114,0.0824805855619751,0.0829541397045114,0.0824805855619751,0,0.0000000,0.0000000,0,3.5212328221052093870291761311,42.356564842523176193396030654,51.525178672209346667965586843,1798019000
22.72,0,0.0829520739135543734076591771,0.0829520739135544,0.0824789231769233,0.0829520739135544,0.0824789231769233,0,0.0000000,0.0000000,0,3.5207454962000251564864248513,42.350988786255138256899349435,51.521672472038594752252634256,1798811000
22.73,0,0.0829500097160049224076591771,0.0829500097160049,0.0824772618694045,0.0829500097160049,0.0824772618694045,0,0.0000000,0.0000000,0,3.5202582300734393444896732671,42.345412296411824822678841496,51.518164826165689711421002745,1799602000
22.74,0,0.0829479370747380284076591771,0.082947937074738,0.0824755916031734,0.082947937074738,0.0824755916031734,0,0.0000000,0.0000000,0,3.5197714116913874655872868561,42.339863632751986696568871117,51.51467391026268502567533379,1800394000
22.75,0,0.0829458870259406304076591771,0.0829458870259406,0.082473943415295,0.0829458870259406,0.082473943415295,0,0.0000000,0.0000000,0,3.5192843643569606568308858226,42.33428685757667625352472173,51.511163480987750833376225521,1801186000
22.76,0,0.0829438185324893824076591771,0.0829438185324894,0.082472276269522,0.0829438185324894,0.082472276269522,0,0.0000000,0.0000000,0,3.518797711888614838394649325,42.328737612672477447720468488,51.507669698577797712588543019,1801978000
22.77,0,0.0829417616305728714076591771,0.0829417616305729,0.0824706202029171,0.0829417616305729,0.0824706202029171,0,0.0000000,0.0000000,0,3.5183110285953454712871747644,42.323176513483215625174743824,51.504166910899183786194306855,1802769000
22.78,0,0.0829397163593917484076591771,0.0829397163593918,0.0824689752555533,0.0829397163593918,0.0824689752555533,0,0.0000000,0.0000000,0,3.5178247147711889080783390202,42.317621832623679261993420036,51.500666475769381396057238294,1803561000
22.79,0,0.0829376635840966724076591771,0.0829376635840967,0.0824673222934518,0.0829376635840967,0.0824673222934518,0,0.0000000,0.0000000,0,3.5173383428244224210283668541,42.312081247130662508367141502,51.497174713873861935646453831,1804353000
22.80,0,0.0829356023806126654076591771,0.0829356023806127,0.0824656603934061,0.0829356023806127,0.0824656603934061,0,0.0000000,0.0000000,0,3.5168521241128013894770191867,42.30652679308471038698799364,51.493672070006978339761028739,1805145000
22.81,0,0.0829335517484760364076591771,0.082933551748476,0.0824640085558194,0.082933551748476,0.0824640085558194,0,0.0000000,0.0000000,0,3.5163661087408852476630093774,42.300984792383155686524219182,51.490176282132451060777274908,1805936000
22.82,0,0.0829315136688961314076591771,0.0829315136688961,0.082462368762766,0.0829315136688961,0.082462368762766,0,0.0000000,0.0000000,0,3.5158804336928063213863302689,42.295458024804550391722988237,51.486688870058858605184558609,1806728000
22.83,0,0.0829294671780664384076591771,0.0829294671780664,0.0824607200513024,0.0829294671780664,0.0824607200513024,0,0.0000000,0.0000000,0,3.5153947711639209632168587397,42.289922822154121622932443408,51.483194605194423252610735044,1807520000
22.84,0,0.0829274232388701504076591771,0.0829274232388701,0.082459073385173,0.0829274232388701,0.082459073385173,0,0.0000000,0.0000000,0,3.5149091470998320665588899107,42.284383644474636623188627487,51.479696439834935984852418305,1808312000
22.85,0,0.0829253798691745994076591771,0.0829253798691746,0.0824574267831047,0.0829253798691746,0.0824574267831047,0,0.0000000,0.0000000,0,3.5144235847332889304425325813,42.278861596562218705883481997,51.476208637787239725940181401,1809103000
22.86,0,0.0829233390685201474076591771,0.0829233390685201,0.0824557822454954,0.0829233390685201,0.0824557822454954,0,0.0000000,0.0000000,0,3.5139382831242154750419659157,42.27332986603429105720847092,51.472712458006153711505591335,1809895000
22.87,0,0.0829213088181201844076591771,0.0829213088181202,0.0824541477544142,0.0829213088181202,0.0824541477544142,0,0.0000000,0.0000000,0,3.5134532171945625937614850295,42.267810431795055337810890238,51.469222883555337231585015196,1810687000
22.88,0,0.0829192711358444584076591771,0.0829192711358445,0.082452505328585,0.0829192711358445,0.082452505328585,0,0.0000000,0.0000000,0,3.5129680590872950180268964482,42.262295233733178836869717396,51.465735289115115409964156951,1811478000
22.89,0,0.0829172350212357434076591771,0.0829172350212357,0.0824508639684026,0.0829172350212357,0.0824508639684026,0,0.0000000,0.0000000,0,3.5124831348000422623865656478,42.256775262528237362210912039,51.46224269262072357626650843,1812270000
22.90,0,0.0829152005310328714076591771,0.0829152005310329,0.0824492237314564,0.0829152005310329,0.0824492237314564,0,0.0000000,0.0000000,0,3.5119984929965805991007173924,42.251279150138627351948013888,51.458764401478832185999528346,1813062000
22.91,0,0.0829131785319958774076591771,0.0829131785319959,0.0824475954853547,0.0829131785319959,0.0824475954853547,0,0.0000000,0.0000000,0,3.511513819752200975113414879,42.245762795225426550776679721,51.455271278171396630846715333,1813854000
22.92,0,0.0829111570992590944076591771,0.0829111570992591,0.0824459673060787,0.0829111570992591,0.0824459673060787,0,0.0000000,0.0000000,0,3.511029226466188689454766912,42.240245857505654390270963817,51.451776372896535471239975465,1814645000
22.93,0,0.0829091282140407094076591771,0.0829091282140407,0.0824443311756917,0.0829091282140407,0.0824443311756917,0,0.0000000,0.0000000,0,3.5105448873911190679247663284,42.234762303517971984113054001,51.448302285575816435723985056,1815437000
22.94,0,0.0829071008942152564076591771,0.0829071008942152,0.0824426961129112,0.0829071008942152,0.0824426961129112,0,0.0000000,0.0000000,0,3.513182137661910871517310344,42.229258079235574601460080796,51.462141377807753999900249773,1816229000
22.95,0,0.0829050851210025044076591771,0.0829050851210025,0.0824410720997986,0.0829050851210025,0.0824410720997986,0,0.0000000,0.0000000,0,3.5128232448090348715173103443,42.223752198030368256696113475,51.459349159898331533139009053,1817021000
22.96,0,0.0829030609122785714076591771,0.0829030609122786,0.0824394391550695,0.0829030609122786,0.0824394391550695,0,0.0000000,0.0000000,0,3.5124647095917608715173103435,42.218275838529712183678137129,51.456576584169362522078037414,1817812000
22.97,0,0.0829010483426551394076591771,0.0829010483426551,0.0824378173541734,0.0829010483426551,0.0824378173541734,0,0.0000000,0.0000000,0,3.5121063444144248715173103439,42.212786482362737346701452287,51.453795296228579595753296901,1818604000
22.98,0,0.0828990372431637874076591771,0.0828990372431638,0.0824361965289781,0.0828990372431638,0.0824361965289781,0,0.0000000,0.0000000,0,3.5117482866648398715173103438,42.207293049661708664073960345,51.451010986415579815627870078,1819396000
22.99,0,0.0828970186884832964076591771,0.0828970186884833,0.0824345677549966,0.0828970186884833,0.0824345677549966,0,0.0000000,0.0000000,0,3.5113904356001488715173103434,42.201816231983597740763600765,51.448237955262264013846960315,1820187000
23.00,0,0.0828950016964929224076591771,0.0828950016964929,0.0824329400509408,0.0828950016964929,0.0824329400509408,0,0.0000000,0.0000000,0,3.5110330423744158715173103439,42.196338585127967546324101649,51.445463706746101859299484504,1820979000
23.01,0,0.0828930052484171504076591771,0.0828930052484172,0.082431332398866,0.0828930052484172,0.082431332398866,0,0.0000000,0.0000000,0,3.5106757070418068715173103433,42.190853457720435984781340034,51.442684782314540805483719329,1821771000
23.02,0,0.0828909913621367964076591771,0.0828909913621368,0.0824297068174819,0.0828909913621368,0.0824297068174819,0,0.0000000,0.0000000,0,3.5103189785395118715173103429,42.185399695590780743836516587,51.439926081836337763589984009,1822563000
23.03,0,0.0828889890188779034076591771,0.0828889890188779,0.082428092288842,0.0828889890188779,0.082428092288842,0,0.0000000,0.0000000,0,3.5099622831797058715173103436,42.179922090404653760805202178,51.437151671498914377700974547,1823354000
23.04,0,0.0828869793111291214076591771,0.0828869793111291,0.0824264699062605,0.0828869793111291,0.0824264699062605,0,0.0000000,0.0000000,0,3.5096059962194888715173103437,42.174455736063287777409967355,51.434384363000831072106756301,1824146000
23.05,0,0.0828849900708406364076591771,0.0828849900708406,0.0824248675025114,0.0828849900708406,0.0824248675025114,0,0.0000000,0.0000000,0,3.5092498790101648715173103437,42.168998786611705713313409767,51.431623532247881350468987486,1824938000
23.06,0,0.0828829823722397994076591771,0.0828829823722398,0.0824232461526441,0.0828829823722398,0.0824232461526441,0,0.0000000,0.0000000,0,3.5088941448061168715173103441,42.163536720695822064019837772,51.428858767953520081323758097,1825730000
23.07,0,0.0828809872148835234076591771,0.0828809872148835,0.082421636857036,0.0828809872148835,0.082421636857036,0,0.0000000,0.0000000,0,3.508538792806033871517310343,42.158099273448724364467194033,51.426110234074983589414505164,1826521000
23.08,0,0.0828789936166572674076591771,0.0828789936166573,0.0824200286343911,0.0828789936166573,0.0824200286343911,0,0.0000000,0.0000000,0,3.5081834990499608715173103432,42.152637363907264444800505741,51.423345504776598397259955824,1827313000
23.09,0,0.0828770016330746164076591771,0.0828770016330746,0.0824184215410399,0.0828770016330746,0.0824184215410399,0,0.0000000,0.0000000,0,3.5078285891070808715173103441,42.147187358205857479626635922,51.420588377996426722555253369,1828105000
23.10,0,0.0828750101333923124076591771,0.0828750101333923,0.0824168144470544,0.0828750101333923,0.0824168144470544,0,0.0000000,0.0000000,0,3.5074740608590218715173103435,42.141753021982758004006409493,51.417841410128013988837083435,1828897000
23.11,0,0.0828730211731899774076591771,0.08287302117319,0.0824152094088277,0.08287302117319,0.0824152094088277,0,0.0000000,0.0000000,0,3.5071198041438158715173103433,42.136311021186407863539913289,51.415089071104822214670641927,1829688000
23.12,0,0.0828710347337005804076591771,0.0828710347337006,0.0824136064084046,0.0828710347337006,0.0824136064084046,0,0.0000000,0.0000000,0,3.5067657547301318715173103432,42.130859717905748247041999633,51.412330420656081073948931349,1830480000
23.13,0,0.0828690488694689534076591771,0.082869048869469,0.0824120035011399,0.082869048869469,0.0824120035011399,0,0.0000000,0.0000000,0,3.5064119769500028715173103436,42.125417718791843794310957628,51.409577901766387300321237411,1831272000
23.14,0,0.0828670555990356754076591771,0.0828670555990357,0.0824103927063827,0.0828670555990357,0.0824103927063827,0,0.0000000,0.0000000,0,3.5060584320934178715173103436,42.12000058336332985258719946,51.406842162212364138274412818,1832063000
23.15,0,0.0828650827923042454076591771,0.0828650827923042,0.0824088018948431,0.0828650827923042,0.0824088018948431,0,0.0000000,0.0000000,0,3.5057053822841978715173103442,42.114569390462015033799282068,51.404096123468308936780674569,1832855000
23.16,0,0.0828631025411919534076591771,0.082863102541192,0.0824072031592434,0.082863102541192,0.0824072031592434,0,0.0000000,0.0000000,0,3.5053523911218648715173103441,42.109147648392565589210698475,51.40135687565867961615847264,1833647000
23.17,0,0.0828611238269355524076591771,0.0828611238269356,0.0824056054816238,0.0828611238269356,0.0824056054816238,0,0.0000000,0.0000000,0,3.504999720626150871517310343,42.103721684455427961642166334,51.398614456456934586282617396,1834439000
23.18,0,0.0828591556491003254076591771,0.0828591556491003,0.082404017862351,0.0828591556491003,0.082404017862351,0,0.0000000,0.0000000,0,3.5046476088777128715173103439,42.098306751087348345715799673,51.395878570530101131176739744,1835230000
23.19,0,0.0828571710808947694076591771,0.0828571710808948,0.0824024133754336,0.0828571710808948,0.0824024133754336,0,0.0000000,0.0000000,0,3.5042954434304458715173103434,42.092897103830494867613099291,51.393146947767547687366217828,1836022000
23.20,0,0.0828552069745371584076591771,0.0828552069745372,0.0824008288738882,0.0828552069745372,0.0824008288738882,0,0.0000000,0.0000000,0,3.5039437112922448715173103438,42.08747848453456249389052512,51.390408633045689135924909851,1836814000
23.21,0,0.0828532344033011604076591771,0.0828532344033012,0.0823992354317849,0.0828532344033012,0.0823992354317849,0,0.0000000,0.0000000,0,3.5035922619602398715173103432,42.082063843145111965906041918,51.387672800819075433572415195,1837605000
23.22,0,0.0828512633667550524076591771,0.0828512633667551,0.0823976430494871,0.0828512633667551,0.0823976430494871,0,0.0000000,0.0000000,0,3.503241109619853871517310343,42.0766747851351855592092319,51.384954051702261652320909827,1838397000
23.23,0,0.0828492949378564544076591771,0.0828492949378564,0.0823960528007456,0.0828492949378564,0.0823960528007456,0,0.0000000,0.0000000,0,3.5028903037775858715173103441,42.071272005698106497488531949,51.382225620043598303172713577,1839189000
23.24,0,0.0828473369693346814076591771,0.0828473369693347,0.0823944725390815,0.0828473369693347,0.0823944725390815,0,0.0000000,0.0000000,0,3.5025396802427398715173103439,42.065869481130955115563323431,51.379497412000236490185518485,1839981000
23.25,0,0.0828453715525399564076591771,0.08284537155254,0.0823928843566348,0.08284537155254,0.0823928843566348,0,0.0000000,0.0000000,0,3.5021891908751838715173103435,42.060480713864549633219123186,51.376778702854156672906533433,1840772000
23.26,0,0.0828434176503879784076591771,0.082843417650388,0.0823913072171097,0.082843417650388,0.0823913072171097,0,0.0000000,0.0000000,0,3.5018392606483218715173103431,42.055086109906095610189256341,51.374055086156587109849579769,1841564000
23.27,0,0.0828414543539145514076591771,0.0828414543539146,0.0823897202123286,0.0828414543539146,0.0823897202123286,0,0.0000000,0.0000000,0,3.5014893771092738715173103435,42.049683573054970077386341918,51.37132650515263529565001373,1842356000
23.28,0,0.0828395035163573774076591771,0.0828395035163574,0.0823881451963143,0.0828395035163574,0.0823881451963143,0,0.0000000,0.0000000,0,3.5011400141177578715173103439,42.044318055614545621346228374,51.368622148648747253462393002,1843148000
23.29,0,0.0828375442104889784076591771,0.082837544210489,0.0823865612426228,0.082837544210489,0.0823865612426228,0,0.0000000,0.0000000,0,3.5007908854794748715173103431,42.03892731352597611117732555,51.365900612926076958954936974,1843939000
23.30,0,0.0828355875088310294076591771,0.082835587508831,0.0823849794245574,0.082835587508831,0.0823849794245574,0,0.0000000,0.0000000,0,3.5004419036726398715173103441,42.033541275843233107194867328,51.363182404693579947056861866,1844731000
23.31,0,0.0828336412466730174076591771,0.082833641246673,0.0823834075781878,0.082833641246673,0.0823834075781878,0,0.0000000,0.0000000,0,3.5000931044707078715173103433,42.028172363240068592359346998,51.360475840200852440556804396,1845523000
23.32,0,0.0828316965332564084076591771,0.0828316965332564,0.082381836813534,0.0828316965332564,0.082381836813534,0,0.0000000,0.0000000,0,3.4997448778353948715173103429,42.022807062966316127707799396,51.357770725640249665578668172,1846314000
23.33,0,0.0828297443498298124076591771,0.0828297443498298,0.0823802581126216,0.0828297443498298,0.0823802581126216,0,0.0000000,0.0000000,0,3.499396759464252871517310344,42.017428767297239193212553701,51.355057050827482939750208484,1847106000
23.34,0,0.0828278027503397634076591771,0.0828278027503398,0.0823786895301723,0.0828278027503398,0.0823786895301723,0,0.0000000,0.0000000,0,3.4990488393383208715173103432,42.012063396575791741073160931,51.352352129700202041932014809,1847898000
23.35,0,0.0828258626072351024076591771,0.0828258626072351,0.0823771219394088,0.0828258626072351,0.0823771219394088,0,0.0000000,0.0000000,0,3.4987014151262678715173103431,42.006701987963366120081440619,51.349649096388853336519951949,1848690000
23.36,0,0.0828239149928540434076591771,0.082823914992854,0.0823755464134412,0.082823914992854,0.0823755464134412,0,0.0000000,0.0000000,0,3.4983540124477208715173103441,42.001333266405200802763884588,51.346941581761626721823282615,1849481000
23.37,0,0.0828219789609584324076591771,0.0828219789609584,0.082373982006802,0.0828219789609584,0.082373982006802,0,0.0000000,0.0000000,0,3.4980071437986108715173103429,41.995991557681749623159020409,51.344251458842118039271765128,1850273000
23.38,0,0.0828200444027010184076591771,0.082820044402701,0.0823724186114126,0.082820044402701,0.0823724186114126,0,0.0000000,0.0000000,0,3.4976604224225508715173103439,41.990639265204228322790588091,51.341554302235879282739741233,1851065000
23.39,0,0.0828181013535795264076591771,0.0828181013535795,0.0823708462635382,0.0828181013535795,0.0823708462635382,0,0.0000000,0.0000000,0,3.4973140227152118715173103434,41.985281886562813639177565072,51.338853368286820751890273579,1851857000
23.40,0,0.0828161699038273654076591771,0.0828161699038274,0.0823692850541779,0.0828161699038274,0.0823692850541779,0,0.000000,0.000000,0,3.4969678703138838715173103439,41.979949760113092654035594873,51.336169394681174889262176862,1852648000
23.41,0,0.0828142398899886404076591771,0.0828142398899886,0.0823677248206398,0.0828142398899886,0.0823677248206398,0,0.0000000,0.0000000,0,3.4966219521890958715173103432,41.974592454698306393456005107,51.333468272979727618488143722,1853440000
23.42,0,0.0828123114023601674076591771,0.0828123114023602,0.0823661656539833,0.0828123114023602,0.0823661656539833,0,0.0000000,0.0000000,0,3.4962762177503778715173103442,41.969244379203891067369764589,51.330773433113575479009289089,1854232000
23.43,0,0.0828103745126643004076591771,0.0828103745126643,0.0823645976266916,0.0828103745126643,0.0823645976266916,0,0.0000000,0.0000000,0,3.4959311688743548715173103435,41.963927331216264517177277689,51.328098284347430373472716762,1855024000
23.44,0,0.0828084600761461524076591771,0.0828084600761461,0.0823630515947693,0.0828084600761461,0.0823630515947693,0,0.0000000,0.0000000,0,3.4955859544119538715173103443,41.958579163112539179808426767,51.325403036502442058130014035,1855815000
23.45,0,0.0828065261462634554076591771,0.0828065261462634,0.0823614856124318,0.0828065261462634,0.0823614856124318,0,0.0000000,0.0000000,0,3.4952413237603558715173103434,41.953255124697407306351491545,51.322723079666505300123513763,1856607000
23.46,0,0.0828046048128837574076591771,0.0828046048128838,0.082359931770303,0.0828046048128838,0.082359931770303,0,0.0000000,0.0000000,0,3.4948967919573448715173103437,41.947931308652619974403993622,51.320043529718894596807599036,1857399000
23.47,0,0.0828026839132961864076591771,0.0828026839132962,0.0823583779064266,0.0828026839132962,0.0823583779064266,0,0.0000000,0.0000000,0,3.4945524434368548715173103443,41.942599911649784176616796699,51.317358878868527354487268236,1858190000
23.48,0,0.0828007655374312004076591771,0.0828007655374312,0.0823568261114862,0.0828007655374312,0.0823568261114862,0,0.0000000,0.0000000,0,3.4942084301162268715173103438,41.937289630703375359174352195,51.314688140294318659187365421,1858982000
23.49,0,0.0827988477566466774076591771,0.0827988477566467,0.0823552744575912,0.0827988477566467,0.0823552744575912,0,0.0000000,0.0000000,0,3.493864851387673871517310343,41.931969056087668739996700918,51.312009788890625742718023311,1859774000
23.50,0,0.0827969324086021114076591771,0.0827969324086021,0.0823537247831511,0.0827969324086021,0.0823537247831511,0,0.0000000,0.0000000,0,3.4935213204732818715173103437,41.926642088942242551990243644,51.309327503075686774088832741,1860566000
23.51,0,0.0827950185647180484076591771,0.082795018564718,0.0823521761603348,0.082795018564718,0.0823521761603348,0,0.0000000,0.0000000,0,3.4931781736118168715173103431,41.921331823108426580254263204,51.30665600651445425264631441,1861357000
23.52,0,0.0827931063144989424076591771,0.082793106314499,0.0823506286793938,0.082793106314499,0.0823506286793938,0,0.0000000,0.0000000,0,3.4928355127617738715173103442,41.916036191162777483853490656,51.303993623696598194014486536,1862149000
23.53,0,0.0827911955143010074076591771,0.082791195514301,0.0823490821974295,0.082791195514301,0.0823490821974295,0,0.0000000,0.0000000,0,3.4924927485745158715173103437,41.910722302314865297640005407,51.301319683076701235990846383,1862941000
23.54,0,0.0827892962885004964076591771,0.0827892962885005,0.0823475468395621,0.0827892962885005,0.0823475468395621,0,0.0000000,0.0000000,0,3.4921506705016898715173103433,41.905439436111276889300825991,51.298665403684799149541708007,1863733000
23.55,0,0.0827873884936987874076591771,0.0827873884936988,0.0823460024631353,0.0827873884936988,0.0823460024631353,0,0.0000000,0.0000000,0,3.4918084510175908715173103433,41.900129560574167237820815443,51.295993747397714052788515312,1864524000
23.56,0,0.0827854822193421824076591771,0.0827854822193422,0.082344459158336,0.0827854822193422,0.082344459158336,0,0.0000000,0.0000000,0,3.4914666921093738715173103434,41.894827121022797813472510003,51.293326398864011064988504467,1865316000
23.57,0,0.0827835875363068954076591771,0.0827835875363069,0.0823429269967798,0.0827835875363069,0.0823429269967798,0,0.0000000,0.0000000,0,3.491125194433324871517310344,41.889533612819583556118386354,51.290664904480132879732056238,1866108000
23.58,0,0.0827816752649053274076591771,0.0827816752649053,0.0823413767995166,0.0827816752649053,0.0823413767995166,0,0.0000000,0.0000000,0,3.4907839936258138715173103436,41.884252413566903038405679761,51.288011451456544391061512008,1866899000
23.59,0,0.0827797836022208034076591771,0.0827797836022208,0.0823398467643662,0.0827797836022208,0.0823398467643662,0,0.0000000,0.0000000,0,3.4904431278725998715173103433,41.878966195373281819025958847,51.285354214442033099435101374,1867691000
23.60,0,0.0827778833504815474076591771,0.0827778833504816,0.0823383076942913,0.0827778833504816,0.0823383076942913,0,0.0000000,0.0000000,0,3.4901022722011228715173103432,41.87369048501809652229537946,51.282704570905798580047213885,1868483000
23.61,0,0.0827759946171615314076591771,0.0827759946171615,0.0823367796974992,0.0827759946171615,0.0823367796974992,0,0.0000000,0.0000000,0,3.4897618391597538715173103431,41.868405666454587705767845346,51.280048140374579189228373078,1869275000
23.62,0,0.0827740984545106174076591771,0.0827740984545106,0.0823352438269712,0.0827740984545106,0.0823352438269712,0,0.0000000,0.0000000,0,3.4894219057574738715173103432,41.863128152031178357030015388,51.277395814504846741808114632,1870067000
23.63,0,0.0827722037384323834076591771,0.0827722037384324,0.0823337089593412,0.0827722037384324,0.0823337089593412,0,0.0000000,0.0000000,0,3.4890820181086058715173103437,41.857856319152909766990136264,51.274747718940064228959010873,1870858000
23.64,0,0.0827703195737710504076591771,0.082770319573771,0.082332184200182,0.082770319573771,0.082332184200182,0,0.0000000,0.0000000,0,3.4887424301946138715173103439,41.852592090725443387343865485,51.272104467752541681348003423,1871650000
23.65,0,0.0827684278733277954076591771,0.0827684278733278,0.0823306514630219,0.0827684278733278,0.0823306514630219,0,0.0000000,0.0000000,0,3.4884030394334458715173103434,41.847320870107567761137794674,51.269456466180945853679215203,1872442000
23.66,0,0.0827665367233800454076591771,0.08276653672338,0.0823291188348642,0.08276653672338,0.0823291188348642,0,0.0000000,0.0000000,0,3.4880639971793958715173103442,41.84205292273863872926607305,51.266810246714926589877480837,1873233000
23.67,0,0.0827646580186426294076591771,0.0827646580186426,0.0823275982111476,0.0827646580186426,0.0823275982111476,0,0.0000000,0.0000000,0,3.4877249139578158715173103433,41.836795148252101842843159138,51.264171526036809989162064771,1874025000
23.68,0,0.0827627807928614344076591771,0.0827627807928614,0.082326078626341,0.0827627807928614,0.082326078626341,0,0.0000000,0.0000000,0,3.4873863918638228715173103436,41.831531885180137198096175053,51.261528086459004460386836927,1874817000
23.69,0,0.0827608941528548124076591771,0.0827608941528548,0.0823245491879838,0.0827608941528548,0.0823245491879838,0,0.0000000,0.0000000,0,3.4870482697501028715173103435,41.82628114261645856994992805,51.258892538462951445073137505,1875609000
23.70,0,0.0827590099570430384076591771,0.082759009957043,0.082323021755216,0.082759009957043,0.082323021755216,0,0.0000000,0.0000000,0,3.4867101936504878715173103439,41.821034889734605168688034448,51.256260408413739569110666298,1876400000
23.71,0,0.0827571373094364014076591771,0.0827571373094364,0.0823215054327661,0.0827571373094364,0.0823215054327661,0,0.0000000,0.0000000,0,3.4863726794140598715173103432,41.815792136190344054365646442,51.25362962996786672374887564,1877192000
23.72,0,0.0827552661053506284076591771,0.0827552661053506,0.0823199901166668,0.0827552661053506,0.0823199901166668,0,0.0000000,0.0000000,0,3.486035062606964871517310344,41.810538945689488597294836029,51.250992579819939686632615518,1877984000
23.73,0,0.0827533864668868734076591771,0.0827533864668869,0.0823184659297345,0.0827533864668869,0.0823184659297345,0,0.0000000,0.0000000,0,3.4856978459706958715173103438,41.80530601016460365882208424,51.248368643828727376801617012,1878775000
23.74,0,0.0827515182346168184076591771,0.0827515182346168,0.0823169527132546,0.0827515182346168,0.0823169527132546,0,0.0000000,0.0000000,0,3.4853609754932868715173103429,41.800064389197213121214691203,51.245738403862929215541468168,1879567000
23.75,0,0.0827496515853886324076591771,0.0827496515853886,0.0823154406447879,0.0827496515853886,0.0823154406447879,0,0.0000000,0.0000000,0,3.4850243052817788715173103435,41.794818869196242453893802131,51.243105490468166416568224243,1880359000
23.76,0,0.0827477763783404554076591771,0.0827477763783405,0.0823139195841834,0.0827477763783405,0.0823139195841834,0,0.0000000,0.0000000,0,3.4846878944349688715173103433,41.789603663205119760622142956,51.240492866558384340062202076,1881151000
23.77,0,0.0827459126466874454076591771,0.0827459126466874,0.0823124095653657,0.0827459126466874,0.0823124095653657,0,0.0000000,0.0000000,0,3.4843516451282498715173103431,41.784359111070792156379407255,51.237860473901356356433968033,1881942000
23.78,0,0.0827440504783921454076591771,0.0827440504783922,0.0823109006770054,0.0827440504783922,0.0823109006770054,0,0.0000000,0.0000000,0,3.4840157197663198715173103434,41.779127444309389439739272808,51.235236414148349054283484076,1882734000
23.79,0,0.0827421897329495884076591771,0.0827421897329496,0.0823093927793042,0.0827421897329496,0.0823093927793042,0,0.0000000,0.0000000,0,3.4836802172136338715173103436,41.773920071855788044517274286,51.232628126617847890708278636,1883526000
23.80,0,0.0827403305682919704076591771,0.082740330568292,0.0823078860308994,0.082740330568292,0.0823078860308994,0,0.0000000,0.0000000,0,3.4833448386876628715173103433,41.768701447334296737974531325,51.230012399441784890837176968,1884318000
23.81,0,0.0827384738074959394076591771,0.0827384738074959,0.0823063812555714,0.0827384738074959,0.0823063812555714,0,0.0000000,0.0000000,0,3.4830095961893488715173103431,41.763470762515979807653771344,51.227388654709928321031141375,1885109000
23.82,0,0.0827366076082594534076591771,0.0827366076082594,0.0823048666117204,0.0827366076082594,0.0823048666117204,0,0.0000000,0.0000000,0,3.4826748777995708715173103436,41.758268159685890769501297294,51.224782961531479343868374356,1885901000
23.83,0,0.0827347528488790584076591771,0.0827347528488791,0.0823033629783439,0.0827347528488791,0.0823033629783439,0,0.0000000,0.0000000,0,3.482340495522153871517310344,41.753062260526751967689649593,51.222174626483638701136677336,1886693000
23.84,0,0.0827328996318357314076591771,0.0827328996318357,0.0823018604586222,0.0827328996318357,0.0823018604586222,0,0.0000000,0.0000000,0,3.4820060243014878715173103439,41.747844830575637157429646618,51.219559241929911255738653243,1887485000
23.85,0,0.0827310488356619864076591771,0.082731048835662,0.0823003599317858,0.082731048835662,0.0823003599317858,0,0.0000000,0.0000000,0,3.4816718892777918715173103443,41.742648404290428870087838199,51.216957632135342447893129813,1888276000
23.86,0,0.0827291986175890684076591771,0.0827291986175891,0.0822988595557626,0.0827291986175891,0.0822988595557626,0,0.0000000,0.0000000,0,3.4813382653924968715173103439,41.737446356171336923457536834,51.214351331184369199840844108,1889068000
23.87,0,0.0827273498014015334076591771,0.0827273498014015,0.0822973601550324,0.0827273498014015,0.0822973601550324,0,0.0000000,0.0000000,0,3.481004690922162871517310344,41.732237916641633095956091779,51.211741075706694451508179049,1889860000
23.88,0,0.0827255025440981494076591771,0.0827255025440981,0.0822958618872876,0.0827255025440981,0.0822958618872876,0,0.0000000,0.0000000,0,3.4806714276717718715173103431,41.727058508579900508714350694,51.209150080803184534223386878,1890651000
23.89,0,0.0827236577063538004076591771,0.0827236577063538,0.0822943656138954,0.0827236577063538,0.0822943656138954,0,0.0000000,0.0000000,0,3.4803383756505508715173103439,41.721854847192900349617650296,51.2065426238927110075927382,1891443000
23.90,0,0.0827218134266075814076591771,0.0827218134266076,0.082292869473986,0.0827218134266076,0.082292869473986,0,0.0000000,0.0000000,0,3.4800056983375118715173103429,41.716662800933423852486932928,51.203942487536036728448659842,1892235000
23.91,0,0.0827199715474407894076591771,0.0827199715474408,0.08229137531083,0.0827199715474408,0.08229137531083,0,0.0000000,0.0000000,0,3.4796733940614118715173103431,41.711496328556665614732976087,51.201359101892384666488771702,1893027000
23.92,0,0.0827181302437167534076591771,0.0827181302437168,0.082289881299979,0.0827181302437168,0.082289881299979,0,0.0000000,0.0000000,0,3.4793411525747888715173103433,41.706305791243709586958481902,51.198759785768036796963152791,1893818000
23.93,0,0.0827162904090730554076591771,0.0827162904090731,0.0822883883357574,0.0827162904090731,0.0822883883357574,0,0.000000,0.000000,0,3.479009021932781871517310343,41.701120156116722156209222909,51.196163972646728543265571611,1894610000
23.94,0,0.0827144629923631114076591771,0.0827144629923631,0.0822869073677038,0.0827144629923631,0.0822869073677038,0,0.0000000,0.0000000,0,3.478677502714504871517310344,41.695958490868833855364899298,51.193583171626420587957667285,1895402000
23.95,0,0.0827126261314488194076591771,0.0827126261314488,0.082285416534364,0.0827126261314488,0.082285416534364,0,0.0000000,0.0000000,0,3.4783459332835898715173103434,41.690768533818973056722311548,51.190983895079799453236626242,1896194000
23.96,0,0.0827107916878221264076591771,0.0827107916878221,0.0822839276979128,0.0827107916878221,0.0822839276979128,0,0.0000000,0.0000000,0,3.4780148753540298715173103437,41.685600114919575730045051774,51.188398258358640722083744324,1896985000
23.97,0,0.0827089577807872814076591771,0.0827089577807873,0.0822824389783353,0.0827089577807873,0.0822824389783353,0,0.0000000,0.0000000,0,3.477683967299234871517310344,41.680444062155739502013141095,51.185821053454997992183278983,1897777000
23.98,0,0.0827071352903961374076591771,0.0827071352903961,0.0822809612563634,0.0827071352903961,0.0822809612563634,0,0.0000000,0.0000000,0,3.4773531193912178715173103438,41.6752686858331997492616679,51.183231128060553348874096017,1898569000
23.99,0,0.0827053053540514204076591771,0.0827053053540514,0.0822794756700782,0.0827053053540514,0.0822794756700782,0,0.0000000,0.0000000,0,3.4770227597407928715173103441,41.670100237204189442007498855,51.180645036395284648768727373,1899360000
24.00,0,0.0827034758337087494076591771,0.0827034758337088,0.0822779900821122,0.0827034758337088,0.0822779900821122,0,0.0000000,0.0000000,0,3.4766927734417018715173103442,41.664966296437200541814145065,51.178081710728944615715925167,1900152000
24.01,0,0.0827016588482143494076591771,0.0827016588482144,0.0822765166119876,0.0827016588482144,0.0822765166119876,0,0.0000000,0.0000000,0,3.4763627503189308715173103436,41.659795614327113539833229453,51.175494170325045536200393448,1900944000
24.02,0,0.0826998323467149194076591771,0.0826998323467149,0.0822750332095252,0.0826998323467149,0.0822750332095252,0,0.0000000,0.0000000,0,3.4760331384054318715173103442,41.654641141437540189944729536,51.172916936535783676695217858,1901736000
24.03,0,0.0826980082602592764076591771,0.0826980082602593,0.0822735518064468,0.0826980082602593,0.0822735518064468,0,0.0000000,0.0000000,0,3.4757038382579298715173103438,41.649508282713893207599111198,51.170353927636029821773660566,1902527000
24.04,0,0.0826961947073516294076591771,0.0826961947073516,0.0822720805219284,0.0826961947073516,0.0822720805219284,0,0.0000000,0.0000000,0,3.4753746882839248715173103432,41.644354699805313209213076276,51.167777005535915745136616022,1903319000
24.05,0,0.0826943735688516864076591771,0.0826943735688517,0.0822706012374996,0.0826943735688517,0.0822706012374996,0,0.0000000,0.0000000,0,3.4750459501530958715173103432,41.639209973628950730914392103,51.165205420542802912419449951,1904111000
24.06,0,0.0826925529813641304076591771,0.0826925529813641,0.0822691220904343,0.0826925529813641,0.0822691220904343,0,0.0000000,0.0000000,0,3.4747173239587918715173103443,41.634061232206300104863275571,51.162631305456130694595559006,1904903000
24.07,0,0.0826907437893226284076591771,0.0826907437893226,0.0822676539258335,0.0826907437893226,0.0822676539258335,0,0.0000000,0.0000000,0,3.474388934872123871517310343,41.628938623130257798511902702,51.160074663714416195938284136,1905694000
24.08,0,0.0826889271474329034076591771,0.0826889271474329,0.0822661778990693,0.0826889271474329,0.0822661778990693,0,0.0000000,0.0000000,0,3.4740607709358498715173103436,41.623790780183188474571286997,51.157500859612741442129795661,1906486000
24.09,0,0.0826871209685909414076591771,0.082687120968591,0.0822647119237023,0.082687120968591,0.0822647119237023,0,0.0000000,0.0000000,0,3.4737329316229478715173103438,41.618655874124093184867540454,51.154935381001728113844756647,1907278000
24.10,0,0.0826853162025761614076591771,0.0826853162025762,0.0822632469501756,0.0826853162025762,0.0822632469501756,0,0.0000000,0.0000000,0,3.4734053043394758715173103429,41.613538792389552574867197321,51.152381833152696128109523214,1908070000
24.11,0,0.0826835039854274674076591771,0.0826835039854275,0.0822617741151902,0.0826835039854275,0.0822617741151902,0,0.0000000,0.0000000,0,3.4730780275269028715173103438,41.608408567327798555659474497,51.149818937294193939231304157,1908861000
24.12,0,0.0826816921621497974076591771,0.0826816921621498,0.0822603012644119,0.0826816921621498,0.0822603012644119,0,0.0000000,0.0000000,0,3.4727511113446218715173103441,41.603295866699758842617795659,51.147267358803925756136451835,1909653000
24.13,0,0.0826798928685567194076591771,0.0826798928685567,0.0822588405343138,0.0826798928685567,0.0822588405343138,0,0.0000000,0.0000000,0,3.4724242457134998715173103434,41.59818273982321677251847775,51.144715835979922041326089124,1910445000
24.14,0,0.0826780940544867644076591771,0.0826780940544868,0.0822573798753925,0.0826780940544868,0.0822573798753925,0,0.0000000,0.0000000,0,3.472097669519204871517310343,41.593063081135020205265263303,51.14215959251271406378265725,1911236000
24.15,0,0.0826762866516771494076591771,0.0826762866516772,0.0822559102200422,0.0826762866516772,0.0822559102200422,0,0.0000000,0.0000000,0,3.4717713025756218715173103441,41.587938965989054912405344624,51.139600249033050085531270817,1912028000
24.16,0,0.0826744917772767244076591771,0.0826744917772767,0.0822544526860672,0.0826744917772767,0.0822544526860672,0,0.0000000,0.0000000,0,3.4714453377949548715173103441,41.582843952015382470153640022,51.137059913349966748066787108,1912820000
24.17,0,0.0826726973629675724076591771,0.0826726973629676,0.0822529952058039,0.0826726973629676,0.0822529952058039,0,0.0000000,0.0000000,0,3.471119497957817871517310343,41.577728908828432220200340072,51.134506201872860504636512521,1913612000
24.18,0,0.0826708943589851714076591771,0.0826708943589852,0.0822515287301406,0.0826708943589852,0.0822515287301406,0,0.0000000,0.0000000,0,3.4707940320892748715173103434,41.572631887116493355131723919,51.131964097965683784199273452,1914403000
24.19,0,0.0826691028821426784076591771,0.0826691028821427,0.0822500733765421,0.0826691028821427,0.0822500733765421,0,0.0000000,0.0000000,0,3.4704686170245208715173103429,41.567534407213568317376360083,51.129422024226045278040686358,1915195000
24.20,0,0.0826673128150072164076591771,0.0826673128150072,0.0822486190282258,0.0826673128150072,0.0822486190282258,0,0.0000000,0.0000000,0,3.4701436759923828715173103434,41.562433317675500147632399429,51.126876688512069808698794904,1915987000
24.21,0,0.0826655252741688314076591771,0.0826655252741688,0.0822471668024306,0.0826655252741688,0.0822471668024306,0,0.0000000,0.0000000,0,3.4698187242145568715173103429,41.55732926512328342114026164,51.124329862635153006749877382,1916778000
24.22,0,0.0826637281915937334076591771,0.0826637281915937,0.0822457046317706,0.0826637281915937,0.0822457046317706,0,0.0000000,0.0000000,0,3.4694941592034538715173103436,41.552233178383693988592129909,51.121787821478447391012122795,1917570000
24.23,0,0.0826619525178001284076591771,0.0826619525178001,0.0822442634674102,0.0826619525178001,0.0822442634674102,0,0.0000000,0.0000000,0,3.4691700067007688715173103436,41.547162442702418580568337426,51.11926221708687603495502367,1918362000
24.24,0,0.0826601583690444424076591771,0.0826601583690444,0.082242803426251,0.0826601583690444,0.082242803426251,0,0.0000000,0.0000000,0,3.4688460183438778715173103435,41.542071561782809962235828897,51.116723049713965601627967856,1919154000
24.25,0,0.0826583756957902834076591771,0.0826583756957903,0.0822413544594004,0.0826583756957903,0.0822413544594004,0,0.0000000,0.0000000,0,3.4685222037265858715173103441,41.536997040174652927157753179,51.114194911238266237987204493,1919945000
24.26,0,0.0826565944120690924076591771,0.0826565944120691,0.0822399064815323,0.0826565944120691,0.0822399064815323,0,0.0000000,0.0000000,0,3.4681987532451008715173103438,41.531920480007276736220322499,51.111664867811012544461996641,1920737000
24.27,0,0.0826548146521326844076591771,0.0826548146521327,0.0822384596275398,0.0826548146521327,0.0822384596275398,0,0.0000000,0.0000000,0,3.4678751639932358715173103438,41.526823076206011699656316979,51.109121628195400955615873023,1921529000
24.28,0,0.0826530363482858804076591771,0.0826530363482859,0.0822370138303675,0.0826530363482859,0.0822370138303675,0,0.0000000,0.0000000,0,3.4675520647648708715173103431,41.521743225109382882986923907,51.10658934587193149553738731,1922321000
24.29,0,0.0826512594513838314076591771,0.0826512594513838,0.0822355690415094,0.0826512594513838,0.0822355690415094,0,0.0000000,0.0000000,0,3.4672293136052828715173103435,41.51668792661430169353234152,51.104073129980646335671516192,1923112000
24.30,0,0.0826494840770194194076591771,0.0826494840770194,0.0822341253771957,0.0826494840770194,0.0822341253771957,0,0.0000000,0.0000000,0,3.4669069268361608715173103443,41.511620087913480435756926469,51.101547924288018338458087293,1923904000
24.31,0,0.0826477101576658204076591771,0.0826477101576658,0.0822326827705356,0.0826477101576658,0.0822326827705356,0,0.0000000,0.0000000,0,3.466584778686141871517310343,41.50655297424088631991892664,51.099023020019900327159703411,1924696000
24.32,0,0.0826459376260179374076591771,0.0826459376260179,0.0822312411548589,0.0826459376260179,0.0822312411548589,0,0.0000000,0.0000000,0,3.4662625302410988715173103441,41.501500728195158879378283145,51.096508888762136446461502627,1925487000
24.33,0,0.0826441666339942744076591771,0.0826441666339943,0.0822298006827177,0.0826441666339943,0.0822298006827177,0,0.0000000,0.0000000,0,3.465940807907006871517310343,41.496434752672324156286753395,51.093984517456076003937334067,1926279000
24.34,0,0.0826423970775801814076591771,0.0826423970775802,0.0822283612507295,0.0826423970775802,0.0822283612507295,0,0.0000000,0.0000000,0,3.4656191111735618715173103436,41.491370399855201895396250674,51.091461640951989049645198243,1927071000
24.35,0,0.0826406279262930174076591771,0.082640627926293,0.0822269218290429,0.082640627926293,0.0822269218290429,0,0.0000000,0.0000000,0,3.465297975838772871517310343,41.486338653198536861592706871,51.088959658758221887387033327,1927863000
24.36,0,0.0826388712950670184076591771,0.082638871295067,0.0822254945332217,0.082638871295067,0.0822254945332217,0,0.0000000,0.0000000,0,3.4649768051381888715173103442,41.481279235833585938208981853,51.086439592964916680844148076,1928654000
24.37,0,0.0826371051350379644076591771,0.082637105135038,0.0822240573150304,0.082637105135038,0.0822240573150304,0,0.0000000,0.0000000,0,3.4646559732859118715173103438,41.476224341003702217033262327,51.083922106449800957877690202,1929446000
24.38,0,0.0826353414091954354076591771,0.0826353414091954,0.0822226221380857,0.0826353414091954,0.0822226221380857,0,0.0000000,0.0000000,0,3.4643355287659968715173103432,41.471193831106399748446260919,51.081420449845866052160676559,1930238000
24.39,0,0.0826335790872783664076591771,0.0826335790872784,0.0822211879727527,0.0826335790872784,0.0822211879727527,0,0.0000000,0.0000000,0,3.4640150973305198715173103431,41.466149682282222477641620513,51.078910033156196616965432785,1931030000
24.40,0,0.0826318272654568124076591771,0.0826318272654568,0.0822197639158261,0.0826318272654568,0.0822197639158261,0,0.0000000,0.0000000,0,3.463695017560132871517310343,41.461099986954967407532016908,51.076395371261187120394104466,1931821000
24.41,0,0.0826300679134161614076591771,0.0826300679134162,0.0822183319376149,0.0826300679134162,0.0822183319376149,0,0.0000000,0.0000000,0,3.4633752767923908715173103436,41.456063784071672831007197214,51.073889328635886298703016875,1932613000
24.42,0,0.0826283089460774814076591771,0.0826283089460775,0.0822168999536624,0.0826283089460775,0.0822168999536624,0,0.0000000,0.0000000,0,3.4630555976538728715173103443,41.451041203641999309817358838,51.071392761334735337178389764,1933405000
24.43,0,0.0826265524959404774076591771,0.0826265524959405,0.0822154700970893,0.0826265524959405,0.0822154700970893,0,0.0000000,0.0000000,0,3.4627364318634938715173103429,41.446013450264617306931344532,51.068891748282342402181196381,1934197000
24.44,0,0.0826247964962006424076591771,0.0826247964962006,0.0822140403017111,0.0826247964962006,0.0822140403017111,0,0.0000000,0.0000000,0,3.4624174567579638715173103441,41.440999297756113426895564134,51.066399834915422375674446815,1934988000
24.45,0,0.0826230519281793904076591771,0.0826230519281794,0.0822126215494676,0.0826230519281794,0.0822126215494676,0,0.0000000,0.0000000,0,3.4620983176542818715173103437,41.435966480556802892216618264,51.06389626710592375850883863,1935780000
24.46,0,0.0826212987620007714076591771,0.0826212987620008,0.0822111938111004,0.0826212987620008,0.0822111938111004,0,0.0000000,0.0000000,0,3.4617798434606368715173103431,41.430941585021765025245322208,51.061396652856422154225184735,1936572000
24.47,0,0.0826195581114040464076591771,0.082619558111404,0.0822097782009646,0.082619558111404,0.0822097782009646,0,0.0000000,0.0000000,0,3.4614612696332128715173103432,41.425913568331291728614536713,51.058895677879093144167437816,1937363000
24.48,0,0.0826178079098046254076591771,0.0826178079098046,0.0822083526530909,0.0826178079098046,0.0822083526530909,0,0.0000000,0.0000000,0,3.461143448203024871517310343,41.420922113709713433722057759,51.056417703780430579665323039,1938155000
24.49,0,0.0826160590908350394076591771,0.082616059090835,0.0822069281017252,0.082616059090835,0.0822069281017252,0,0.0000000,0.0000000,0,3.4608253886255488715173103442,41.415900191546072808915097571,51.053920330783616442805425612,1938947000
24.50,0,0.0826143217862392074076591771,0.0826143217862392,0.082205514679224,0.0826143217862392,0.082205514679224,0,0.0000000,0.0000000,0,3.4605077811123388715173103432,41.410885503484766912117665229,51.051427035330445297032058713,1939739000
24.51,0,0.0826125759295967634076591771,0.0826125759295968,0.0822040923197783,0.0826125759295968,0.0822040923197783,0,0.0000000,0.0000000,0,3.4601904745143178715173103437,41.405891857346369168431730598,51.048947537287662596083718798,1940530000
24.52,0,0.0826108415205608944076591771,0.0826108415205609,0.0822026810236511,0.0826108415205609,0.0822026810236511,0,0.0000000,0.0000000,0,3.459873207327673871517310343,41.40087503284379378044756876,51.046452779030801893469802365,1941322000
24.53,0,0.0826090974929818974076591771,0.0826090974929819,0.0822012597253018,0.0826090974929819,0.0822012597253018,0,0.0000000,0.0000000,0,3.4595563405878128715173103438,41.395875685385017483805232081,51.043969137497660177870714865,1942114000
24.54,0,0.0826073659598469354076591771,0.0826073659598469,0.0821998505383249,0.0826073659598469,0.0821998505383249,0,0.0000000,0.0000000,0,3.4592396007362868715173103429,41.39088912614380033334854926,51.041494215423190342417678207,1942906000
24.55,0,0.0826056258916092154076591771,0.0826056258916092,0.0821984324337803,0.0826056258916092,0.0821984324337803,0,0.0000000,0.0000000,0,3.4589233004093198715173103434,41.385894625865011248018562644,51.039013178848070058545450954,1943697000
24.56,0,0.0826038962512686294076591771,0.0826038962512686,0.0821970243752729,0.0826038962512686,0.0821970243752729,0,0.0000000,0.0000000,0,3.4586070880360528715173103443,41.380896764635245253082238196,51.036530093131005579704817489,1944489000
24.57,0,0.0826021690751367414076591771,0.0826021690751368,0.0821956183997185,0.0826021690751368,0.0821956183997185,0,0.0000000,0.0000000,0,3.4582912021276628715173103433,41.375902984829520822463042298,51.034049303941877567652676963,1945281000
24.58,0,0.0826004322606789884076591771,0.082600432260679,0.0821942024051852,0.082600432260679,0.0821942024051852,0,0.0000000,0.0000000,0,3.4579755914900848715173103435,41.37093086677754526797511671,51.031582790957582093135195203,1946073000
24.59,0,0.0825987079570048064076591771,0.0825987079570048,0.0821927985413842,0.0825987079570048,0.0821927985413842,0,0.0000000,0.0000000,0,3.4576602464044258715173103437,41.365951549647417107625786826,51.029111145907046892725408999,1946864000
24.60,0,0.0825969840981828634076591771,0.0825969840981829,0.0821913947429845,0.0825969840981829,0.0821913947429845,0,0.0000000,0.0000000,0,3.457344827896495871517310344,41.360952114184926709128774671,51.026626617932269282042329012,1947656000
24.61,0,0.0825952516655436264076591771,0.0825952516655436,0.082189981991916,0.0825952516655436,0.082189981991916,0,0.0000000,0.0000000,0,3.4570299106462718715173103439,41.355990281977464493634879924,51.024166464113393941592561813,1948448000
24.62,0,0.0825935216300790024076591771,0.082593521630079,0.0821885712597685,0.082593521630079,0.0821885712597685,0,0.0000000,0.0000000,0,3.4567150687916478715173103442,41.351009933894329576792452225,51.02169408957790195357517569,1949240000
24.63,0,0.0825918120854908034076591771,0.0825918120854908,0.0821871806408409,0.0825918120854908,0.0821871806408409,0,0.0000000,0.0000000,0,3.4564005795116248715173103436,41.346033041952595693411612982,51.019223511922120784447285495,1950031000
24.64,0,0.0825900839843910874076591771,0.0825900839843911,0.0821857710883408,0.0825900839843911,0.0821857710883408,0,0.0000000,0.0000000,0,3.4560864300883918715173103434,41.34107698873704772992118649,51.016766467129491064718682161,1950823000
24.65,0,0.0825883673264403154076591771,0.0825883673264403,0.0821843726025234,0.0825883673264403,0.0821843726025234,0,0.0000000,0.0000000,0,3.4557723689239318715173103435,41.336110282060913173879624232,51.014302458134691408984932018,1951615000
24.66,0,0.0825866520929717264076591771,0.0825866520929717,0.0821829751653152,0.0825866520929717,0.0821829751653152,0,0.0000000,0.0000000,0,3.4554587476891608715173103443,41.331143004894107765649560482,51.011837287571671123142337562,1952406000
24.67,0,0.0825849382369171634076591771,0.0825849382369172,0.0821815787302403,0.0825849382369172,0.0821815787302403,0,0.0000000,0.0000000,0,3.4551452020085998715173103433,41.326198707836358317996040961,51.009387827184572299888305623,1953198000
24.68,0,0.0825832148881065264076591771,0.0825832148881065,0.0821801724277197,0.0825832148881065,0.0821801724277197,0,0.0000000,0.0000000,0,3.4548317705861548715173103438,41.32123416641120001767339901,51.006924873625103889466317492,1953990000
24.69,0,0.0825815139810921224076591771,0.0825815139810921,0.0821787881928954,0.0825815139810921,0.0821787881928954,0,0.0000000,0.0000000,0,3.4545188791995918715173103431,41.316281846498765255412192736,51.004469084936816473499518349,1954782000
24.70,0,0.0825797944972093854076591771,0.0825797944972094,0.0821773850076918,0.0825797944972094,0.0821773850076918,0,0.0000000,0.0000000,0,3.4542058278882738715173103435,41.311315031999221588024906272,51.002004442319621981098960886,1955573000
24.71,0,0.0825780854544498464076591771,0.0825780854544498,0.0821759918906879,0.0825780854544498,0.0821759918906879,0,0.0000000,0.0000000,0,3.453893265036135871517310344,41.306376360707620586802609059,50.99955782203246272503878925,1956365000
24.72,0,0.0825763788524778044076591771,0.0825763788524778,0.0821746008421343,0.0825763788524778,0.0821746008421343,0,0.0000000,0.0000000,0,3.4535810038064528715173103437,41.301426223623529875845339343,50.997103090226464284872658248,1957157000
24.73,0,0.0825746726078886504076591771,0.0825746726078886,0.0821732097792118,0.0825746726078886,0.0821732097792118,0,0.0000000,0.0000000,0,3.4532688437066278715173103431,41.296482168455700761097371402,50.994652618299319146910144314,1957948000
24.74,0,0.0825729678682113144076591771,0.0825729678682113,0.0821718198500334,0.0825729678682113,0.0821718198500334,0,0.0000000,0.0000000,0,3.4529570243448218715173103438,41.291558947923987340861697783,50.992215659245679267636385081,1958740000
24.75,0,0.0825712645499897944076591771,0.0825712645499898,0.082170430971726,0.0825712645499898,0.082170430971726,0,0.0000000,0.0000000,0,3.4526455321037878715173103435,41.286623624548046507435349407,50.989770086508641325893246274,1959532000
24.76,0,0.0825695626712183374076591771,0.0825695626712183,0.0821690431628656,0.0825695626712183,0.0821690431628656,0,0.0000000,0.0000000,0,3.4523339284854538715173103436,41.281677305738029580340766484,50.987317878178739426629990675,1960324000
24.77,0,0.0825678622315639524076591771,0.082567862231564,0.0821676564237001,0.082567862231564,0.0821676564237001,0,0.0000000,0.0000000,0,3.4520230651931998715173103438,41.276767083383280353589898075,50.984888323604068652428573338,1961115000
24.78,0,0.0825661632123664074076591771,0.0825661632123664,0.0821662707361486,0.0825661632123664,0.0821662707361486,0,0.0000000,0.0000000,0,3.4517121037229278715173103441,41.271830143346177467300233532,50.98244151732332662148368039,1961907000
24.79,0,0.0825644655671934114076591771,0.0825644655671934,0.0821648860543573,0.0825644655671934,0.0821648860543573,0,0.0000000,0.0000000,0,3.4514013181724288715173103432,41.266894798216029936042548367,50.979995737619565719617828805,1962699000
24.80,0,0.0825627694246219234076591771,0.0825627694246219,0.0821635025074804,0.0825627694246219,0.0821635025074804,0,0.0000000,0.0000000,0,3.4510908858507438715173103433,41.261988102246744350247411533,50.977568684362447745503960098,1963491000
24.81,0,0.0825610737015130744076591771,0.0825610737015131,0.0821621190129552,0.0825610737015131,0.0821621190129552,0,0.0000000,0.0000000,0,3.4507805939996608715173103436,41.257062174431968922835754765,50.975128744832042069040849227,1964282000
24.82,0,0.0825593803975365524076591771,0.0825593803975366,0.0821607375710263,0.0825593803975366,0.0821607375710263,0,0.0000000,0.0000000,0,3.4504706041031828715173103437,41.252141032859961428355178995,50.972691621216252648425167613,1965074000
24.83,0,0.0825576875306903594076591771,0.0825576875306904,0.0821593562002657,0.0825576875306904,0.0821593562002657,0,0.0000000,0.0000000,0,3.4501608030586478715173103442,41.247220367963778272822800347,50.970254732378002910701591775,1965866000
24.84,0,0.0825560070823174714076591771,0.0825560070823175,0.082157986882589,0.0825560070823175,0.082157986882589,0,0.0000000,0.0000000,0,3.4498513040290058715173103432,41.242320666643945627087598403,50.967831538083949848628619296,1966658000
24.85,0,0.0825543070704169514076591771,0.082554307070417,0.0821565976365671,0.082554307070417,0.0821565976365671,0,0.0000000,0.0000000,0,3.4495421456082298715173103434,41.237418383608272378603702768,50.9654060912813154732289973,1967449000
24.86,0,0.0825526284305953664076591771,0.0825526284305954,0.0821552293983768,0.0825526284305954,0.0821552293983768,0,0.0000000,0.0000000,0,3.4492330887536958715173103438,41.232504246648816101982168895,50.962972829837852106785187549,1968241000
24.87,0,0.0825509412723793704076591771,0.0825509412723794,0.0821538522781144,0.0825509412723794,0.0821538522781144,0,0.0000000,0.0000000,0,3.4489242213928388715173103439,41.227599584261474307275113167,50.960545849916012249514851447,1969033000
24.88,0,0.0825492555313249344076591771,0.0825492555313249,0.082152476211904,0.0825492555313249,0.082152476211904,0,0.0000000,0.0000000,0,3.4486156333184618715173103437,41.222702727168878298263502662,50.958123774223555020873979299,1969824000
24.89,0,0.0825475812254332304076591771,0.0825475812254332,0.0821511112183141,0.0825475812254332,0.0821511112183141,0,0.0000000,0.0000000,0,3.4483071088514318715173103442,41.217795994654719416589968908,50.955695321191765072939514715,1970616000
24.90,0,0.0825458983360504084076591771,0.0825458983360504,0.0821497372792568,0.0825458983360504,0.0821497372792568,0,0.0000000,0.0000000,0,3.4479990120372568715173103434,41.212897237071460817072360121,50.95327146602331894658192548,1971408000
24.91,0,0.0825442158811786914076591771,0.0825442158811787,0.0821483634132993,0.0825442158811787,0.0821483634132993,0,0.0000000,0.0000000,0,3.4476912174660738715173103438,41.208019427594473528759258981,50.950861284238730207022783383,1972200000
24.92,0,0.0825425458421652744076591771,0.0825425458421653,0.0821470016023527,0.0825425458421653,0.0821470016023527,0,0.0000000,0.0000000,0,3.4473836637522398715173103432,41.203135249749303141271088565,50.948446580418166109355178842,1972991000
24.93,0,0.0825408662186856514076591771,0.0825408662186856,0.0821456298466553,0.0825408662186856,0.0821456298466553,0,0.0000000,0.0000000,0,3.4470762992144438715173103437,41.198242585945010003116237972,50.946026076974998891489073167,1973783000
24.94,0,0.0825391889650893734076591771,0.0825391889650894,0.0821442601011182,0.0825391889650894,0.0821442601011182,0,0.0000000,0.0000000,0,3.4467688110481338715173103443,41.193365139490347609437752918,50.943616594724099921267988111,1974575000
24.95,0,0.0825375121900847764076591771,0.0825375121900848,0.0821428904750104,0.0825375121900848,0.0821428904750104,0,0.0000000,0.0000000,0,3.4464619898086448715173103433,41.188487064113613156323695524,50.941205242791633218525379051,1975367000
24.96,0,0.0825358468296435164076591771,0.0825358468296435,0.082141531904863,0.0825358468296435,0.082141531904863,0,0.0000000,0.0000000,0,3.4461552709735958715173103439,41.183606132822603047794178217,50.938792120364561049219987757,1976158000
24.97,0,0.0825341729017709434076591771,0.082534172901771,0.0821401644092398,0.082534172901771,0.0821401644092398,0,0.0000000,0.0000000,0,3.445848654572925871517310343,41.178738461266535026912347416,50.936388060503220749451956952,1976950000
24.98,0,0.0825325103878173684076591771,0.0825325103878174,0.0821388079700483,0.0825325103878174,0.0821388079700483,0,0.0000000,0.0000000,0,3.4455426661056498715173103439,41.173870340729012524530935749,50.93398235858278359865836097,1977742000
24.99,0,0.0825308492874614004076591771,0.0825308492874614,0.0821374525875234,0.0825308492874614,0.0821374525875234,0,0.0000000,0.0000000,0,3.4452364801383218715173103431,41.168996829433089663161732365,50.931574030307075276376125717,1978534000
25.00,0,0.0825291786187099344076591771,0.0825291786187099,0.0821360872802272,0.0825291786187099,0.0821360872802272,0,0.0000000,0.0000000,0,3.444930696700772871517310343,41.164123000651101530022227164,50.929164785838176360608423445,1979325000
0.01,2,0.4226325025104010080522846307,0.428268495408994,0.418160047630907,0.423147886001882,0.413033276677082,0.139601988895309,0.1541105223390061188830962210,0.1541105223390061188830962210,0,4.41494125429082,79.05843994424720251340808999,79.05843994424720251340808999,791730.1
0.02,2,0.3723245594925797723765729229,0.377929887471321,0.367821439693234,0.37277859445273,0.36266398512793,0.141359851819636,0.1541105223390061188830962210,0.1541105223390061188830962210,0,4.41494125429082,79.05843994424720251340808999,79.05843994424720251340808999,1583460
0.03,2,0.3470196649988802014516545032,0.35260956852345,0.342501120745364,0.3474428416488,0.337328232324001,0.142244056841072,0.1541105223390061188830962210,0.1541105223390061188830962210,0,4.41494125429082,79.05843994424720251340808999,79.05843994424720251340808999,2375190
0.04,2,0.3306388148039728587773391635,0.336218733474697,0.32611028569661,0.33104201565999,0.32092740633519,0.142816437413587,0.1541105223390061188830962210,0.1541105223390061188830962210,0,4.41494125429082,79.05843994424720251340808999,79.05843994424720251340808999,3166920
0.05,2,0.3187466626899407529299213915,0.324319332567142,0.314210884789056,0.319135361540453,0.309020752215654,0.14323197364977,0.1541105223390061188830962210,0.1541105223390061188830962210,0,4.41494125429082,79.05843994424720251340808999,79.05843994424720251340808999,3958650
0.06,2,0.3095211605000894564277982736,0.315088207025028,0.304979759246941,0.309898609218393,0.299783999893593,0.143554331656975,0.1541105223390061188830962210,0.1541105223390061188830962210,0,4.41494125429082,79.05843994424720251340808999,79.05843994424720251340808999,4750380
0.07,2,0.3020471858951481374305544798,0.307609676701477,0.29750122892339,0.302415520399319,0.292300911074519,0.143815487690541,0.1541105223390061188830962210,0.1541105223390061188830962210,0,4.41494125429082,79.05843994424720251340808999,79.05843994424720251340808999,5542110
0.08,2,0.2958041530065903879439269665,0.301362838407814,0.291254390629727,0.296164874380989,0.286050265056189,0.144033632090646,0.1541105223390061188830962210,0.1541105223390061188830962210,0,4.41494125429082,79.05843994424720251340808999,79.05843994424720251340808999,6333840
0.09,2,0.2904694083241836164475407469,0.296024841962201,0.285916394184114,0.290823624190075,0.280709014865275,0.144220039034071,0.1541105223390061188830962210,0.1541105223390061188830962210,0,4.41494125429082,79.05843994424720251340808999,79.05843994424720251340808999,7125571
0.10,2,0.2858301589854646640913619904,0.291382764795496,0.281274317017409,0.286178717471699,0.276064108146899,0.144382143940773,0.1541105223390061188830962210,0.1541105223390061188830962210,0,4.41494125429082,79.05843994424720251340808999,79.05843994424720251340808999,7917301
0.11,2,0.2817391232570523338923872606,0.28728923539958,0.277180787621493,0.282082692888277,0.271968083563477,0.144525093137215,0.1541105223390061188830962210,0.1541105223390061188830962210,0,4.41494125429082,79.05843994424720251340808999,79.05843994424720251340808999,8709031
0.12,2,0.2780904101556989531161109235,0.283638298245957,0.273529850467871,0.278429530326727,0.268314921001928,0.144652586671986,0.1541105223390061188830962210,0.1541105223390061188830962210,0,4.41494125429082,79.05843994424720251340808999,79.05843994424720251340808999,9500761
0.13,2,0.2748055005830068672881618244,0.280351386375363,0.270242938597276,0.275140614937742,0.265026005612942,0.144767368163758,0.1541105223390061188830962210,0.1541105223390061188830962210,0,4.41494125429082,79.05843994424720251340808999,79.05843994424720251340808999,10292490
0.14,2,0.2718247608262457965099175603,0.277368829725677,0.26726038194759,0.272156240287654,0.262041630962854,0.144871521337018,0.1541105223390061188830962210,0.1541105223390061188830962210,0,4.41494125429082,79.05843994424720251340808999,79.05843994424720251340808999,11084220
0.15,2,0.2691018055422700863249635256,0.274644214679832,0.264535766901745,0.269429964468241,0.259315355143441,0.144966666990988,0.1541105223390061188830962210,0.1541105223390061188830962210,0,4.41494125429082,79.05843994424720251340808999,79.05843994424720251340808999,11875950
0.16,2,0.2665999461131226074843704599,0.272140830256533,0.262032382478446,0.266925054121239,0.256810444796439,0.145054087101383,0.1541105223390061188830962210,0.1541105223390061188830962210,0,4.41494125429082,79.05843994424720251340808999,79.05843994424720251340808999,12667680
0.17,2,0.2642897278679493289144107758,0.269829203831,0.259720756052913,0.264612018656997,0.254497409332197,0.14513481087494,0.1541105223390061188830962210,0.1541105223390061188830962210,0,4.41494125429082,79.05843994424720251340808999,79.05843994424720251340808999,13459410
0.18,2,0.2621470637373853162071082747,0.26768523365173,0.257576785873643,0.262466741632928,0.252352132308128,0.145209679963368,0.1541105223390061188830962210,0.1541105223390061188830962210,0,4.41494125429082,79.05843994424720251340808999,79.05843994424720251340808999,14251140
0.19,2,0.2601521489020646269815783827,0.265689102827445,0.255580655049358,0.260469394078479,0.250354784753679,0.145279386387758,0.1541105223390061188830962210,0.1541105223390061188830962210,0,4.41494125429082,79.05843994424720251340808999,79.05843994424720251340808999,15042870
0.20,2,0.2582884917063105885040945061,0.263824309650072,0.253715861871986,0.258603464227057,0.248488854902257,0.145344506400455,0.1541105223390061188830962210,0.1541105223390061188830962210,0,4.41494125429082,79.05843994424720251340808999,79.05843994424720251340808999,15834600
0.21,2,0.2565421752837404578504281022,0.262076928770283,0.251968480992196,0.256855018241214,0.246740408916414,0.145405526285372,0.1541105223390061188830962210,0.1541105223390061188830962210,0,4.41494125429082,79.05843994424720251340808999,79.05843994424720251340808999,16626330
0.22,2,0.2549013901233229943183779963,0.260435143478625,0.250326695700538,0.255212232208692,0.245097622883892,0.145462858691097,0.1541105223390061188830962210,0.1541105223390061188830962210,0,4.41494125429082,79.05843994424720251340808999,79.05843994424720251340808999,17418060
0.23,2,0.2533560322409594729093857407,0.258888843632175,0.248780395854088,0.253664989823986,0.243550380499186,0.1455168566716,0.1541105223390061188830962210,0.1541105223390061188830962210,0,4.41494125429082,79.05843994424720251340808999,79.05843994424720251340808999,18209790
0.24,2,0.2518973947495605899016452874,0.257429317036609,0.247320869258522,0.252204573582305,0.242089964257505,0.145567824463411,0.1541105223390061188830962210,0.1541105223390061188830962210,0,4.41494125429082,79.05843994424720251340808999,79.05843994424720251340808999,19001520
0.25,2,0.2505179847793413446634993004,0.256049066254907,0.24594061847682,0.250823481476608,0.240708872151808,0.145616023882799,0.1541105223390061188830962210,0.1541105223390061188830962210,0,4.41494125429082,79.05843994424720251340808999,79.05843994424720251340808999,19793250
0.26,2,0.2493334795665725162270260308,0.254863839033738,0.244755391255652,0.249637531806944,0.239522922482144,0.145657412929385,0.1541105223390061188830962210,0.1541105223390061188830962210,0,4.41494125429082,79.05843994424720251340808999,79.05843994424720251340808999,20584980
0.27,2,0.2482141627847680796842703455,0.253743839978771,0.243635392200684,0.248516850062938,0.238402240738138,0.145696524158215,0.1541105223390061188830962210,0.1541105223390061188830962210,0,4.41494125429082,79.05843994424720251340808999,79.05843994424720251340808999,21376710
0.28,2,0.2471551084271413376215162636,0.252684140080598,0.242575692302512,0.247456504230734,0.237341894905934,0.145733529694089,0.1541105223390061188830962210,0.1541105223390061188830962210,0,4.41494125429082,79.05843994424720251340808999,79.05843994424720251340808999,22168440
0.29,2,0.2461519375057245902591773002,0.251680357682066,0.241571909903979,0.246452109982363,0.236337500657563,0.145768582547848,0.1541105223390061188830962210,0.1541105223390061188830962210,0,4.41494125429082,79.05843994424720251340808999,79.05843994424720251340808999,22960170
0.30,2,0.2452007612584398562672601964,0.250728601650723,0.240620153872636,0.245499773813557,0.235385164488757,0.145801818600831,0.1541105223390061188830962210,0.1541105223390061188830962210,0,4.41494125429082,79.05843994424720251340808999,79.05843994424720251340808999,23751900
0.31,2,0.2442981184243930592040053846,0.249825408615883,0.239716960837796,0.244596030242552,0.234481420917752,0.145833358796607,0.1541105223390061188830962210,0.1541105223390061188830962210,0,4.41494125429082,79.05843994424720251340808999,79.05843994424720251340808999,24543630
0.32,2,0.2434409423317736490651032641,0.248967710036463,0.238859262258376,0.243737808857853,0.233623199533053,0.145863310290993,0.1541105223390061188830962210,0.1541105223390061188830962210,0,4.41494125429082,79.05843994424720251340808999,79.05843994424720251340808999,25335360
0.33,2,0.2426264641245497196306595694,0.248152735368691,0.238044287590604,0.242922337426919,0.232807728102119,0.145891769833508,0.1541105223390061188830962210,0.1541105223390061188830962210,0,4.41494125429082,79.05843994424720251340808999,79.05843994424720251340808999,26127090
0.34,2,0.2418522271638013028317214583,0.247378026476217,0.23726957869813,0.242147156315056,0.232032546990256,0.145918823264165,0.1541105223390061188830962210,0.1541105223390061188830962210,0,4.41494125429082,79.05843994424720251340808999,79.05843994424720251340808999,26918820
0.35,2,0.2411160027967089638506828470,0.246641353347759,0.236532905569673,0.241410034151693,0.231295424826893,0.145944548456674,0.1541105223390061188830962210,0.1541105223390061188830962210,0,4.41494125429082,79.05843994424720251340808999,79.05843994424720251340808999,27710550
0.36,2,0.2404157826408204780393083677,0.245940706376667,0.23583225859858,0.240708960105234,0.230594350780434,0.145969015588047,0.1541105223390061188830962210,0.1541105223390061188830962210,0,4.41494125429082,79.05843994424720251340808999,79.05843994424720251340808999,28502280
0.37,2,0.2397497579195766363809064246,0.245274275683852,0.235165827905765,0.240042123193389,0.229927513868589,0.145992287860653,0.1541105223390061188830962210,0.1541105223390061188830962210,0,4.41494125429082,79.05843994424720251340808999,79.05843994424720251340808999,29294010
0.38,2,0.2391163071679051069329922739,0.244640438815886,0.234531991037799,0.239407899973774,0.229293290648974,0.146014421931815,0.1541105223390061188830962210,0.1541105223390061188830962210,0,4.41494125429082,79.05843994424720251340808999,79.05843994424720251340808999,30085740
0.39,2,0.2385139715765862904969553135,0.244037736074341,0.233929288296254,0.238804829858209,0.228690220533409,0.146035468775324,0.1541105223390061188830962210,0.1541105223390061188830962210,0,4.41494125429082,79.05843994424720251340808999,79.05843994424720251340808999,30877470
0.40,2,0.2379413965066823078340283105,0.243464811994567,0.23335636421648,0.238231556555829,0.228116947231029,0.14605547572505,0.1541105223390061188830962210,0.1541105223390061188830962210,0,4.41494125429082,79.05843994424720251340808999,79.05843994424720251340808999,31669200
0.41,2,0.2373974270974482629807771371,0.242920511011881,0.232812063233794,0.237686923797582,0.227572314472782,0.146074483134201,0.1541105223390061188830962210,0.1541105223390061188830962210,0,4.41494125429082,79.05843994424720251340808999,79.05843994424720251340808999,32460930
0.42,2,0.2368809198888139365142720690,0.242403688969223,0.232295241191136,0.237169786728994,0.227055177404194,0.146092530957621,0.1541105223390061188830962210,0.1541105223390061188830962210,0,4.41494125429082,79.05843994424720251340808999,79.05843994424720251340808999,33252660
0.43,2,0.2363909889432018541104875206,0.241913459388995,0.23180501161091,0.236679258332121,0.226564649007322,0.14610965015179,0.1541105223390061188830962210,0.1541105223390061188830962210,0,4.41494125429082,79.05843994424720251340808999,79.05843994424720251340808999,34044390
0.44,2,0.2359267168353078707583899513,0.241448904286686,0.231340456508599,0.236214420062897,0.226099810738097,0.146125872773434,0.1541105223390061188830962210,0.1541105223390061188830962210,0,4.41494125429082,79.05843994424720251340808999,79.05843994424720251340808999,34836120
0.45,2,0.2354873198600970717562189391,0.241009239479553,0.230900791701467,0.235774487260588,0.225659877935789,0.146141226206817,0.1541105223390061188830962210,0.1541105223390061188830962210,0,4.41494125429082,79.05843994424720251340808999,79.05843994424720251340808999,35627850
0.46,2,0.2350721583500550259837489463,0.24059382491018,0.230485377132094,0.235358819477632,0.225244210152833,0.146155732803238,0.1541105223390061188830962210,0.1541105223390061188830962210,0,4.41494125429082,79.05843994424720251340808999,79.05843994424720251340808999,36419580
0.47,2,0.2347983600195251891184850417,0.240319859687439,0.230211411909352,0.235084687260952,0.224970077936152,0.14616529987963,0.1541105223390061188830962210,0.1541105223390061188830962210,0,4.41494125429082,79.05843994424720251340808999,79.05843994424720251340808999,37211310
0.48,2,0.2346051664285783877251373467,0.24012654833644,0.230018100558353,0.234891258078121,0.224776648753321,0.146172050460758,0.1541105223390061188830962210,0.1541105223390061188830962210,0,4.41494125429082,79.05843994424720251340808999,79.05843994424720251340808999,38003040
0.49,2,0.2344304646139605770035940301,0.239951740033327,0.229843292255241,0.234716343221603,0.224601733896804,0.146178154901217,0.1541105223390061188830962210,0.1541105223390061188830962210,0,4.41494125429082,79.05843994424720251340808999,79.05843994424720251340808999,38794780
0.50,2,0.2342740407990328858280916790,0.239795220871155,0.229686773093068,0.234559728654068,0.224445119329268,0.1461836206708,0.1541105223390061188830962210,0.1541105223390061188830962210,0,4.41494125429082,79.05843994424720251340808999,79.05843994424720251340808999,39586500
0.51,2,0.2341357687039884403874751607,0.239656864493143,0.229548416715056,0.234421287941715,0.224306678616915,0.146188452181984,0.1541105223390061188830962210,0.1541105223390061188830962210,0,4.41494125429082,79.05843994424720251340808999,79.05843994424720251340808999,40378230
0.52,2,0.2340155644129304045146615353,0.239536586932244,0.229428139154158,0.234300937066315,0.224186327741515,0.146192652366963,0.1541105223390061188830962210,0.1541105223390061188830962210,0,4.41494125429082,79.05843994424720251340808999,79.05843994424720251340808999,41169960
0.53,2,0.2339134244616013565672125837,0.239434384722091,0.229325936944004,0.234198672559387,0.224084063234587,0.146196221346786,0.1541105223390061188830962210,0.1541105223390061188830962210,0,4.41494125429082,79.05843994424720251340808999,79.05843994424720251340808999,41961690
0.54,2,0.2338293651774703183753889096,0.239350274200102,0.229241826422015,0.234114510768309,0.223999901443509,0.146199158550936,0.1541105223390061188830962210,0.1541105223390061188830962210,0,4.41494125429082,79.05843994424720251340808999,79.05843994424720251340808999,42753420
0.55,2,0.2338243050421794377431435721,0.239345210980435,0.229236763202348,0.234109444462385,0.223994835137585,0.146199335362463,0.1541105223390061188830962210,0.1541105223390061188830962210,0,4.41494125429082,79.05843994424720251340808999,79.05843994424720251340808999,43545160
0.56,2,0.2341192841670232424954374648,0.239640369908122,0.229531922130035,0.234404783302514,0.224290173977714,0.146189028185586,0.1541105223390061188830962210,0.1541105223390061188830962210,0,4.41494125429082,79.05843994424720251340808999,79.05843994424720251340808999,44336880
0.57,2,0.2344247558203873244868218331,0.239946027759991,0.229837579981904,0.234710627466384,0.224596018141584,0.146178354378197,0.1541105223390061188830962210,0.1541105223390061188830962210,0,4.41494125429082,79.05843994424720251340808999,79.05843994424720251340808999,45128610
0.58,2,0.2347413366891341276922642650,0.240262801598802,0.230154353820715,0.235027594392882,0.224912985068082,0.146167292391991,0.1541105223390061188830962210,0.1541105223390061188830962210,0,4.41494125429082,79.05843994424720251340808999,79.05843994424720251340808999,45920340
0.59,2,0.2350696864145425284973162139,0.240591351467913,0.23027721553823,0.235356344527693,0.225035921675257,0.146163001966274,0.1541105223390061188830962210,0.1541105223390061188830962210,0,4.41494125429082,79.05843994424720251340808999,79.05843994424720251340808999,46712070
0.60,2,0.2354104675922926455658330097,0.240932340366887,0.230412516285608,0.235697541274506,0.225171304894434,0.146158277160063,0.1541105223390061188830962210,0.1541105223390061188830962210,0,4.41494125429082,79.05843994424720251340808999,79.05843994424720251340808999,47503810
0.61,2,0.2359630427315472022204623781,0.241485252325168,0.230759740092292,0.236250790257119,0.22551874034941,0.146146151837548,0.1541105223390061188830962210,0.1541105223390061188830962210,0,4.41494125429082,79.05843994424720251340808999,79.05843994424720251340808999,48295540
0.62,2,0.2365224343095416375224074460,0.242044984877109,0.231113784492638,0.236810863990846,0.225873000555501,0.146133788334653,0.1541105223390061188830962210,0.1541105223390061188830962210,0,4.41494125429082,79.05843994424720251340808999,79.05843994424720251340808999,49087260
0.63,2,0.2370966836633893056223880911,0.242619584261376,0.231482695725308,0.237385813618892,0.22624213665591,0.146120905670534,0.1541105223390061188830962210,0.1541105223390061188830962210,0,4.41494125429082,79.05843994424720251340808999,79.05843994424720251340808999,49879000
0.64,2,0.2376867819209823093671700616,0.243210042209998,0.231867465522334,0.23797663147779,0.226627140987172,0.146107469213145,0.1541105223390061188830962210,0.1541105223390061188830962210,0,4.41494125429082,79.05843994424720251340808999,79.05843994424720251340808999,50670720
0.65,2,0.2382938657838521959152552572,0.243817496117376,0.232269231278115,0.238584455655234,0.227029151636979,0.146093439243798,0.1541105223390061188830962210,0.1541105223390061188830962210,0,4.41494125429082,79.05843994424720251340808999,79.05843994424720251340808999,51462450
0.66,2,0.2389191093362432342135022013,0.24444312078341,0.232689167792552,0.239210461667216,0.227449344121324,0.146078774737576,0.1541105223390061188830962210,0.1541105223390061188830962210,0,4.41494125429082,79.05843994424720251340808999,79.05843994424720251340808999,52254190
0.67,2,0.2395639178075972708728449223,0.245088322294091,0.233128681151637,0.2398560564568,0.227889125383272,0.146063426592875,0.1541105223390061188830962210,0.1541105223390061188830962210,0,4.41494125429082,79.05843994424720251340808999,79.05843994424720251340808999,53045920
0.68,2,0.2402297823339018989722717385,0.245754592694321,0.233589263400272,0.240522732978354,0.22834998837719,0.146047342706338,0.1541105223390061188830962210,0.1541105223390061188830962210,0,4.41494125429082,79.05843994424720251340808999,79.05843994424720251340808999,53837640
0.69,2,0.2409183440531302285141582398,0.246443574122421,0.234072556676773,0.241212134371155,0.228833576242353,0.146030465733233,0.1541105223390061188830962210,0.1541105223390061188830962210,0,4.41494125429082,79.05843994424720251340808999,79.05843994424720251340808999,54629380
0.70,2,0.2416314911529513453699201870,0.24715715591699,0.234580450319748,0.241926151125439,0.229341779469002,0.1460127296964,0.1541105223390061188830962210,0.1541105223390061188830962210,0,4.41494125429082,79.05843994424720251340808999,79.05843994424720251340808999,55421100
0.71,2,0.2417569018229900924750918354,0.247282643030388,0.234500249281548,0.242051714728791,0.229261529544717,0.146015530378368,0.1541105223390061188830962210,0.1541105223390061188830962210,0,4.41494125429082,79.05843994424720251340808999,79.05843994424720251340808999,56212830
0.72,2,0.2418444786832198236483994199,0.247370273272594,0.234382191372158,0.242139398385512,0.229143399673801,0.146019653051408,0.1541105223390061188830962210,0.1541105223390061188830962210,0,4.41494125429082,79.05843994424720251340808999,79.05843994424720251340808999,57004570
0.73,2,0.2419319899271308251514830213,0.247457837858484,0.234264067806453,0.242227016345896,0.22902520410655,0.146023778017218,0.1541105223390061188830962210,0.1541105223390061188830962210,0,4.41494125429082,79.05843994424720251340808999,79.05843994424720251340808999,57796300
0.74,2,0.2420194352262589841584212081,0.247545336459397,0.234145878255768,0.242314568281082,0.228906942514098,0.146027905287274,0.1541105223390061188830962210,0.1541105223390061188830962210,0,4.41494125429082,79.05843994424720251340808999,79.05843994424720251340808999,58588030
0.75,2,0.2421068242540371155941646892,0.247632778754658,0.234027632399433,0.242402063876296,0.228788624581676,0.146032034523566,0.1541105223390061188830962210,0.1541105223390061188830962210,0,4.41494125429082,79.05843994424720251340808999,79.05843994424720251340808999,59379760
0.76,2,0.2421941266857803824075475247,0.247720134401101,0.23390929989428,0.242489472769875,0.228670219947619,0.146036166785702,0.1541105223390061188830962210,0.1541105223390061188830962210,0,4.41494125429082,79.05843994424720251340808999,79.05843994424720251340808999,60171480
0.77,2,0.2422813821986699446284247389,0.247807443100091,0.233790920441674,0.242576834687385,0.228551768337492,0.146040300687279,0.1541105223390061188830962210,0.1541105223390061188830962210,0,4.41494125429082,79.05843994424720251340808999,79.05843994424720251340808999,60963220
0.78,2,0.2423685604717419620724307282,0.247894674512182,0.233672463702168,0.242664119270886,0.228433239393356,0.146044437287774,0.1541105223390061188830962210,0.1541105223390061188830962210,0,4.41494125429082,79.05843994424720251340808999,79.05843994424720251340808999,61754940
0.79,2,0.2424556897097353287476657167,0.247981856859305,0.233553957897695,0.242751354759512,0.228314661354346,0.146048575601656,0.1541105223390061188830962210,0.1541105223390061188830962210,0,4.41494125429082,79.05843994424720251340808999,79.05843994424720251340808999,62546680
0.80,2,0.2425427325476233733506763951,0.24806895275366,0.233435365640453,0.242838503742672,0.228195996809869,0.146052716934534,0.1541105223390061188830962210,0.1541105223390061188830962210,0,4.41494125429082,79.05843994424720251340808999,79.05843994424720251340808999,63338410
0.81,2,0.2441292657176468965810178302,0.249656452985932,0.234817177721129,0.24442697162666,0.229578651166221,0.146004462993384,0.1541105223390061188830962210,0.1541105223390061188830962210,0,4.41494125429082,79.05843994424720251340808999,79.05843994424720251340808999,64130140
0.82,2,0.2457157403822532551832963769,0.251243894677125,0.236198931260726,0.246015380933886,0.23096124694581,0.145956211096533,0.1541105223390061188830962210,0.1541105223390061188830962210,0,4.41494125429082,79.05843994424720251340808999,79.05843994424720251340808999,64921860
0.83,2,0.2473021177056762498899922155,0.252831238967801,0.237580587399806,0.247603692781225,0.232343745265513,0.145907962600984,0.1541105223390061188830962210,0.1541105223390061188830962210,0,4.41494125429082,79.05843994424720251340808999,79.05843994424720251340808999,65713600
0.84,2,0.2488884629493747450662099347,0.254418551159199,0.238962211439607,0.249191972509719,0.233726211466371,0.145859715226366,0.1541105223390061188830962210,0.1541105223390061188830962210,0,4.41494125429082,79.05843994424720251340808999,79.05843994424720251340808999,66505320
0.85,2,0.2504747202333855807559869120,0.256005775337294,0.240343747466106,0.250780164171263,0.235108589600278,0.14581147092524,0.1541105223390061188830962210,0.1541105223390061188830962210,0,4.41494125429082,79.05843994424720251340808999,79.05843994424720251340808999,67297060
0.86,2,0.2520609262988080281527209964,0.25759294826558,0.241725232242795,0.252368304551759,0.236490916453137,0.145763228413796,0.1541105223390061188830962210,0.1541105223390061188830962210,0,4.41494125429082,79.05843994424720251340808999,79.05843994424720251340808999,68088780
0.87,2,0.2536470623168846923445765743,0.259180051103824,0.243106646929443,0.253956374799489,0.237873173173231,0.145714988349952,0.1541105223390061188830962210,0.1541105223390061188830962210,0,4.41494125429082,79.05843994424720251340808999,79.05843994424720251340808999,68880520
0.88,2,0.2552331279844402219592351519,0.260767083548665,0.244487991222687,0.255544374610909,0.239255359457014,0.145666750744298,0.1541105223390061188830962210,0.1541105223390061188830962210,0,4.41494125429082,79.05843994424720251340808999,79.05843994424720251340808999,69672250
0.89,2,0.2568191415238714626792361632,0.262354063833607,0.245869283356033,0.257132322230636,0.240637493549105,0.145618514960109,0.1541105223390061188830962210,0.1541105223390061188830962210,0,4.41494125429082,79.05843994424720251340808999,79.05843994424720251340808999,70463980
0.90,2,0.2584050841115408614663416539,0.263940973123538,0.247250504494369,0.258720198812078,0.242019556602911,0.14557028165512,0.1541105223390061188830962210,0.1541105223390061188830962210,0,4.41494125429082,79.05843994424720251340808999,79.05843994424720251340808999,71255700
0.91,2,0.260162238683499,0.265737709059661,0.248933745243814,0.260479496164,0.243665289587811,0.146615637124596,0.155213985261159,0.153898125116342,0.00131586014481658,4.48415786433834,78.9937931278384,78.9445414756924,72047440
0.92,2,0.265433702399375,0.271050896266805,0.253906446890921,0.265757388219767,0.24860248854251,0.147546122088312,0.156317448183312,0.153685727893678,0.00263172028963316,4.55337447438585,78.9291463114296,78.8306430071375,72839170
0.93,2,0.272682557556504,0.27834268022288,0.260475617733,0.273015083066834,0.255137129810876,0.148420857119269,0.157420911105464,0.153473330671015,0.00394758043444974,4.62259108443337,78.8644994950209,78.7167445385826,73630900
0.94,2,0.279273072296949,0.284975722474625,0.266174162096799,0.27961363467732,0.260800613915557,0.149325995096788,0.158524374027617,0.153260933448351,0.00526344057926631,4.69180769448088,78.7998526786121,78.6028460700278,74422620
0.95,2,0.285863587037394,0.291608764726369,0.2718727064606,0.286212186287805,0.266464098020239,0.150231133074308,0.15962783694977,0.153048536225687,0.00657930072408289,4.7610243045284,78.7352058622034,78.4889476014729,75214360
0.96,2,0.292454101777839,0.298241806978114,0.277571250824401,0.292810737898291,0.272127582124921,0.151136271051827,0.160731299871923,0.152836139003023,0.00789516086889947,4.83024091457591,78.6705590457946,78.3750491329181,76006090
0.97,2,0.299044616518284,0.304874849229858,0.2832697951882,0.299409289508777,0.277791066229602,0.152041409029346,0.161834762794075,0.152623741780359,0.00921102101371605,4.89945752462343,78.6059122293858,78.2611506643632,76797820
0.98,2,0.30563513125873,0.311507891481603,0.288968339552001,0.306007841119263,0.283454550334284,0.152946547006865,0.162938225716228,0.152411344557696,0.0105268811585326,4.96867413467094,78.541265412977,78.1472521958084,77589550
0.99,2,0.312225645999175,0.318140933733347,0.294666883915801,0.312606392729748,0.289118034438965,0.153851684984384,0.164041688638381,0.152198947335032,0.0118427413033492,5.03789074471846,78.4766185965683,78.0333537272536,78381280
1.00,2,0.31881616073962,0.324773975985092,0.300365428279601,0.319204944340234,0.294781518543647,0.154756822961904,0.165145151560534,0.151986550112368,0.0131586014481658,5.10710735476597,78.4119717801595,77.9194552586987,79173010
1.01,2,0.325406675480065,0.331407018236837,0.306063972643402,0.32580349595072,0.300445002648329,0.155661960939422,0.166248614482686,0.151774152889704,0.0144744615929824,5.17632396481349,78.3473249637507,77.8055567901439,79964740
1.02,2,0.33199719022051,0.338040060488581,0.311762517007201,0.332402047561206,0.30610848675301,0.156567098916942,0.167352077404839,0.15156175566704,0.015790321737799,5.245540574861,78.282678147342,77.691658321589,80756460
1.03,2,0.338587704960956,0.344673102740325,0.317461061371002,0.339000599171691,0.311771970857692,0.157472236894461,0.168455540326992,0.151349358444376,0.0171061818826155,5.31475718490852,78.2180313309332,77.5777598530342,81548190
1.04,2,0.345178219701401,0.35130614499207,0.323159605734802,0.345599150782177,0.317435454962373,0.15837737487198,0.169559003249145,0.151136961221713,0.0184220420274321,5.38397379495603,78.1533845145244,77.4638613844793,82339930
1.05,2,0.3517687344418459714835586232,0.357939187243815,0.328858150098602,0.352197702392663,0.323098939067055,0.159282512849499,0.1706624661712975046633703372,0.1509245639990488046633703372,0.0197379021722487,5.4531904050035498715173103441,78.088737698115665290517582519,77.34996291592445663977349683,83131660
1.06,2,0.3499306124696097942952958156,0.356140295575425,0.327182457063102,0.350357338903946,0.321381849306252,0.160497931873625,0.1718186639514260438989956880,0.1520807617791773438989956880,0.0197379021722487,5.4863130315454298715173103431,78.263202041794638042508665115,77.51095006722945131506441903,83923380
1.07,2,0.3481136658771795803619164776,0.354359503196655,0.325524863317223,0.348538176617566,0.319685960747787,0.161624153671148,0.1728863504975914939534116932,0.1531484483253427939534116932,0.0197379021722487,5.5168999980145198715173103431,78.423814029517834387114372518,77.659311073291098261695299757,84715120
1.08,2,0.3463175243697291815956723198,0.352597097979718,0.323885656733176,0.346739844787138,0.318010902645273,0.162680045082466,0.1738843912036159808896134292,0.1541464890313672808896134292,0.0197379021722487,5.5454917581332498715173103431,78.573592678101454636258007074,77.797796351874510268824832331,85506850
1.09,2,0.3445417915850068378455400542,0.350853139160802,0.322264896547151,0.344961946567062,0.316356278153112,0.163678673508176,0.1748258475771040766176102643,0.1550879454048553766176102643,0.0197379021722487,5.5724624965315298715173103429,78.714531289900236024577768124,77.928223350852278237283779599,86298580
1.10,2,0.3427861349249151931927363552,0.349127626101599,0.320662582120837,0.343204148953651,0.314721754267615,0.164629562460014,0.1757202373060473632518209037,0.1559823351337986632518209037,0.0197379021722487,5.5980848748856798715173103434,78.84810905687253833099590725,78.051940558111220057769873731,87090310
1.11,2,0.3410501453959651433297771472,0.34742039801628,0.319078552668409,0.341466042454663,0.313106921496542,0.165539841105544,0.1765746796037688197433528294,0.1568367774315201197433528294,0.0197379021722487,5.6225628436341298715173103435,78.97553588617015506138200321,78.170049718820215110181633112,87882040
1.12,2,0.3393335174580383731222015679,0.345731343035535,0.317512696320553,0.339747321157388,0.31151147392718,0.166415071460446,0.1773947291935381998688337175,0.1576568270212894998688337175,0.0197379021722487,5.6460555338767398715173103439,79.097539932677895150481108791,78.283216464030344855348036755,88673770
1.13,2,0.3376358788809597872191088555,0.344060240933813,0.315964792851721,0.338047612377729,0.309935038875436,0.167259625871476,0.1781847480728335715374349743,0.1584468459005848715374349743,0.0197379021722487,5.6686879076363798715173103439,79.214925611309124451859025174,78.392172719182399812379639131,89465500
1.14,2,0.3359569206083899745696088972,0.342406908334876,0.314434658885674,0.336366606682466,0.308377306908087,0.168077119539468,0.1789483428404686015981631131,0.1592104406682199015981631131,0.0197379021722487,5.6905632863582598715173103429,79.32822652133808756785883858,78.49740558540387358205063196,90257220
1.15,2,0.3342963466286118553275791610,0.340771149215862,0.312922098399551,0.334704007698907,0.306837981652443,0.168870431280819,0.1796883837180438610124429222,0.1599504815457951610124429222,0.0197379021722487,5.711763895834369871517310344,79.43777087504673380804746313,78.599215573419141021709987701,91048960
1.16,2,0.3325836210768578491956798470,0.339082469233166,0.311356617049745,0.332989193546608,0.305246441228059,0.169644445982212,0.1804072923993884444461022186,0.1606693902271397444461022186,0.0197379021722487,5.7323591124825498715173103441,79.54416279872651594462430898,78.698151167518507475955861409,91840690
1.17,2,0.3308864061747690090284184910,0.337408645363501,0.30980599181297,0.331289908958594,0.303670430367959,0.170398904493364,0.1811071752744624089668680596,0.1613692731022137089668680596,0.0197379021722487,5.752409279930159871517310343,79.64755205017680431506276188,78.794351050123310329497693626,92632420
1.18,2,0.3292069595748699245318621501,0.335751995004293,0.308272540086652,0.329608414340506,0.302112209477785,0.171135399389959,0.1817897048248002473567634906,0.1620518026525515473567634906,0.0197379021722487,5.7719623112438198715173103441,79.74825414730898540986549354,78.888102225996177492588065123,93424140
1.19,2,0.3275450139296420716943019543,0.334112306639604,0.306756050354852,0.327944442018806,0.300571510883999,0.171855543487486,0.182456485501606589968654096,0.162718583329357889968654096,0.0197379021722487,5.7910641705647598715173103436,79.84652016458840409237890373,78.979633988994038938194524518,94215880
1.20,2,0.3259002767258519007679694065,0.332489329497591,0.305176192722431,0.326297699123552,0.298967913781588,0.172563343854461,0.1831087184594887196326248989,0.1633708162872400196326248989,0.0197379021722487,5.8097492684377498715173103438,79.94250616516185509905556239,79.069088717073145027122372482,95007620
1.21,2,0.3242725166699824277592199076,0.330882872425953,0.303569735650793,0.324667954079174,0.29733816873721,0.17325867144585,0.1837475579328216988251637061,0.1640096557605729988251637061,0.0197379021722487,5.828050671241919871517310344,80.0364759291020192928687018,79.156706298131395916906606469,95799340
1.22,2,0.3226614647700939592640887627,0.32929270405407,0.30197956727891,0.323054937565707,0.295725152223743,0.173941111923281,0.1843740866101017340763993243,0.1646361844378530340763993243,0.0197379021722487,5.8459993957179498715173103435,80.12850632456664652600262206,79.24255795121349472749900587,96591070
1.23,2,0.3210697705756238004167317361,0.327721503573174,0.300408366798015,0.321461302363608,0.294131517021645,0.174611375287902,0.1849891075623887015152159326,0.1652512053901400015152159326,0.0197379021722487,5.8636184481570298715173103437,80.21878901834369549619474091,79.32681769708504497339716072,97382800
1.24,2,0.3195009917019512227019156760,0.326172859180918,0.298859722405758,0.319890610426628,0.292560825084664,0.175270150892621,0.1855934349489483695551237805,0.1658555327766996695551237805,0.0197379021722487,5.8809311525040498715173103433,80.30744681537486522551341681,79.40959770951360807968696825,98174530
1.25,2,0.3179520294803060127022743549,0.324643565104391,0.297330428329232,0.318339759307292,0.291009973965329,0.175914534037527,0.1861840539594720563965143791,0.1664461517872233563965143791,0.0197379021722487,5.8978511408056498715173103439,80.39353887729003910403503386,79.49003170568635695899888155,98966260
1.26,2,0.3164218859485884892009664565,0.323132228087694,0.295819091312535,0.316807749826526,0.289477964484563,0.176533257279525,0.1867496553907579441894023922,0.1670117532185092441894023922,0.0197379021722487,5.9140544282552698715173103442,80.47425103712669524789839251,79.56552112135043725835602967,99757990
1.27,2,0.3149099385001639456376703579,0.321638802038497,0.294325665263337,0.315293958618452,0.287964173276488,0.177142862451101,0.1873067693898550620431962615,0.1675688672176063620431962615,0.0197379021722487,5.9300145686832298715173103434,80.55366186849911377676531201,79.63982405951366820369485832,100549700
1.28,2,0.3134157142500740644298906697,0.320162829792767,0.292849693017608,0.313797912221446,0.286468126879482,0.177743824518496,0.1878558546788731946560261103,0.1681179525066244946560261103,0.0197379021722487,5.9457447035099598715173103433,80.6319032353538001833567088,79.7130603535201507151792832,101341400
1.29,2,0.3119388511255193128240446114,0.318678264943878,0.291365128168719,0.312319248121176,0.284989462779212,0.177600659364362,0.1876609661710348396736661781,0.1679230639987861396736661781,0.0197379021722487,5.9401615590225898715173103434,80.52094370153059240445406903,79.61177379065829192780975,102133200
1.30,2,0.3104790129338601894096112945,0.317209080036794,0.289895943261636,0.310857629715028,0.283527844373065,0.177409495771268,0.1874186452158159673503706039,0.1676807430435672673503706039,0.0197379021722487,5.9332195750117798715173103433,80.39862207961942845551584837,79.50001753248990657820294391,102924900
1.31,2,0.3090359156825953904621347963,0.31575671115432,0.288443574379161,0.309412772664185,0.282082987322221,0.177219605131706,0.1871781833094765274004814083,0.1674402811372278274004814083,0.0197379021722487,5.9263308488283198715173103434,80.27764703957165245421268945,79.38951242050425588117581027,103716600
1.32,2,0.3076092649004783221695543570,0.314320858606058,0.287007721830899,0.307984382138302,0.280654596796339,0.177030853418218,0.1869394360471592979957952195,0.1672015338749105979957952195,0.0197379021722487,5.9194912435777798715173103433,80.15785836848947259892233742,79.28011227934825186915676544,104508400
1.33,2,0.3061988570040968850577914318,0.312903050933775,0.285589914158616,0.306572254305707,0.279242468963744,0.176892852873312,0.1867520387942724878668044320,0.1670141366220237878668044320,0.0197379021722487,5.9141227077363998715173103436,80.05178701397929098445757662,79.18336091269981049068393492,105300100
1.34,2,0.3048044138403425906054371353,0.311505720783116,0.284192584007956,0.305176110674095,0.277846325332131,0.176883245191093,0.1866936708458085628305819320,0.1669557686735598628305819320,0.0197379021722487,5.9124505891834898715173103436,79.97894144350548515988100796,79.117219491997799388810775252,106091800
1.35,2,0.3034257441946909877294410489,0.310124500192605,0.282811363417446,0.303795759795761,0.276465974453798,0.176882434007109,0.1866446562525319537560189034,0.1669067540802832537560189034,0.0197379021722487,5.9110464245188398715173103438,79.9094185876320344169519244,79.05412626242778608171532845,106883600
1.36,2,0.3020626402252427783311032119,0.308759148903113,0.281446012127954,0.302430993575353,0.27510120823339,0.176889501903629,0.1866040697706555873617973259,0.1668661675984068873617973259,0.0197379021722487,5.9098837074604398715173103429,79.84296290842959159312041871,78.993845197286587139162920745,107675300
1.37,2,0.3007149031458628481101845512,0.307409439849915,0.280096303074756,0.301081612984323,0.27375182764236,0.176903649503604,0.1865711045856431600619863428,0.1668332024133944600619863428,0.0197379021722487,5.9089393244743998715173103436,79.77925255434270155569982443,78.936080963440680685932756764,108467000
1.38,2,0.2993823386811382277589831816,0.306075151063378,0.278762014288219,0.299747423510347,0.272417638168384,0.176924093927864,0.1865449705486068351350402934,0.1668070683763581351350402934,0.0197379021722487,5.9081906394624898715173103436,79.71806715264730525264880622,78.88063025042334679663827085,109258800
1.39,2,0.2980647786174602326282072084,0.304756088572797,0.277442951797638,0.298428256734687,0.271098471392724,0.176950106403524,0.1865249325611285801809142688,0.1667870303888798801809142688,0.0197379021722487,5.9076165934062698715173103442,79.65927527065849612169937391,78.827370559165788892886591697,110050500
1.40,2,0.2967620366561855390560636592,0.30345204618619,0.27613890941103,0.297123926131516,0.269794140789552,0.176981127021411,0.1865104238591221751069357487,0.1667725216868734751069357487,0.0197379021722487,5.9072009497106798715173103434,79.60263062732087978167589718,78.776076304044077528007545193,110842200
1.41,2,0.2954739426009701690441865236,0.302162828342838,0.274849691567679,0.295834261296941,0.268504475954977,0.177016438358721,0.1865007206318463674813146794,0.1667628184595976674813146794,0.0197379021722487,5.9069229727253998715173103436,79.54800070475930503786183271,78.726624269534019448655861344,111633900
1.42,2,0.2942003596001159108971333606,0.300888280887264,0.273575144112104,0.29455912521238,0.267229339870416,0.177055552070616,0.1864953294520023185678994685,0.1667574272797536185678994685,0.0197379021722487,5.9067685267995698715173103437,79.49516396354777950945503148,78.678811732197178968821517984,112425700
1.43,2,0.2929411026331106954968031744,0.299628203043088,0.272315066267928,0.293298332631695,0.265968547289731,0.177098026662669,0.1864938020871139498086674272,0.1667558999148652498086674272,0.0197379021722487,5.9067247710186298715173103442,79.44406118614486330701020934,78.632583038155794434220904515,113217400
1.44,2,0.2916960193985425396291291541,0.298382423900895,0.271069287125735,0.292051731067749,0.264721945725785,0.17714333725154,0.1864956080089329622260893302,0.1667577058366842622260893302,0.0197379021722487,5.9040984421819711715790522193,79.39445741074829844249868556,78.591189285397760610718082758,114009100
1.45,2,0.2904650112457878740808736085,0.297150831711882,0.269837694936723,0.290819221749617,0.263489436407654,0.177191113923447,0.1865003736290435613792909172,0.1667624714567948613792909172,0.0197379021722487,5.9000765387320344142112180318,79.3463184402840022064162081,78.553003387428529021900946551,114800900
1.46,2,0.2892478894497757942245547963,0.29593322209224,0.268620085317081,0.289600615722087,0.262270830380124,0.177240918159434,0.1865076535627291614097900665,0.1667697513904804614097900665,0.0197379021722487,5.896126665060207656843383844,79.29951316875422004535349867,78.515981328445616162590833625,115592600
1.47,2,0.2880445408978787290264136362,0.294729472740537,0.267416335965378,0.288395799734594,0.261066014392631,0.177292492753376,0.1865171864922922418333483251,0.1667792843200435418333483251,0.0197379021722487,5.8922413349658994670798519367,79.25387296568524677405897615,78.479971327584932395955246269,116384300
1.48,2,0.2868548220701634759854111517,0.293539427031434,0.266226290256275,0.287204630092189,0.259874844750225,0.177345469935549,0.1865285994058963004492295163,0.1667906972336476004492295163,0.0197379021722487,5.8884098624471441421077154693,79.209293324509826504005575969,78.444879008116655873519153038,117176100
1.49,2,0.2856786212495852248477334222,0.292362963424212,0.265049826649052,0.286026994941591,0.258697209599627,0.177399574246399,0.1865416127700815238158962003,0.1668037105978328238158962003,0.0197379021722487,5.884624239460195952344183562,79.165834543905128783428012368,78.410759810540811024267598801,117967800
1.50,2,0.2845158084021290280200443609,0.291199941827509,0.263886805052349,0.284862764090215,0.257532978748251,0.177454524494596,0.1865559406756923124419642732,0.1668180385034436124419642732,0.0197379021722487,5.8808762753110891949763493744,79.123252901951718020670194823,78.377393079908050737528285199,118759500
1.51,2,0.2833662350703157527718135902,0.290050204980158,0.262737068204999,0.283711788899543,0.25638200355758,0.177510076354261,0.1865713334573529341794679256,0.1668334312851042341794679256,0.0197379021722487,5.8771588176136624376085151875,79.081555624424675068696840324,78.344785937158323208831432105,119551200
1.52,2,0.2822298166239630504154286330,0.288913661932956,0.261600525157796,0.282573984636191,0.255244199294227,0.177566053306678,0.1865876115297943265731109590,0.1668497093575456265731109590,0.0197379021722487,5.8734667216289256802406809997,79.040594975227404118792154346,78.312804792532427988922899206,120343000
1.53,2,0.2811064563097466790290175129,0.287790206472351,0.260477069697192,0.281449254428846,0.254119469086883,0.177622189515988,0.1866045055123002978503602126,0.1668666033400515978503602126,0.0197379021722487,5.8697922701678189228728468121,79.000369320344422550108183908,78.281448453118761828733591492,121134700
1.54,2,0.2799959910388102980825058950,0.286679668596004,0.259366531820845,0.280337434989773,0.253007649647809,0.177678295551327,0.1866218201564044675913520583,0.1668839179841557675913520583,0.0197379021722487,5.8661298697738021655050126245,78.960814390753413110518985958,78.25065894373000270089675962,121926400
1.55,2,0.2788983489706755163125424648,0.285581973846523,0.258268837071363,0.279238454390886,0.251908669048922,0.177734300238286,0.1866394817325317100148400064,0.1669015795602830100148400064,0.0197379021722487,5.8624774082501354081371784371,78.921899127791110288193546212,78.220408863334570184441706384,122718200
1.56,2,0.2778134159303852293554922897,0.284496998749176,0.257183861974018,0.278152198317996,0.250822412976033,0.177789943248684,0.1866572257618790700094949941,0.1669193235896303700094949941,0.0197379021722487,5.8588273088372286507693442506,78.883467676338381474162503664,78.190556197771477989693240741,123509900
1.57,2,0.2767410847338246812042830480,0.283424631608956,0.256111494833796,0.277078559456283,0.249748774114319,0.177845101023491,0.1866749248625862775086291388,0.1669370226903375775086291388,0.0197379021722487,5.8551759223135918934015100627,78.845548867010760308537540501,78.161127711876862219899879755,124301600
1.58,2,0.2756812745771880873129596503,0.282364788495372,0.255051651720213,0.276017456903402,0.248687671561439,0.177899688260157,0.1866924908549346353190949086,0.1669545886826859353190949086,0.0197379021722487,5.8515207225163651360336758755,78.80811236733043361432425031,78.132096322569800163952554726,125093400
1.59,2,0.2746338568523380272948263667,0.281317335077894,0.254004198302734,0.274968761894385,0.247638976552421,0.17795354782941,0.1867097620173041786700469914,0.1669718598450554786700469914,0.0197379021722487,5.8478570764624083786658416884,78.77102837862611682419631579,78.103343663902243136335974608,125885100
1.60,2,0.2735987751010074003279411678,0.28028221266293,0.252969075887771,0.273932417902115,0.246602632560151,0.178006618678238,0.1867266752854973225548129983,0.1669887731132486225548129983,0.0197379021722487,5.8441831774955401889023097813,78.734423685281477753929965088,78.074986230752301778838773202,126676800
1.61,2,0.2725759137993458799768442042,0.279259297935745,0.251946161160586,0.272908309261865,0.245578523919902,0.178058683757956,0.1867430094394268683005673443,0.1670051072671781683005673443,0.0197379021722487,5.8404926881270848371602892736,78.698076155744298409319227284,78.046820756215429335161009374,127468500
1.62,2,0.2715651859724621720337743925,0.278248505036589,0.25093536826143,0.271896348892682,0.244566563550719,0.178109779559302,0.1867587979511407799656119682,0.1670208957788920799656119682,0.0197379021722487,5.8367865672605980797924550862,78.661985294906710890987667482,78.018847387849608839930318352,128260300
1.63,2,0.2705665178495002304275563021,0.277249756281506,0.249936619506347,0.270896462933749,0.243566677591786,0.178159797891112,0.1867739299842494671089210009,0.1670360278120007671089210009,0.0197379021722487,5.8330616396674099167988072182,78.626271077044110253665186101,77.991176323726039651539879415,129052000
1.64,2,0.2695798164832578673606008956,0.276262953967523,0.248949817192363,0.269908558324519,0.242578772982555,0.178208607436095,0.1867882708916730651742304655,0.1670503687194243651742304655,0.0197379021722487,5.8293140479928031594309730313,78.590730484606422968046687477,77.963621527825309961976243064,129843700
1.65,2,0.2686049973719806149627204108,0.275288012085233,0.247974875310074,0.26893255046019,0.241602765118226,0.178256169448421,0.1868017789495006628150076088,0.1670638767772519628150076088,0.0197379021722487,5.8255425969347864020631388437,78.555501542050193082967347418,77.936310019853750294606848015,130635500
1.66,2,0.2676419791209951471575603793,0.274324847636558,0.247011710861399,0.267968357846831,0.240638572504868,0.178302442277381,0.1868144096358030415353167177,0.1670765074635543415353167177,0.0197379021722487,5.8217460110340396446953046561,78.52033151032848374990833167,77.909009959197761888529696521,131427200
1.67,2,0.2666906710682836182879693393,0.273373365604442,0.246060228829283,0.267015889711867,0.239686104369903,0.178347305961458,0.1868260397460928902200158000,0.1670881375738441902200158000,0.0197379021722487,5.8179207607419928873274704689,78.485411621993709797651831846,77.881897038720518560325332777,132218900
1.68,2,0.2657510320846658164673089461,0.272433527145069,0.245120390369909,0.266075104875961,0.238745319533997,0.178390828099944,0.1868367354828547938622939839,0.1670988333106060938622939839,0.0197379021722487,5.8140687426201261299596362818,78.450680839620134881894447926,77.854915789069588983354234564,133010600
1.69,2,0.2648229605484785647095143711,0.271505223710312,0.244192086935153,0.265145901593526,0.237816116251563,0.178432815669572,0.1868463001521291663675203724,0.1671083979798804663675203724,0.0197379021722487,5.8101843218015693725918020941,78.415994251320461119784136827,77.827932535760184835011118457,133802400
1.70,2,0.2639064001865127940090115186,0.270588400943565,0.243275264168406,0.264228223522731,0.236898438180768,0.178473326503255,0.1868547896545821164617369096,0.1671168874823334164617369096,0.0197379021722487,5.8062690997224426152239679068,78.38144100668491990406847037,77.801029760094189146362058202,134594100
1.71,2,0.2630012594945430387345379329,0.26968296390509,0.242369827129931,0.263321979047765,0.235992193705802,0.178512267015254,0.1868621071481350974505540183,0.1671242049758863974505540183,0.0197379021722487,5.80232030206155585785613372,78.346986735384015218414072068,77.774175779728185624806954632,135385800
1.72,2,0.2621074710996482132037787525,0.268788843869321,0.241475707094162,0.262427100713547,0.235097315371584,0.178549602001145,0.1868682150513212316846727089,0.1671303128790725316846727089,0.0197379021722487,5.7983368521891891004882995321,78.312614891173616049818763475,77.747355455654691752712075798,136177600
1.73,2,0.2612249782208683005241207246,0.267905985803596,0.240592849028437,0.261543531669876,0.234213746327913,0.178585384500698,0.1868731644509892342891950328,0.1671352622787405342891950328,0.0197379021722487,5.794320213635750910724767624,78.278337859143357507100337553,77.720580584019395472949227258,136969300
1.74,2,0.2603537323038374113935157686,0.267034337167529,0.239721200392369,0.260671223303176,0.233341437961212,0.178619502913397,0.1868768419809726057419527334,0.1671389398087239057419527334,0.0197379021722487,5.790267138699795558982747117,78.244039366193469666781574545,77.693743581692413733331157496,137761000
1.75,2,0.2594936488672110155089727801,0.266173812217845,0.238860675442685,0.25981009102908,0.232480305687116,0.178651925528833,0.1868792129577833668583714418,0.1671413107855346668583714418,0.0197379021722487,5.7861766337725988016149129308,78.2098567650305376263421748,77.666971451099909232614323457,138552800
1.76,2,0.2586446416201689134821842595,0.265324326398891,0.238011189623731,0.25896004845154,0.231630263109576,0.178682706557095,0.1868803286075377332288895751,0.1671424264352890332288895751,0.0197379021722487,5.7820501663742820442470787422,78.175641765869713076093759609,77.640127309077003041613192387,139344500
1.77,2,0.2578066847915898150485238030,0.264485849736918,0.23717271296176,0.258121069768007,0.230791284426044,0.178711727001056,0.1868800689595286402867988541,0.1671421667872799402867988541,0.0197379021722487,5.7778842995972552868792445561,78.141441528782761625055240895,77.61325452221414941239609223,140136200
1.78,2,0.2569797231140224974000136596,0.263658328414088,0.236345191638929,0.257293099643635,0.229963314301672,0.178739031267943,0.1868784765157166284934836050,0.1671405743434679284934836050,0.0197379021722487,5.773680251032998529511410368,78.107255458955228556316183708,77.586352736763686976209543386,140928000
1.79,2,0.2561636718083668721922059174,0.262841677137095,0.235528540361935,0.256476053195939,0.229146267853975,0.178764609075088,0.1868755380230040621562675778,0.1671376358507553621562675778,0.0197379021722487,5.7694376410082317721435761807,78.073003625942541597710997704,77.559347830574334279132132421,141719700
1.80,2,0.2553584789151789648061048497,0.262035842000995,0.234722705225836,0.255669878402111,0.228340093060148,0.178788407433187,0.1868711986431112860941126846,0.1671332964708625860941126846,0.0197379021722487,5.7651548985219650147757419927,78.038809982874343807065312009,77.532354687920344806361214248,142511400
1.81,2,0.2546036094157537339449989171,0.261280312977957,0.233967176202798,0.254914088369419,0.227584303027456,0.178809074135828,0.1868654851735066836357995753,0.1671275830012579836357995753,0.0197379021722487,5.760832791265126851782094125,78.004536861521115794615848331,77.505245618944950998737842573,143303100
1.82,2,0.2538470210835763147621594951,0.260523014730358,0.233209877955198,0.254156577407927,0.226826792065963,0.178828387867775,0.1868583578123552962517881046,0.1671204556401065962517881046,0.0197379021722487,5.7564701789991200944142599386,77.970307477189071870369782295,77.478135000042456662913025332,144094900
1.83,2,0.2530967309525028798480417828,0.259771969051657,0.232458832276497,0.253405372327944,0.22607558698598,0.178846064856699,0.1868498129167476151824960862,0.1671119107444989151824960862,0.0197379021722487,5.752066957362283337046425751,77.93597358075392500217536451,77.450885004512084994493094645,144886600
1.84,2,0.2523526664773721977323552122,0.259027102460804,0.231713965685646,0.252660400495842,0.225330615153879,0.178862082103476,0.1868398249371200872214824382,0.1671019227648713872214824382,0.0197379021722487,5.7476223944135365796785915634,77.901596326928003854671478629,77.423552365975030884896833252,145678300
1.85,2,0.2516147878680888625908713309,0.258288375910581,0.230975239135421,0.251921622073006,0.224591836731042,0.178876462966087,0.1868284158544941890455332605,0.1670905136822454890455332605,0.0197379021722487,5.7431371198627598223107573763,77.867176964187693756629141255,77.396138266319438675831342461,146470100
1.86,2,0.2508830510403527890363568393,0.257555744809165,0.230242608034005,0.251188992921374,0.22385920757941,0.178889195220988,0.1868155718965420684814151109,0.1670776697242933684814151109,0.0197379021722487,5.7386107391618130381730391493,77.832707397842255391637611523,77.368635089747768392530916514,147261800
1.87,2,0.2501573969885097508165865603,0.256829149631736,0.229516012856576,0.250462453963338,0.223132668621374,0.178900267092903,0.1868012792177723692439930315,0.1670633770455236692439930315,0.0197379021722487,5.7340428556666062808052049618,77.798106331959865945506100107,77.340966881380058316845999426,148053500
1.88,2,0.2494377747371366550010662113,0.256108539794957,0.228795403019797,0.249741954161312,0.222412168819348,0.178909692480667,0.1867855499432230243868967670,0.1670476477709743243868967670,0.0197379021722487,5.7294338167338795234373707739,77.763522691415037785176134923,77.31327254121532603204647941,148845200
1.89,2,0.2487241536768434209276646880,0.255393882343588,0.22808074556843,0.249027462868579,0.221697677526616,0.178917405811798,0.1867683173902337669765563216,0.1670304152179850669765563216,0.0197379021722487,5.7247817120461341984652343062,77.728852351943579019049768906,77.285454685610769098453231788,149637000
1.90,2,0.2480164847274682752085209644,0.254685132159185,0.227371995384026,0.248318930945126,0.220989145603163,0.178923523106658,0.1867496959338792655356359419,0.1670117937616305655356359419,0.0197379021722487,5.7200898182078974410974001192,77.694058802884609254868238052,77.257479292187152845940501468,150428700
1.91,2,0.2473147179826993233075478572,0.253982236360596,0.226669099585437,0.247616308423783,0.22028652308182,0.178927961791965,0.1867296012056534785979347212,0.1669916990334047785979347212,0.0197379021722487,5.7153557182395106837295659317,77.659183339066146093765130812,77.229384618881004874980680193,151220400
1.92,2,0.2466188138739672134665151426,0.253285155331706,0.225972018556547,0.246919555687728,0.219589770345765,0.178930722579445,0.1867080325342675201955430560,0.1669701303620188201955430560,0.0197379021722487,5.7105793929099639263617317452,77.624225011807042543944469974,77.201169654159067035873406785,152012200
1.93,2,0.2459287243346600797373824313,0.252593841416053,0.225280704640895,0.246228624611733,0.21889883926977,0.178931819732828,0.1866850025115745098984549621,0.1669471003393258098984549621,0.0197379021722487,5.7057612029492786013895952766,77.589176177510929346302526502,77.172827134381451778120540517,152803900
1.94,2,0.2452444104457129223725652162,0.251908257633403,0.224595120858244,0.245543476229274,0.218213690887311,0.178931310812177,0.1866605673719824159990681660,0.1669226651997337159990681660,0.0197379021722487,5.7009027593545718440217610899,77.554056117716593676195999621,77.144375117101546627783309037,153595600
1.95,2,0.2445658336004209269566972558,0.251228361717826,0.223915224942668,0.244864071886566,0.217534286544603,0.178929093053911,0.1866346229394508612626675177,0.1668967207672021612626675177,0.0197379021722487,5.6960010777021236542582291819,77.518832070637867325227431361,77.115782525942738880968172402,154387400
1.96,2,0.2438929666695358891050558181,0.250554129749082,0.223240992973924,0.244190384421278,0.216860599079315,0.178925259773479,0.1866072616377804293061225242,0.1668693594655317293061225242,0.0197379021722487,5.691058805738788329286092715,77.483522259740922397414704278,77.087066492257140237397435654,155179100
1.97,2,0.2432257516476877804381361532,0.249885500456991,0.222572363681832,0.243522355757305,0.216192570415341,0.178919720518266,0.1865783909311577485805203713,0.1668404887589090485805203713,0.0197379021722487,5.6860732925087815719182585272,77.448025519021509587299777082,77.058131590021915014882847032,155970800
1.98,2,0.2425641619919841277981726777,0.249222452361184,0.221839246363302,0.242859959319386,0.215460062044405,0.178915068521919,0.1865481563432400737395802173,0.1668102541709913737395802173,0.0197379021722487,5.6810487069577948145504243405,77.412525919397378588650190908,77.029150912909032510062340453,156762600
1.99,2,0.2419081690959529248069916582,0.248564952469232,0.22111167724863,0.242203166466164,0.214733157258167,0.178908732814844,0.1865164326997880288719895463,0.1667785305275393288719895463,0.0197379021722487,5.6759814631080123275997992736,77.376842338883894346712012135,76.999953731063349752227885075,157554300
2.00,2,0.2412577081475434128034211678,0.247912937739107,0.220389593295783,0.241551912306554,0.21401179116554,0.178900767479761,0.1864832718504405445675155551,0.1667453696781918445675155551,0.0197379021722487,5.6708730463421855702319650859,77.341124605936362676127138067,76.970680944673247516893521355,158346000
2.01,2,0.2406642286704017508092942425,0.247317890687626,0.21972447702158,0.240957709104845,0.213347476030813,0.178889421510606,0.1864487205697255664330640058,0.1667108183974768664330640058,0.0197379021722487,5.6657247966518288128641308979,77.30524372452175433094386975,76.941210982002169842444268151,159137700
2.02,2,0.2400738326514543217745502406,0.246725876129467,0.219062393240698,0.240366593121485,0.212686248114436,0.178876454534099,0.1864126551016226640111742555,0.1666747529293739640111742555,0.0197379021722487,5.6605331686881120554962967112,77.269228733886716999141772039,76.91157069853166534528909309,159929500
2.03,2,0.2394909541531615615082641317,0.246141336148309,0.218407784036818,0.239783003826096,0.21203254688603,0.178861863915833,0.1863752278398148311136166117,0.1666373256675661311136166117,0.0197379021722487,5.6553025282084667305241602435,77.233127453842858952034688335,76.881805264005881077797707076,160721200
2.04,2,0.2389155572252247895754577907,0.245564232795751,0.217760611461539,0.23920690522454,0.211386336351457,0.178845594321336,0.1863363821591581640919123201,0.1665984799869094640919123201,0.0197379021722487,5.6500312530220099731563260556,77.196908227087795351900551629,76.85188450236044263883696377,161512900
2.05,2,0.2383475353216415050657663610,0.244994458590194,0.21712076803326,0.238638190640885,0.210747509834785,0.178827624541315,0.1862960931122263054142625538,0.1665581909399776054142625538,0.0197379021722487,5.6447186284376232157884918695,77.160573586091377449076012266,76.821810535741548853662479317,162304700
2.06,2,0.2377868270915571867502710706,0.244431953718849,0.216488193939194,0.238076798649463,0.210116005910346,0.178808001834817,0.1862544058418413264590267493,0.1665165036695926264590267493,0.0197379021722487,5.6393659477018964584206576816,77.124124544278471253311504792,76.791584174875149631651109417,163096400
2.07,2,0.2372333804440500834012174515,0.243876666921307,0.215862837918928,0.237522677095829,0.209491772423694,0.178786752713993,0.1862113450550401508930686800,0.1664734428827914508930686800,0.0197379021722487,5.6339739186192997010528234945,77.087569557968422760672809154,76.761213238797012456370758669,163888100
2.08,2,0.2366871248272707721251091674,0.24332852540072,0.21524462717562,0.236975755342098,0.208874738736946,0.178763816587269,0.1861668476565869564239495895,0.1664289454843382564239495895,0.0197379021722487,5.6285407336444729436849893068,77.050887386816413764967240982,76.73067728237789302928891544,164679900
2.09,2,0.2361479811649123331408033538,0.242787452072071,0.214633484624249,0.236435954215532,0.208264825677363,0.178739254621077,0.1861209720854248633819165958,0.1663830699131761633819165958,0.0197379021722487,5.6230680669298176187128528391,77.014021360927934281240045475,76.699922406037546689171232157,165471600
2.10,2,0.2356159029687803733127139671,0.242253400309535,0.214029363638992,0.235903227171248,0.207661986700062,0.178713065310015,0.1860737152098509518506763703,0.1663358130376022518506763703,0.0197379021722487,5.6175558287586508613450186524,76.977104332081555976981044374,76.669074288831943295711750057,166263300
2.11,2,0.2350908239353529236560843440,0.241726304638683,0.213432198745417,0.235377507824868,0.207066155420665,0.178685275870312,0.1860251019444891632683455043,0.1662871997722404632683455043,0.0197379021722487,5.6120047328823741039771844646,76.940008397225414659316750286,76.63801140144836916969759938,167055000
2.12,2,0.2345726890640477986045709044,0.241206109299849,0.212841934183861,0.234858741108739,0.206477276771519,0.178655867446573,0.1859751114994483377106531080,0.1662372093271996377106531080,0.0197379021722487,5.6064141837144716170265593967,76.902786201601641715553969518,76.606783362209658193222183034,167846800
2.13,2,0.2340614469510760356736596603,0.240692762933719,0.21225851859501,0.234346875556387,0.20589529928615,0.17862484400579,0.1859237460468877695909537512,0.1661858438746390695909537512,0.0197379021722487,5.6007842434827334272630274905,76.865509775852773940724156292,76.575458404163155973268457662,168638500
2.14,2,0.2335570427019453609220705470,0.240186210350314,0.211681896788884,0.233841856206379,0.205320168003125,0.17859219996263,0.1858709980787755644871177570,0.1661330959065268644871177570,0.0197379021722487,5.595114697097888102290891023,76.828035303838990014309118136,76.543899523997704745333548535,169430200
2.15,2,0.2330594172679855579117689545,0.239686395011528,0.211112012227376,0.233343623938037,0.204751823801766,0.178558010304193,0.1858169405633794644482208522,0.1660790383911307644482208522,0.0197379021722487,5.5894076349468213449230568347,76.790453898834808655436811702,76.512193175168959440494869398,170222000
2.16,2,0.2325685103633938801523850558,0.239193256145303,0.210548804138429,0.232852118392042,0.204190206322754,0.178522264264781,0.1857615606206460646419020888,0.1660236584483973646419020888,0.0197379021722487,5.5836626880431860199509203682,76.752750785332240731193218541,76.48032501264580916071167279,171013700
2.17,2,0.2320842827681828409371800866,0.238706752466358,0.209992231236762,0.232367300300579,0.203635276298274,0.178484904757153,0.1857047997572743142504013400,0.1659668975850256142504013400,0.0197379021722487,5.5778781806773392625830861808,76.714911403078148025213278137,76.448280791859765494827245985,171805400
2.18,2,0.2316066862871567259547135087,0.238226839554436,0.209442249102118,0.23188912140968,0.203086985474358,0.1784460424067,0.1856467669810203355885755026,0.1659088648087716355885755026,0.0197379021722487,5.5720572356914625052152519924,76.676963921204420756148966245,76.416087240164876473423121777,172597200
2.19,2,0.2311356860567116236298248406,0.237753479724889,0.208898820049848,0.231417546813228,0.202545298944888,0.178405598256002,0.1855873820673880302923467465,0.1658494798951393302923467465,0.0197379021722487,5.5661975548230357478474178055,76.638883178644639146978305137,76.383719960375458193381316446,173388900
2.20,2,0.2306712134695837617529175636,0.23728660571539,0.208361876817627,0.230952507820293,0.202010148018936,0.178363614413888,0.1855266847521338423448994837,0.1657887825798851423448994837,0.0197379021722487,5.5603002764176289904795836183,76.600681857129783207403132835,76.351190818190909865296996668,174180600
2.21,2,0.2302132266959509717758661160,0.236826176133753,0.207831378013269,0.230493962550044,0.20148149081567,0.178320105604367,0.1854646883057312073400647164,0.1657267861334825073400647164,0.0197379021722487,5.5543657806463022331117494312,76.562353015734867004557841687,76.318492903645700078632769407,174972400
2.22,2,0.2297616889195419522724746225,0.236372153635779,0.207307286292573,0.230041874141314,0.200959290473923,0.178275058638591,0.1854013782440710503587301452,0.1656634760718223503587301452,0.0197379021722487,5.548393652569896908139612964,76.523893543605900472439952703,76.285622915188249400152538579,175764100
2.23,2,0.2293165588618413962506312374,0.235924499569167,0.206789563003239,0.22959620126525,0.200443505664842,0.178228550884423,0.1853368305389411189803444492,0.1655989283666924189803444492,0.0197379021722487,5.542386068619810150771778776,76.485259533579231617787844882,76.25253856776137684692370909,176555800
2.24,2,0.2287768574971223701276375748,0.235382283555156,0.206177277766507,0.229055841756228,0.199833034222803,0.178187266418837,0.1852742027761359950116407800,0.1655363006038872950116407800,0.0197379021722487,5.5364334869657833934039445885,76.447480036508018348748773797,76.220229696591580975210131248,177347500
2.25,2,0.2280866979596150171548434939,0.234689493567398,0.205414418556026,0.228364840596673,0.199071921130231,0.178150549422599,0.1852108847444001382009143601,0.1654729825721514382009143601,0.0197379021722487,5.5304611305635194740576218021,76.409675335460657455469172455,76.1878508143676698687601236,178139300
2.26,2,0.2274013466314385456047259781,0.234001264557982,0.204656120323889,0.227678653509869,0.19831562211041,0.178106500720849,0.1851403986492765370067774323,0.1654024964770278370067774323,0.0197379021722487,5.5242834242715627166897876135,76.369994303123676619140004522,76.153617233109092927977042079,178931000
2.27,2,0.2267207404531607075508052653,0.233317539991476,0.203902326534661,0.226997217359484,0.197564074027008,0.178055310440604,0.1850629325289060729932431978,0.1653250303566573729932431978,0.0197379021722487,5.517905754985837391717651147,76.328550719002721044732150647,76.117634917967855804147802493,179722700
2.28,2,0.2260448385779480667241448283,0.23263829635156,0.203153013672023,0.226320491248875,0.196817235983382,0.177997477003093,0.1849789836801839475635730052,0.1652410815079352475635730052,0.0197379021722487,5.5113423692129706343498169599,76.285410326592133144149976488,76.079964266338029365585094566,180514400
2.29,2,0.2253735511171880227067640543,0.23196344903463,0.202408097132371,0.225648385179813,0.196075017981302,0.177933156461097,0.1848887051082043317175764879,0.1651508029359556317175764879,0.0197379021722487,5.5045976502260338769819827724,76.240681174590255901159949494,76.0407061431854017344156503,181306200
2.30,2,0.2247068556519701103070448438,0.231292993272547,0.201667572147566,0.224980876706048,0.195337397574521,0.17786285544123,0.1847926029645544183368786161,0.1650547007923057183368786161,0.0197379021722487,5.4976860981998971196141485838,76.194427201843174125130599385,75.999919571416144015242134525,182097900
2.31,2,0.2240446765116993532539321980,0.230626857140986,0.200931366793283,0.224317890064709,0.194604299000164,0.177786685187574,0.1846907859154241591332899222,0.1649528837431754591332899222,0.0197379021722487,5.4906108261915903622463143965,76.146740112877531337933269115,75.957690048968363179389169421,182889600
2.32,2,0.2233869566220393129120670463,0.229964993731177,0.200199434160753,0.223659368111859,0.193875665114297,0.177704939794392,0.1845835462388316265606329734,0.1648456440665829265606329734,0.0197379021722487,5.4833802073495536048784802092,76.097627605326803958406998748,75.914022469744824868230638514,183681400
2.33,2,0.2227336573698892903693179287,0.229307375924425,0.199471747131277,0.223005272187311,0.193151457256731,0.17761795044156,0.1844712139664779458723650526,0.1647333117942292458723650526,0.0197379021722487,5.4760036963855782799063437423,76.047181951125397775816162403,75.869003355963900078890687915,184473100
2.34,2,0.2220847233547916917831391794,0.22865395950152,0.198748261485652,0.222355546823047,0.192431619959451,0.177526040221042,0.1843541104502786765029396079,0.1646162082780299765029396079,0.0197379021722487,5.4684904993539115225385095549,75.995550781827822907782331996,75.822772896610585793610544182,185264800
2.35,2,0.2214400910865429874942488126,0.228004682550508,0.198028915311917,0.221710128451441,0.191716089654827,0.177429257654617,0.1842322820217598498571087681,0.1644943798495111498571087681,0.0197379021722487,5.4608419435550047651706753669,75.942673197404562912697323494,75.775269863534923087553719934,186056600
2.36,2,0.2207997244852264182504454501,0.227359522758516,0.197313686297204,0.221068980948578,0.191004830218947,0.177327998869349,0.1841061237879676111241238498,0.1643682216157189111241238498,0.0197379021722487,5.4530693479719580078028411798,75.888726957838354493152077867,75.726663962647247234006574714,186848300
2.37,2,0.2201635693518424068733232644,0.226718430238649,0.196602524554615,0.220432050049364,0.190297787386717,0.177222390187615,0.1839757602532989791314406665,0.1642378580810502791314406665,0.0197379021722487,5.4451762793930055208522161127,75.833731671326840166837063151,75.67697204595760463793308505,187640000
2.38,2,0.2195315765789529976642296449,0.226081367805911,0.195895392899154,0.219799286586479,0.189594911990814,0.177112775596551,0.1838415338976040712786045645,0.1641036317253553712786045645,0.0197379021722487,5.4371725491431487634843819254,75.777656727014172272273934027,75.626162520427338894563220531,188431800
2.39,2,0.2189037001825903793274509300,0.22544829047337,0.195192246343892,0.219170644519877,0.188896157991195,0.176999186057019,0.1837034740928630630992556523,0.1639655719206143630992556523,0.0197379021722487,5.4290589986676334385122454585,75.720702501933259520951207645,75.574427319579253138033685097,189223500
2.40,2,0.2182799018173962465641300471,0.22481916950819,0.194493056155992,0.218546085457439,0.188201486995741,0.176881898844819,0.1835618569432074358296513283,0.1638239547709587358296513283,0.0197379021722487,5.4208435377671766811444112706,75.662805988676340817677507084,75.52170361232107999958071013,190015200
2.41,2,0.2176601195747018987767060797,0.224193947218525,0.193797764643603,0.217925547415004,0.187510837020288,0.176761037957675,0.1834168043574060265383589472,0.1636789021851573265383589472,0.0197379021722487,5.4125296588707499237765770837,75.603996518508833730940179644,75.468017871156482963518205103,190807000
2.42,2,0.2170443331025320650296330883,0.223572610871708,0.193106359074065,0.217309010015775,0.186824187688042,0.176636822650573,0.1832685350125189342017711517,0.1635306328402702342017711517,0.0197379021722487,5.4041236266146631664087428957,75.544402598130393849662817168,75.413493041566878659051078052,191598700
2.43,2,0.2164324839797143903786376957,0.222955108503772,0.192418787483407,0.216696414767339,0.186141480506589,0.176509440894698,0.1831172349517072884477037754,0.1633793327794585884477037754,0.0197379021722487,5.3956307707428864090409087086,75.484067971025108749522531472,75.358169968303998690242468922,192390400
2.44,2,0.2158245230504312083648100152,0.222341394829644,0.191735004586558,0.216087712453935,0.185462666260168,0.176379006109299,0.1829630159447013280940801707,0.1632251137724526280940801707,0.0197379021722487,5.3870542932223296516730745209,75.422954027345468318962172752,75.302009411453969617930129741,193182100
2.45,2,0.2152204224864794647200007185,0.221731450858242,0.191054991422,0.215482875213424,0.184787717116225,0.176245772813482,0.1828061316938135713079402689,0.1630682295215648713079402689,0.0197379021722487,5.3784014620888743267009380544,75.361200326956109612528680196,75.245145563988513801723792419,193973900
2.46,2,0.2146201438642618427556050099,0.22112523620965,0.190591239191652,0.214881864575352,0.184329255733552,0.176102265232589,0.1826465268144277868808152499,0.1629086246421790868808152499,0.0197379021722487,5.3696706906901375693331038667,75.298714924519978563700443452,75.187487212672656915079402512,194765600
2.47,2,0.2140236308753733610465426538,0.220522708325919,0.190131173726165,0.21428462416265,0.183874564576248,0.175956301845907,0.1824845962915018953640002545,0.1627466941192531953640002545,0.0197379021722487,5.3608732945116508119652696793,75.235609358708700188793152678,75.129141553090743573314961184,195557300
2.48,2,0.2134308471307623699955829881,0.21992382465029,0.189674752468779,0.213691117541889,0.183423607210886,0.175807707940099,0.1823201640329194137919589817,0.1625822618606707137919589817,0.0197379021722487,5.3520042288858740545974354922,75.171962811744303549264597811,75.070184165313235768936705149,196349100
2.49,2,0.2128417654183902039531966752,0.219328573394438,0.18922196363117,0.213101317467849,0.182976356392243,0.175656926618366,0.1821536724605479809861740740,0.1624157702882992809861740740,0.0197379021722487,5.3430761682656972972296013042,75.107769940169922626249348472,75.010608634407735303173059013,197140800
2.50,2,0.2122563524850737436428562330,0.218736917758261,0.188772770413237,0.212515190646793,0.182532778826586,0.175503858052663,0.1819850205228513545954478960,0.1622471183506026545954478960,0.0197379021722487,5.334086217737844810278976237,75.043057635175650504384752425,74.950439708154663892180710744,197932500
2.51,2,0.2116745518791187720246679463,0.218148808808726,0.188327123881946,0.211932680558189,0.18209281799338,0.175348720507102,0.1818144246432423126706048483,0.1620765224709936126706048483,0.0197379021722487,5.325040577376398052911142049,74.977821091610262337551727673,74.88967135602046727254637066,198724300
2.52,2,0.2110963388054579487331342122,0.217564224502502,0.187885001993965,0.211353762376731,0.181656449067321,0.175191594080328,0.1816419641022702884003061329,0.1619040619300215884003061329,0.0197379021722487,5.315941518401792727939005582,74.912083890386554476544550001,74.828325222972185428497605812,199516000
2.53,2,0.2105216604398870761806845924,0.216983114920553,0.187446354830259,0.210778383213799,0.181223619159787,0.175032564733322,0.1814677230664030562374402122,0.1617298208941543562374402122,0.0197379021722487,5.3067914520057145381754736754,74.84599782255177216292839359,74.766548602401902419737565435,200307700
2.54,2,0.2099505126205380556376081014,0.21640547853013,0.187011180858081,0.210206538902449,0.180794324103836,0.174871707972278,0.1812917769423438099749523391,0.1615538747700951099749523391,0.0197379021722487,5.2975925384310877808076394873,74.779442406931938008384410031,74.704222288267033259186093959,201099400
2.55,2,0.2093828415589050236534364552,0.215831270318528,0.186579435064721,0.209638175588583,0.180368510045367,0.174709277921567,0.1811143781287397605831272241,0.1613764759564910605831272241,0.0197379021722487,5.2883520083665324558355030196,74.712568280703774168961863561,74.641492762653903244382329925,201891200
2.56,2,0.2088186154271477637599265786,0.2152604552123,0.186151082376737,0.209073261405547,0.17994614511773,0.174545183306918,0.1809354341828740969461304124,0.1611975320106253969461304124,0.0197379021722487,5.2790672135232856984676688327,74.645270962146176670316725597,74.578256304397442417745642682,202682900
2.57,2,0.2082577915739865367200984082,0.214692999104229,0.185726088686909,0.20851175365005,0.179527186617631,0.174379671033054,0.1807551906687384353654117601,0.1610172884964897353654117601,0.0197379021722487,5.2697451887915089410998346456,74.577685525996554951824861637,74.514644385157219665064159849,203474600
2.58,2,0.2077003577560761920280863979,0.214128885574439,0.185304437575364,0.207953640063817,0.179111622286797,0.174212622141293,0.1805735281270717592909254680,0.1608356259548230592909254680,0.0197379021722487,5.2603825119154621837320004584,74.509713126545318234651008235,74.450558698490222924361680811,204266400
2.59,2,0.2071462632713166930461822477,0.213568074828501,0.184886089247668,0.207398869882919,0.178699401361296,0.174044351643098,0.1803907599886348091294334078,0.1606528578163861091294334078,0.0197379021722487,5.2509881620250254263641662703,74.441574371825407361232750233,74.386215159342409628964060735,205058100
2.60,2,0.2065954857535123723025564232,0.213010541382083,0.184471018219494,0.206847420713884,0.17829050144766,0.173874771418685,0.1802067972979341207199858843,0.1604688951256854207199858843,0.0197379021722487,5.2415595907330301013920298037,74.373042465535389882120379921,74.321389546088507088951593478,205849800
2.61,2,0.2060479757936534131748858849,0.212456239320376,0.18405917857603,0.206299243087452,0.177884873076626,0.173703984117721,0.1800217410397003177010439625,0.1602838388674516177010439625,0.0197379021722487,5.2320996910389033440241956164,74.304337874380724553170119887,74.256297852305338359514274418,206641500
2.62,2,0.2055037220153648809857395793,0.211905160988983,0.18365056266288,0.205754325613374,0.177482504857946,0.173532096919835,0.1798356980611377146974234604,0.1600977958888890146974234604,0.0197379021722487,5.2226115238895765866563614279,74.235367181640479990670572044,74.190847096954531339025092159,207433300
2.63,2,0.2049627045714294584761217803,0.211357290465966,0.183245154558107,0.205212648420229,0.1770833769202,0.173359223270264,0.1796487811827073462613830520,0.1599108790104586462613830520,0.0197379021722487,5.2130983213531740997057363608,74.166226512789239102437641428,74.125131116926945733297580985,208225000
2.64,2,0.2044248638570821241859932607,0.210812565269734,0.182842891780119,0.204674151830568,0.176687429585938,0.173185283910556,0.1794609090136635129610600679,0.1597230068414148129610600679,0.0197379021722487,5.2035577517565973423379021734,74.096884262685609491693275647,74.059117788565488036017612112,209016800
2.65,2,0.2038901898445741632911094142,0.210270982340424,0.182443771269053,0.204138825804413,0.176294652815181,0.173010478900333,0.1792722813849692857456855140,0.1595343792127205857456855140,0.0197379021722487,5.1939955398352405849700679868,74.027340318230071748265029597,73.992806078821137577938453225,209808500
2.66,2,0.2033586539041279447578582193,0.209732514790371,0.182047766137242,0.203606641677074,0.175905017943239,0.172834859627234,0.1790829487145951425353064068,0.1593450465423464425353064068,0.0197379021722487,5.1844131299575638276022337995,73.957672158005174341250136834,73.926271687202362263526754589,210600200
2.67,2,0.2028302173307187637856187980,0.209197122405713,0.181654836170828,0.203077560696326,0.17551848621789,0.172658384911912,0.1788928684448340284281387221,0.1591549662725853284281387221,0.0197379021722487,5.1748093029350670702343996123,73.887860628054157525156384798,73.859494828028570423714211533,211391900
2.68,2,0.2023048516236533671758082945,0.208664779588591,0.181264955771949,0.202551554326721,0.175135029103683,0.172481139373945,0.1787021242503649641597701822,0.1589642220781162641597701822,0.0197379021722487,5.1651864558707317452622631439,73.817866035772107260215477458,73.792435310755959461499715043,212183700
2.69,2,0.2017825380591762446289262330,0.208135473093035,0.180878111694636,0.20202860382167,0.17475462785403,0.172303280857747,0.1785108734171688122880880295,0.1587729712449201122880880295,0.0197379021722487,5.1555490946759949878944289562,73.747803854133155571353474599,73.72520672842536698439048528,212975400
2.70,2,0.2012632587312087158189050296,0.207613325691442,0.180498426711287,0.20150869125326,0.174377264541018,0.172243383819053,0.1784377620513080243278248208,0.1586998598790593243278248208,0.0197379021722487,5.1492961799173782305265947694,73.665038957360068270048843681,73.645278204476642939664147471,213767100
2.71,2,0.2007469566272089774906171577,0.2070955790841,0.180123142522188,0.200991759539423,0.17400288208258,0.172224096501583,0.1784053892538303935518034113,0.1586674870815816935518034113,0.0197379021722487,5.1442103391746414731587605817,73.577978995133265654687163309,73.560959320877296155829928704,214558800
2.72,2,0.2002336340053194284016822423,0.206580794692411,0.179750820548743,0.200477810941056,0.173631482739611,0.172204158621224,0.1783724696696050085757032876,0.1586345674973563085757032876,0.0197379021722487,5.1391088341454347157909263942,73.491127260095552009874718164,73.476711973481843598833832361,215350600
2.73,2,0.1997232443440503243903365059,0.206068929175137,0.179381417449713,0.199966798879938,0.173263019933892,0.172183663686015,0.1783390952371209652190945740,0.1586011930648722652190945740,0.0197379021722487,5.1339942986734579584230922074,73.404513714093514684309758895,73.392566106966110732363849156,216142300
2.74,2,0.1992157688880843678110897121,0.205559965127832,0.179014915820651,0.199458704577881,0.172897474887233,0.172162651362548,0.1783053049913982772917533448,0.1585674028191495772917533448,0.0197379021722487,5.1288678510296626334509557405,73.318139833053031709547153593,73.308523382560782390572238399,216934000
2.75,2,0.1987111923737097983975189682,0.205053885565922,0.178651298676984,0.198953512752558,0.172534832317308,0.172141073171651,0.1782710498900456224378613795,0.1585331477177969224378613795,0.0197379021722487,5.1237280862530258760831215526,73.23192965160797953162604882,73.224508269564130979532195044,217725800
2.76,2,0.1982094786498806104722269434,0.204550659007292,0.178290534536599,0.19845118720884,0.172175056028989,0.172119064708128,0.1782364643465560266413207022,0.1584985621743073266413207022,0.0197379021722487,5.118578855006473389132496485,73.145989143480696402581355583,73.140626493500527323961526257,218517500
2.77,2,0.1977106019695774400268494644,0.20405025924809,0.177932597195638,0.19795170216831,0.171818120243856,0.17209661423909,0.1782015357206871168205944975,0.1584636335484384168205944975,0.0197379021722487,5.1134197951737451993689645786,73.060309685978499138040797175,73.056869702952988786636929226,219309200
2.78,2,0.1972145548977975937138573251,0.20355267881884,0.177577479184632,0.197455050186897,0.171464017517842,0.17207372116698,0.1781662631545639776204074789,0.1584283609823152776204074789,0.0197379021722487,5.1082508821785338743968281105,72.974888430282735869472269705,72.973235287792857965630378797,220101000
2.79,2,0.1967212927256019522248532325,0.203057874463437,0.177225137247474,0.196961186501143,0.171112703087487,0.172050429438096,0.1781306890580980658729425295,0.1583927868858493658729425295,0.0197379021722487,5.1030733309753031170289939226,72.889672541701824130956341117,72.889670642210352512003201327,220892700
2.80,2,0.1962307997796671613188170798,0.202565836233114,0.176875561435395,0.196470095418611,0.170764161260353,0.172026903803535,0.1780949777348165872867949547,0.1583570755625678872867949547,0.0197379021722487,5.0978918485133883596611597359,72.804783769776312719371509618,72.806297711350281076925628641,221684400
2.81,2,0.1957430604603197035227322917,0.202076541159063,0.176528728779587,0.195981761320604,0.170418376417744,0.172002934056253,0.1780589183041298949195509873,0.1583210161318811949195509873,0.0197379021722487,5.0927003935089070346890232678,72.720140369912241466389136183,72.723035012177036077662250646,222476100
2.82,2,0.1952580401007356499973991989,0.201589965683317,0.176184615722085,0.195496149498023,0.170075313850562,0.17197884012877,0.1780228296815000574537742702,0.1582849275092513574537742702,0.0197379021722487,5.0875081022168552773211890815,72.635792452007154219565545639,72.639932966082027246214279658,223267900
2.83,2,0.1947757136414735504543625869,0.201106076356732,0.175843188813741,0.195013234860869,0.169734948468805,0.171954383084407,0.1779864719084465578246870479,0.1582485697361978578246870479,0.0197379021722487,5.0823081003331370875576571735,72.551779314905433681430815938,72.557031320273924134614065965,224059600
2.84,2,0.1942960767989889209310149102,0.200624876690955,0.175504451566209,0.194533013120372,0.169397275983707,0.171929786372807,0.1779500684210448067340613292,0.1582121662487961067340613292,0.0197379021722487,5.0771067888298127625855207062,72.468043995184618087476367104,72.474273285027645807534331683,224851300
2.85,2,0.1938190953675653443084931598,0.200146329064782,0.17516836635828,0.194055450029104,0.169062262147838,0.17190495397938,0.1779135219502358724067161759,0.1581756197779871724067161759,0.0197379021722487,5.0719013811536010052176865195,72.384565416084852956798799308,72.391637955012491671909301652,225643100
2.86,2,0.1933447449614276019065414535,0.199670414233684,0.174834913945425,0.193580521171553,0.168729882545685,0.171880034407949,0.1778769802377515881131511926,0.1581390780655028881131511926,0.0197379021722487,5.066696109793349247849852332,72.30150775382697495618163737,72.309290664087002668877886873,226434800
2.87,2,0.1928730004740547747069923183,0.199196515629872,0.174503477759856,0.193108201410581,0.168400112040111,0.171838091739298,0.1778234961633754320621708947,0.1581024235966824320621708947,0.019721072566693,5.0614876082020094904820181442,72.218821806622859388880148821,72.227061333181899224831584875,227226500
2.88,2,0.1924038583696420512389642314,0.19872453876126,0.174173963309488,0.192638487206071,0.168072947090999,0.171776521511669,0.1777504635541915489301680849,0.1580657465824534489301680849,0.0196847169717381,5.0562784607322917331141839563,72.136601248898806883229645315,72.145049799420547390822712821,228018300
2.89,2,0.1919372859527080189308212038,0.19825513181766,0.173847018784132,0.192171345822671,0.167748354962998,0.171714823441854,0.1776773928697888088362420036,0.1580290314930054088362420036,0.0196483613767834,5.051068222487890246163558889,72.054683928343555558790288283,72.063242804555326656046544769,228810000
2.90,2,0.1914732687511678442337961258,0.197788283547677,0.173522632932392,0.191706762770648,0.167426321166373,0.17165309051668,0.1776043766476820491631700168,0.1579923708658534491631700168,0.0196120057818286,5.0458595444733484887957247017,71.973105936355845061254303311,71.981676993107861085343934869,229601700
2.91,2,0.1910117743096444595583179993,0.197323962731592,0.17320077453455,0.191244705555048,0.167106813206171,0.171591359821297,0.1775314508608765937768400769,0.1579558006740026937768400769,0.0195756501868739,5.0406534572393471638235882347,71.891810129972746564364706912,71.900295032646361273007090188,230393500
2.92,2,0.1905527979142474173407173946,0.196862158555033,0.172881432776234,0.190785169456231,0.166789826362752,0.171529456907774,0.1774584407902945583628370117,0.1579191461983755583628370117,0.019539294591919,5.0354449554530104064557540478,71.810867068545423904618848868,71.81916838763429659340486937,231185200
2.93,2,0.1900963174363435773820460453,0.196402857226613,0.172564593866059,0.190328132318578,0.166475338480498,0.171467621683149,0.1773855857155169771225171389,0.1578826467185526771225171389,0.0195029389969643,5.0302408939693866490879198593,71.730227477093553373988988511,71.738247620668169581699827808,231976900
2.94,2,0.1896422909576920617419800567,0.195946014992043,0.172250214049732,0.189873552172733,0.166163307590051,0.17140580376616,0.1773128337589689492718620948,0.1578462503569594492718620948,0.0194665834020095,5.0250397866054378917200856723,71.649937209512286107144563872,71.657579348366561691768021741,232768600
2.95,2,0.1891907235900432516477193249,0.195491633410258,0.17193829488619,0.189421434136678,0.165853738809394,0.171343901149726,0.1772400830301174520795751495,0.1578098552230626520795751495,0.0194302278070548,5.019838714412401134352251485,71.569902101934080260633677463,71.577068678776045577964513983,233560400
2.96,2,0.1887415949346895633861968631,0.195039700390174,0.17162882428435,0.18897175778683,0.165546611714945,0.171282152801881,0.1771675719294487149447658675,0.1577736997173488149447658675,0.0193938722120999,5.0146445070611323769844172973,71.490260297770266636901909418,71.496855594394851189990341191,234352100
2.97,2,0.1882948803631772978712775127,0.194590183861452,0.17132177017387,0.188524498464703,0.165241901648216,0.171220346905335,0.1770950876494685262270249212,0.1577375710323233262270249212,0.0193575166171452,5.0094510680659880520122808301,71.410995868422885340956136802,71.416924409251116461650692045,235143800
2.98,2,0.1878505497509753466589071206,0.194143060556471,0.171017109287133,0.18807962600903,0.164939578447941,0.171158681394786,0.1770228271922705258954931405,0.1577016661700801258954931405,0.0193211610221904,5.0042640411212342946444466436,71.332057395597913676987071305,71.337223418323077428260539863,235935600
2.99,2,0.1874085988218768968167104350,0.193698321655277,0.170714832804182,0.187637136138389,0.164639637832698,0.171097026378378,0.1769506604373130632590017969,0.1576658550100773632590017969,0.0192848054272357,4.9990796985479345372766124551,71.253403614869980049481348226,71.257711095622275177894112471,236727300
3.00,2,0.1869690176996778487667364368,0.193255961041325,0.170414934617714,0.187197018964532,0.164342069923485,0.171035490035862,0.1768786952853042419515359808,0.1576302454530234419515359808,0.0192484498322808,4.9939011314736877799087782683,71.175184860608007060240347551,71.178540215437172720707881928,237519000
3.01,2,0.1865902947929218972671121832,0.19287450156515,0.170106524683935,0.186817834220286,0.164035979248567,0.170974417984302,0.1768068970857211097828839118,0.1575948028483950097828839118,0.0192120942373261,4.9887273472341210225409440807,71.097271850976899902661333777,71.09958004333230435807185621,238310800
3.02,2,0.1862131915257702636667971014,0.192494670479111,0.169799743140291,0.186440271090731,0.163731510188339,0.170913511650693,0.1767353213331337351342453654,0.1575595826907624351342453654,0.0191757386423713,4.983559935631562535590319014,71.019741446007923614077154288,71.020908946295569813460581877,239102500
3.03,2,0.1858377247823023736676567049,0.192116482768528,0.169494604972102,0.186064346480535,0.16342867964747,0.170852715777045,0.1766639133261946334980698872,0.1575245302787780334980698872,0.0191393830474166,4.978397329587845778222484826,70.942633054842177272229060071,70.942567419486435031817751782,239894200
3.04,2,0.1854638514603146964855182307,0.191739896818444,0.169191068564413,0.185690017234933,0.163127444471195,0.170792075210959,0.1765927164328446886162992371,0.1574896889803829886162992371,0.0191030274524617,4.9732407715029644532503483585,70.865785020359818515288602042,70.864391527373650067137938346,240685900
3.05,2,0.1850915678281325549075700320,0.191364909953698,0.168889131242062,0.1853172796177,0.162827800923289,0.170731620402568,0.1765217609913033590690877319,0.1574550891337963590690877319,0.019066671857507,4.9680911305028706958825141716,70.789385234711469193139221513,70.786572724142358201482340528,241477700
3.06,2,0.1847208596117950276956007118,0.19099150824402,0.168588779074779,0.184946119337468,0.162529734712384,0.170671361941805,0.1764510570988949805724692090,0.1574207408363427805724692090,0.0190303162625522,4.9629486958546075061189822643,70.71331694745681362841783427,70.708992662034560990934480469,242269400
3.07,2,0.1843517348834485435868635142,0.190619697689463,0.168290018062617,0.184576544476228,0.162233253920471,0.170611240068678,0.1763805452414302442566480719,0.1573865845738327442566480719,0.0189939606675975,4.9578117626022391811468457969,70.637674804829455904283658464,70.631748144276134904551186107,243061100
3.08,2,0.1839841693608565501972634878,0.190249454027728,0.167992823943277,0.184208530722132,0.161938334235702,0.17055125662648,0.1763102264143360261665460256,0.1573526213416934261665460256,0.0189576050726426,4.9526803592626494237790116087,70.56234969722986004388200526,70.554728425137218328175219408,243852900
3.09,2,0.1836181599434647597892461004,0.189880781093182,0.167697200551126,0.183842074970844,0.161644972553741,0.170491610367815,0.1762402993829606591231259083,0.1573190499052727591231259083,0.0189212494776879,4.9475601800436146664111774225,70.487455010523523418883588541,70.478049541938419502973389136,244644600
3.10,2,0.1832537029442484950608094422,0.18951366765535,0.167403136655689,0.183477173530844,0.161353165183068,0.170432085469741,0.1761705480638967367944015533,0.1572856541811636367944015533,0.0188848938827331,4.9424450346115113414390409545,70.4128741681508145109003676,70.401592987953571587932100876,245436300
3.11,2,0.1828907852793684220739384944,0.18914810547608,0.167110624018813,0.183113813302337,0.161062899023888,0.170372821380112,0.1761011115325442481050166241,0.1572525732447658481050166241,0.0188485382877784,4.9373389071830561516755090477,70.33875430600867011454600305,70.325509431602235892660928842,246228000
3.12,2,0.1825293938396700247629598658,0.188784077694993,0.166819645780121,0.182751981160182,0.16077416095106,0.170313711364844,0.1760318825314187951760921666,0.1572196998385952951760921666,0.0188121826928235,4.9322387250576733943076748595,70.264954301946151058068046201,70.249655185205908630599458482,247019800
3.13,2,0.1821695149627056784570804133,0.188421573520916,0.166530191148439,0.182391663425271,0.160486937285476,0.170254838362324,0.1759629435717773867175665994,0.1571871164739085867175665994,0.0187758270978688,4.9271468520087460693355383921,70.191606486966759189396934737,70.174165978344705661928487982,247811500
3.14,2,0.1818111561173293533204372074,0.188060601482597,0.166242268652517,0.182032867575566,0.160201235505099,0.17019623233262,0.1758943248930864814354282527,0.1571548533901724814354282527,0.018739471502914,4.9220641543331813119677042043,70.11862403210157181425008472,70.098953522080377881220784425,248603200
3.15,2,0.1814543025085040301969363517,0.187701146050456,0.16595586276277,0.181675578797989,0.159917040796848,0.170137873016328,0.1758260057063074334923251477,0.1571228897983481334923251477,0.0187031159079593,4.9169900364688818250170791379,70.046035544249784731873148805,70.024047551629533346461826481,249395000
3.16,2,0.1810989404720715298255760366,0.187343191645127,0.165670957899835,0.181319783411717,0.159634339479903,0.170079706285098,0.1757579313723542963583116013,0.1570911710593498963583116013,0.0186667603130044,4.9119229331213570676492449509,69.973779328174397102856139382,69.949385307941295162960537489,250186700
3.17,2,0.1807450586084274877669653631,0.186986729601248,0.165387545398352,0.180965470003245,0.159353120140759,0.170021811034697,0.1756901804365143650659335215,0.1570597757184645650659335215,0.0186304047180498,4.9068650944473183102814107624,69.901994286949472944361638564,69.875109650565509294521670704,250978400
3.18,2,0.1803926527315396878157094161,0.186631756661125,0.165105622000623,0.180612634381437,0.159073378588277,0.169964214068518,0.1756227795721621989679093361,0.1570287304490672989679093361,0.0185940491230949,4.9018172845826765529135765753,69.830567216138557611336893097,69.801105042232576601606171039,251770200
3.19,2,0.1800417191759909078850793130,0.186278264626633,0.164825179508527,0.180261272876404,0.158795111152572,0.169906785778979,0.1755555989645574007574189499,0.1569979054364172007574189499,0.0185576935281402,4.8967757846090457955457423879,69.759580800200702220742011813,69.727456811296194780620532864,252561900
3.20,2,0.1796922342759294576181686980,0.185926234517914,0.164546198942203,0.179911361793437,0.158518294138932,0.169849661595268,0.1754887732980008851241180600,0.1569674353648155851241180600,0.0185213379331853,4.8917444529474434705736059205,69.688954282176110934400330343,69.654082581123103687335881566,253353600
3.21,2,0.1793442161245725921796145232,0.185575683229801,0.164268697196484,0.179562919247816,0.158242945662638,0.169792806252172,0.1754222679183839162098174155,0.1569372855801532162098174155,0.0184849823382307,4.8867222968307657132057717334,69.618734050815764580593751585,69.581030490485004084717276208,254145400
3.22,2,0.1789976198823433850884600573,0.185226565411301,0.163992628920379,0.179215900345284,0.157969020829433,0.169736207454129,0.1753560689549079966137501111,0.1569074422116321966137501111,0.0184486267432758,4.8817089188899249558379375464,69.548928364731225219403637685,69.508309569191742984144082613,254937100
3.23,2,0.1786524825314942282351030847,0.184878919004324,0.163718032055797,0.178870342113192,0.157696556666668,0.169679890744371,0.1752902032593980901032026913,0.1568779321110769901032026913,0.0184122711483211,4.8767050883730281984701033583,69.479473288932343021435967152,69.435854541749197127682729328,255728800
3.24,2,0.1783087515223236725782559181,0.184532691172813,0.163444853766682,0.178526191937756,0.157425500560559,0.169623850676217,0.1752246635445395904954122806,0.1568487479911733904954122806,0.0183759155533662,4.871710596513901441102269171,69.410489367458352873778362786,69.363790044445110601106829332,256520500
3.25,2,0.1779664426706498517430211253,0.184187896606696,0.16317310874296,0.178183465654082,0.157155868346212,0.169568054179628,0.1751594172731088629073192052,0.1568198573146972629073192052,0.0183395599584116,4.8667245111897346837344349843,69.341850447055007875587520881,69.291986669300542425271185569,257312300
3.26,2,0.1776255434190827775342668549,0.183844523378017,0.162902785056675,0.177842150689465,0.156887647450922,0.169512519937246,0.1750944827000885345272839164,0.1567912783366318345272839164,0.0183032043634567,4.8617473553672763587622985169,69.273615203225010491974043311,69.220505382126701139117145481,258104000
3.27,2,0.1772860602532769889046844529,0.183502578302778,0.162633889523831,0.17750225353747,0.156620844368254,0.169457257069163,0.1750298691778904793492475091,0.1567630204093884793492475091,0.018266848768502,4.8567793969733736013944643283,69.205791922971827500119469695,69.149355285975316128159213407,258895700
3.28,2,0.1769479493657096030757473139,0.183162020980556,0.162366381744004,0.177163730337151,0.156355415237262,0.169402365437335,0.1749656750976816335710619616,0.1567351819241344335710619616,0.0182304931735472,4.8518234547073341144438392622,69.138409525597642042271376347,69.078566856781493924664634775,259687500
3.29,2,0.1766112278419772412610229494,0.182822863074712,0.162100273380555,0.176826598194942,0.15609137716438,0.169347688874011,0.1749017447938894482691317786,0.1567076072152969482691317786,0.0181941375785925,4.8468750690790023570760050745,69.071416844757367199061409854,69.008087774823585100796828152,260479200
3.30,2,0.1762758920343838569712170318,0.182485102484279,0.161835562332517,0.176490853458697,0.155828726497462,0.169293271862833,0.1748381226497364299219874447,0.1566803406660988299219874447,0.0181577819836376,4.8419355115740465997081708872,69.0048266306456678438544236,68.937931769651024930332306901,261270900
3.31,2,0.1759419192876160100944905270,0.182148719653338,0.161572229043971,0.176156473445476,0.155567440553568,0.169239204345928,0.1747748978700665016550077188,0.1566534714813836016550077188,0.0181214263886829,4.8370073377229898423403367002,68.938621141492816227550229362,68.868081067832689316638908793,262062700
3.32,2,0.1756093056278696705285318972,0.181813707873107,0.161310266806135,0.175823454176629,0.155307515354048,0.169185408212002,0.1747119921570359599120270704,0.1566269213633078599120270704,0.0180850707937281,4.8320883044578460849725025127,68.872878705451944043305891075,68.79861729530743764903126559,262854400
3.33,2,0.1752780578100492898502506263,0.181480072099695,0.161049680575117,0.175491802415298,0.155048957662044,0.169131831596316,0.1746493538504664513291684076,0.1566006386516930513291684076,0.0180487151987734,4.8271769318235167600003660448,68.807470990989838771606499056,68.729408098804068601917994127,263646100
3.34,2,0.1749481534494746470148431990,0.1811477933586,0.160790451376417,0.175161495749505,0.154791745065578,0.169078573326538,0.1745870810556227018680177109,0.1565747214518042018680177109,0.0180123596038185,4.8222760303288145702368341371,68.742485967302695828996571926,68.660545187953788656252922826,264437800
3.35,2,0.1746195783119263539242884941,0.180816857796981,0.160532565357194,0.174832519927672,0.154535863313073,0.169025645069767,0.1745251849490383822520348239,0.1565491809401745822520348239,0.0179760040088638,4.8173859201578368128689999505,68.677930290254765984817935488,68.592036088888106991147193726,265229600
3.36,2,0.1742923393363718545575565134,0.180487270658241,0.160276027760849,0.17450488189723,0.154281319351958,0.168972997907736,0.1744636168252377505628491578,0.1565239684113287505628491578,0.017939648413909,4.8125052060014924878968634821,68.613784402102984371572506715,68.523861094454811306246826635,266021300
3.37,2,0.1739664329849836078302200153,0.180159025417189,0.160020832062193,0.174178578116037,0.154028109640092,0.168920546478941,0.1744022911469925119690793202,0.1564989983280382119690793202,0.0179032928189543,4.8076314373986867305290292953,68.550015964347687647084723659,68.455987139585970513967454025,266813000
3.38,2,0.1736418266806820073187675982,0.179832095767339,0.159766951954737,0.173853575967285,0.153776201560667,0.16886847205665,0.1743413881590598645685171289,0.1564744509350604645685171289,0.0178669372239994,4.8027697779813629731611951078,68.486640020802517464550773369,68.388430494353398792050997653,267604800
3.39,2,0.1733185263060676053766267101,0.17950648366413,0.159514389393923,0.17352988134075,0.153525601003459,0.168816661873445,0.1742807952309602525638340039,0.1564502136019155525638340039,0.0178305816290447,4.7979170011239482157933609204,68.423726153795208768560908168,68.321264066198763307647779797,268396500
3.40,2,0.1729965392787435881660907043,0.179182198461244,0.159263153733431,0.17320750166308,0.153276315395116,0.168765170982691,0.1742205677089604299872234292,0.1564263416748705299872234292,0.0177942260340899,4.7930746923801994584255267332,68.361177286156839172873875035,68.254387510365138566740544839,269188200
3.41,2,0.1726758320749666242713734209,0.178859203050334,0.159013207864917,0.172886403369651,0.153028311171014,0.168713898491334,0.1741606034664058287689403957,0.1564027330272706287689403957,0.0177578704391352,4.7882399260369639714749016667,68.299021176294969119527844086,68.187830196350794538778703353,269980000
3.42,2,0.1723564310590822672340051779,0.178537528784681,0.158764583141658,0.172566612856958,0.152781614727648,0.16866298588237,0.1741010449943183041427522548,0.1563795301501380041427522548,0.0177215148441803,4.7834167841613472141070674785,68.237352688618570093975901123,68.121691702843068976264952948,270771700
3.43,2,0.1720382936416058856135278335,0.178217129014868,0.15851723291424,0.172248087483582,0.152536183423599,0.16861231912609,0.1740417767044103877528661705,0.1563566174551847877528661705,0.0176851592492256,4.778601955392816889134931011,68.176028529792241279639792158,68.055823214661095558328106751,271563400
3.44,2,0.1717214364403730168222558836,0.177898022871304,0.158271176313071,0.171930843887621,0.152292033896965,0.168561969302519,0.1739828703010509131397627398,0.1563340666467801131397627398,0.0176488036542708,4.7737974939102321317670968235,68.115074208947085515724875476,67.990251892487087903483787904,272355100
3.45,2,0.1714058346577917077817852786,0.177580181033389,0.158026384017552,0.171614857241245,0.152049141319916,0.16851180818893,0.1739241966163468271854532727,0.1563117485570307271854532727,0.0176124480593161,4.7689996993260283743992626369,68.05454395430523160738561385,67.925034828084554509178567872,273146900
3.46,2,0.1710914979167215552795326896,0.177263622135975,0.157782874662533,0.171300137179048,0.151807515327047,0.168462093350793,0.1738660137092128783184882934,0.1562899212448516783184882934,0.0175760924643612,4.7642159644835546170314284489,67.994489441599965752812827018,67.86022689685704127374719616,273938600
3.47,2,0.1707784105092279660051844821,0.176948319743865,0.157540621812818,0.17098666797394,0.151567140191266,0.168412518422576,0.1738080144781728214326744906,0.1562682776087663214326744906,0.0175397368694065,4.7594374915735638596635942614,67.934737231908123027344934183,67.795647169171452249326552002,274730300
3.48,2,0.1704665599865235663730835949,0.17663426793554,0.157299619546888,0.170674437161953,0.151328003448606,0.168363270973084,0.1737503861711116139467661061,0.1562470048966599139467661061,0.0175033812744517,4.7546696448528301022957600746,67.875460068224238562871001934,67.731477036290889349900087073,275522100
3.49,2,0.1701559431699005272056948634,0.176321463411758,0.1570598645655,0.170363441560503,0.151090101916482,0.168314347717205,0.1736931253897765364543169444,0.1562260997102795364543169444,0.017467025679497,4.7499123269685797773236236071,67.816561033151226056995359759,67.667615736784076547247755482,276313800
3.50,2,0.1698465571654040299088629509,0.176009900460884,0.156821351157022,0.170053678272105,0.150853432697412,0.168265668118809,0.1736361514477634510524724815,0.1562054813632213510524724815,0.0174306700845421,4.7451632264256080199557894195,67.758049956117429675409905755,67.604074069489101958834944718,277105500
3.51,2,0.1695383977684418889776384993,0.175699576235442,0.156584076473975,0.169745143087041,0.150617991581675,0.168217271260863,0.1735795033048568634852892086,0.1561851888152694634852892086,0.0173943144895874,4.7404234593395162625879552323,67.699949203246075153995293335,67.540876119916520156068032301,277897200
3.52,2,0.1692314531217706119249703522,0.17539047958017,0.156348029361097,0.169437824133608,0.150383766697568,0.168169177866786,0.1735232012825388219272627612,0.1561652423879062219272627612,0.0173579588946326,4.7356936078778905052201210441,67.642268483676410057251784267,67.478032740314962923423742233,278689000
3.53,2,0.1689257084371952240921079625,0.175082591802347,0.15611319112567,0.169131706605576,0.150150743238864,0.168121276900505,0.1734671337600090354846018832,0.1561455304603311354846018832,0.0173216032996779,4.7309704743403380182694959779,67.584962416376582190628902535,67.415496813682513808333854957,279480700
3.54,2,0.1686211712740679333313410118,0.174775925820781,0.155879574686498,0.168826798071516,0.149918928774131,0.168073721440599,0.1734114541734557456309534848,0.1561262064687327456309534848,0.017285247704723,4.7262584543498842609016617896,67.528085820430810955595062506,67.353326686152221287394684555,280272400
3.55,2,0.1683178281810696525540535861,0.174470465391681,0.155647163799794,0.168523085063707,0.149688309835649,0.168026432225977,0.1733560827431717570399048445,0.1561071906334034570399048445,0.0172488921097683,4.7215552623862555035338276033,67.471556710908106600339482699,67.291436733400596828858958414,281064200
3.56,2,0.1680156665656038964100728060,0.174166198897529,0.155415946848036,0.168220554974195,0.149458873815464,0.167979437839019,0.1733010476286790191924755075,0.1560885111138655191924755075,0.0172125365148135,4.7168617051603421785616911351,67.415498428616675020047576088,67.229957326525679403735663776,281855900
3.57,2,0.1677146922328481710901929612,0.173863127622057,0.155185925114959,0.167919213615236,0.149230626525832,0.167932608498347,0.1732462191724612250694954883,0.1560700382526024250694954883,0.0171761809198588,4.7121740682579024211938569474,67.359745135873537486532524516,67.168714432385125203841514822,282647600
3.58,2,0.1674148929177562785708691431,0.173561246278406,0.154957093313704,0.167619048706829,0.149003555686752,0.167886144675704,0.1731917975396299112483615334,0.1560519722147260112483615334,0.0171398253249039,4.7074980859869946638260227611,67.304490828738103754749111158,67.107913179171836708003015978,283439400
3.59,2,0.1671162544371364857692505000,0.173260535159836,0.154729431737528,0.167320046048486,0.148777647097736,0.167839888940502,0.1731376247077450302140533948,0.1560341549777958302140533948,0.0171034697299492,4.7053659646432773313316974187,67.249559941978547769345816732,67.049471194246630834107655651,284231100
3.60,2,0.1668187841959529688953967653,0.172961006127174,0.154502952247262,0.167022213054199,0.148552908172777,0.167793968504038,0.1730838282245463791473993466,0.1560167140895519791473993466,0.0170671141349944,4.7048663199996113313316974186,67.195057801389909338918649061,66.99282822386342143972991297,285022800
3.61,2,0.1665224593565548413581912789,0.172662632552432,0.154277628214914,0.166725526858471,0.148329316046375,0.167748276021786,0.1730302998815960820197820101,0.1559995413415565820197820101,0.0170307585400395,4.7043743570082223313316974189,67.140939760298551632096286757,66.936613986983448671854214683,285814600
3.62,2,0.1662272853340025979520500477,0.172365419478225,0.154053464683102,0.166429992882963,0.148106876140194,0.167702800544653,0.1729770289124559813676783185,0.1559826259673711813676783185,0.0169944029450848,4.7038897672333683313316974186,67.087205192829869352475886935,66.880827579869533292917930075,286606300
3.63,2,0.1659332399457324619063908391,0.172069346676025,0.153830441423298,0.166135588918062,0.147885566244621,0.167657599191157,0.1729240716948830823770465437,0.1559660243447530823770465437,0.01695804735013,4.703414165778825331331697419,67.033875855245231729391500539,66.825491757654109925159229045,287398000
3.64,2,0.1656403503685632574419621974,0.171774443357097,0.153608587646764,0.165842342173727,0.147665413569613,0.167612728796246,0.1728714860486621861734168456,0.1559497942934868861734168456,0.0169216917551753,4.7029492090594083313316974179,66.980965479091738030189526226,66.770620810357766002463906263,288189800
3.65,2,0.1653485820320387779233394907,0.171480670400224,0.153387864232285,0.165550218037346,0.147446383502558,0.167568060854563,0.1728191421814065866687778668,0.1559338060211861866687778668,0.0168853361602204,4.7024911787971403313316974176,66.928388601182282084169831415,66.716124340860902519034774049,288981500
3.66,2,0.1650579129344842589469903631,0.17118800654546,0.153168249919917,0.165259194480412,0.147228454014952,0.167523617759293,0.1727670617306983044519282302,0.1559180811654325044519282302,0.0168489805652658,4.7020406948630713313316974185,66.876246061663200020473835952,66.662108321516456569822819922,289773200
3.67,2,0.1647683900846524017246925409,0.17089650130909,0.152949794225942,0.164969318569005,0.147011672172872,0.167479468853606,0.1727153157255611560730694655,0.1559026907552502560730694655,0.0168126249703109,4.7015997920888623313316974188,66.824459489170860965659041406,66.608490101970083338172444642,290565000
3.68,2,0.1644799589271505420871500557,0.170606097066051,0.152732439525298,0.164680535681203,0.146795983354397,0.167435529092203,0.1726638171614149487818853646,0.1558875477860587487818853646,0.0167762693753562,4.7011659779768773313316974178,66.773104343732942186051290305,66.555348750381196179642303973,291356700
3.69,2,0.1641926374614545872522004247,0.170316814572964,0.152516206574605,0.164392863838432,0.146581405580952,0.167391876486273,0.1726126447263231908559235199,0.1558727309459218908559235199,0.0167399137804013,4.7007415067740963313316974188,66.722107831855534293898656786,66.502607530124409228589172408,292148400
3.70,2,0.1639063917290332723107762187,0.170028615560335,0.152301057104372,0.164106269040749,0.146367904852597,0.167348389365314,0.1725616754883164957288586998,0.1558581173028698957288586998,0.0167035581854466,4.7003228567390013313316974182,66.671471403297691274895724501,66.450267583479964852669762026,292940100
3.71,2,0.1636212587570619954780706923,0.169741541403627,0.152087032490059,0.163820788360483,0.146155518241658,0.167305190307904,0.1725110333952830527871678304,0.1558438308047912527871678304,0.0166672025904918,4.6999135787170373313316974182,66.621243440969984003603026478,66.398379732621946073088342213,293731900
3.72,2,0.1633371965471071990364849946,0.169455547429692,0.15187408805852,0.163536379747985,0.145944203698488,0.167262204920809,0.1724606425402385169133257086,0.1558297955447014169133257086,0.0166308469955371,4.6995114981332793313316974184,66.571392835122240837875143539,66.346910917508123316652518801,294523600
3.73,2,0.1630542096010460558031592469,0.169170639873738,0.15166223004496,0.163253047710623,0.145733965730452,0.167219482604249,0.1724105525109141129272027638,0.1558160611103319129272027638,0.0165944914005822,4.6991180355715933313316974186,66.521938689011134291604860012,66.295881052953219048729873946,295315300
3.74,2,0.1627722974824335985684930972,0.168886819916715,0.151451459630332,0.162970791811418,0.145524803900574,0.167177069697233,0.1723608096593042672507091115,0.1558026738536766672507091115,0.0165581358056276,4.6987345189187913313316974186,66.472904817036306563256681421,66.245314984895637370772535606,296107000
3.75,2,0.1624914450867917532720860254,0.168604065567605,0.151241754823617,0.162689596927474,0.145316703085958,0.167134769786461,0.1723112169242849960578879292,0.1557894367136122960578879292,0.0165217802106727,4.6983553027895353313316974178,66.424157608353409163383476036,66.195071800011304164129424473,296898800
3.76,2,0.1622116590812457378051835130,0.168322389453158,0.151033128251564,0.162409469734046,0.145109669961856,0.167092753183962,0.1722619449548009465789575521,0.1557765203390829465789575521,0.016485424615718,4.6979852759159643313316974183,66.375865102612816699668679729,66.145328075628359451192810017,297690500
3.77,2,0.1619329274793740688822817675,0.168041776837668,0.150825565178469,0.162130398230096,0.144903692527233,0.167050941788558,0.1722129151829848265836954277,0.1557638461622216265836954277,0.0164490690207632,4.6976221874944863313316974184,66.327903270806355508533186262,66.095953159529537462862827981,298482200
3.78,2,0.1616552271167040571644158621,0.167762205460337,0.150619043343533,0.161852359222902,0.144698747589366,0.167009362691897,0.1721641539070883142002636766,0.1557514404812799142002636766,0.0164127134258084,4.6972667909145133313316974184,66.280376577953711243645578316,66.047056572768053099961220361,299274000
3.79,2,0.1613785739315040813514959359,0.167483690908753,0.150413578334344,0.16157536867017,0.144494851105961,0.166968005016615,0.1721156508003743089254314271,0.1557392929695207089254314271,0.0163763578308536,4.6969187903368193313316974185,66.23317611343619792172780114,65.998523695006316241948132466,300065700
3.80,2,0.1611029660967971228733649454,0.167206231672135,0.150209168640122,0.161299424742693,0.144292001247812,0.166926877913204,0.1720674149550337217953443453,0.1557274127191348217953443453,0.0163400022358989,4.6965784462334843313316974187,66.186409950309296161015153455,65.950467766711499267843015277,300857400
3.81,2,0.1608283689843723110261935480,0.16692979164709,0.150005778157472,0.161024492770035,0.144090163344481,0.166885940952272,0.1720194047063135858993277327,0.1557157580653694858993277327,0.0163036466409441,4.6962445649972643313316974179,66.139960174011460187137868691,65.902764720866066136745366649,301649200
3.82,2,0.1605548001757652395897620996,0.166654391314763,0.149803427367539,0.16075059035517,0.143889354998942,0.166845276246646,0.1719717028318022687480483837,0.1557044117858129687480483837,0.0162672910459893,4.6959195180313823313316974178,66.093917226514074009007382597,65.855509365625444323019554948,302440900
3.83,2,0.1602822368223396283036198481,0.166380003794035,0.149602089389206,0.160477694621598,0.143689553334698,0.16680476951831,0.1719241941849589895490981318,0.1556932587339243895490981318,0.0162309354510346,4.6956000066304293313316974189,66.048224601185653998368993837,65.808642006887044172320569591,303232600
3.84,2,0.1600106949687072117139603768,0.166106647537808,0.149401782675374,0.160205821633499,0.143490774415926,0.166764488890941,0.1718769474919610340438664979,0.1556823676358812340438664979,0.0161945798560798,4.6952879996543613313316974182,66.002915547957321127803411646,65.762197393254206880009508996,304024400
3.85,2,0.1597401525073809711048250222,0.165834297646909,0.149202482289911,0.159934949256424,0.143292996071196,0.166724355580831,0.1718298831468342618684501180,0.1556716588857092618684501180,0.016158224261125,4.6949812165600043313316974177,65.95796046958967500595908191,65.716144133331442942313117911,304816100
3.86,2,0.1594706162944813789044990647,0.165562965683014,0.148978296170804,0.159665084354856,0.143070305751897,0.166685408552662,0.1717831358614181766229066663,0.1556612671952479766229066663,0.0161218686661702,4.6946835165572853313316974189,65.91340329721786113751993377,65.670528253201294562899925409,305607800
3.87,2,0.1592020621218199957949760816,0.165292623554146,0.148755099886725,0.159396202691085,0.142848598670396,0.166646633281948,0.1717365947735706056871835360,0.1556510817023551056871835360,0.0160855130712155,4.6943917236797743313316974185,65.869162637675195317176285325,65.625264033711591118668388969,306399500
3.88,2,0.1589344977938995203859221809,0.165023279497827,0.148532901675195,0.159128312079131,0.142627882640712,0.166608041759837,0.1716902721546221866051295343,0.1556411146783614866051295343,0.0160491574762607,4.6941061894752043313316974189,65.825332781510349221359871825,65.580450092175127729079106488,307191300
3.89,2,0.1586679097053625386493483515,0.164754920792488,0.148311688814645,0.158861398897046,0.142408144040896,0.166569660007562,0.1716441935659765371628648784,0.1556313916846706371628648784,0.0160128018813059,4.6938276462238453313316974186,65.781827568568231424809121507,65.535995943428164103644237127,307983000
3.90,2,0.1584023053138068390700957857,0.164487554783064,0.148091468650008,0.158595470611521,0.14218939033764,0.166531484408126,0.1715983556491737562072235387,0.1556219093628226562072235387,0.0159764462863511,4.6935559977129083313316974186,65.73874451226665373580315699,65.492003510274466460049383589,308774800
3.91,2,0.1581376611412300219579544896,0.164221157485662,0.147872217197396,0.158330503715924,0.141971598024313,0.166493501704952,0.1715527443186889913160321073,0.1556126536272925913160321073,0.0159400906913964,4.6932908404218273313316974186,65.6959817035073253565612826,65.448365786172440460565553564,309566500
3.92,2,0.1578739848870890287998278247,0.163955736050267,0.147653941606788,0.158066505919101,0.141754774809759,0.16645569575971,0.1715073436955531946657531650,0.1556036085991115946657531650,0.0159037350964416,4.6930317194516533313316974177,65.653621370727265063895016178,65.405168631550555351630756676,310358200
3.93,2,0.1576112624959225641060121632,0.163691277259751,0.147436628661061,0.15780346314845,0.141538906621377,0.166418091315679,0.1714621780467000836362239957,0.1555947985452132836362239957,0.0158673795014868,4.692779329998825331331697419,65.611592299898878515393880337,65.362337283695850316770332379,311149900
3.94,2,0.1573494907496422728829824095,0.163427775626792,0.147220272872891,0.157541372181959,0.141323990237156,0.166380623559059,0.1714171824063095990013161154,0.1555861584997775990013161154,0.015831023906532,4.6925318109296923313316974186,65.569901054384343416482879318,65.319878300467308725128360786,311941700
3.95,2,0.1570886677054387833463145256,0.163165232809364,0.147004875900251,0.157280231074449,0.141110023711915,0.166343395704629,0.1713724599841466132217685055,0.1555777916725693132217685055,0.0157946683115773,4.6922921189862173313316974182,65.528596177142250966834240606,65.277842412385242477583940972,312733400
3.96,2,0.1568287795717682858554358282,0.162903631588673,0.146790420524349,0.157020026017558,0.140896993237294,0.1663063103314,0.1713279128176399708151869797,0.1555696001010174708151869797,0.0157583127166225,4.6920574477474673313316974186,65.487636606928153274987036507,65.23618626844090325835913383,313525100
3.97,2,0.1565698332386193705254706391,0.162642979596547,0.146576914377011,0.156760763909677,0.140684905711682,0.166269388321879,0.1712835620429250384898391148,0.1555616049212573384898391148,0.0157219571216677,4.6918284027191153313316974187,65.44703430304998639849483224,65.194922186166428711296735648,314316800
3.98,2,0.1563118161006481119241569280,0.162383265914652,0.146364346539905,0.15650243213009,0.140473748514364,0.166232678646194,0.1712394562192528007673845353,0.1555538546925398007673845353,0.015685601526713,4.6916063750212273313316974181,65.40680515298547976974439884,65.154066622349316442562700779,315108600
3.99,2,0.1560547250539241137447315681,0.16212448502235,0.14615271149239,0.156245027571082,0.140263518537625,0.166196112261485,0.1711955261531540501306151565,0.1555462802213958501306151565,0.0156492459317582,4.6913893824069313313316974179,65.366920953635023312156487306,65.113589745663649643211541674,315900300
4.00,2,0.1557985460041160020287591582,0.161866623940247,0.145941996255076,0.155988536121133,0.140054201669946,0.166159721833955,0.1711518040379600477139555267,0.1555389137011566477139555267,0.0156128903368034,4.6911783471472293313316974177,65.327395651271379644036967526,65.073505959262510516087215055,316692000
4.01,2,0.1555527373595585148272475072,0.161619146695302,0.145741664854921,0.155742427722731,0.139855267853814,0.166123172666547,0.1711082856702774188795770869,0.1555317509284288188795770869,0.0155765347418486,4.6909731488237713313316974189,65.288181461550050325721623187,65.033765091454919644259472318,317483800
4.02,2,0.1553078856947926015016268983,0.161372633027479,0.145542297031885,0.15549727747112,0.139657292184471,0.166086762278942,0.1710649396262147780617235524,0.1555247604793208780617235524,0.0155401791468939,4.6907728872083783313316974184,65.249358586140452661104841573,64.994450682315219155187897907,318275500
4.03,2,0.1550639875275870355269634167,0.16112708083705,0.145343890686246,0.15525308187982,0.139460271175442,0.166050530443402,0.1710218055805245740303223170,0.1555179820285854740303223170,0.0155038235519391,4.6905786988989903313316974185,65.210889513277478509068520427,64.955523357235960001128674913,319067200
4.04,2,0.1548210403620689519261740872,0.16088248642496,0.145146442118943,0.155009838449917,0.139264202327808,0.16601444283599,0.1709788491010847022249413672,0.1555113811441004022249413672,0.0154674679569843,4.690389597487966331331697418,65.172723230142065890634281906,64.916929559860406490871781523,319858900
4.05,2,0.1545790111141915178126013712,0.160638816524352,0.144949918063124,0.154767514057019,0.139069052517179,0.165978495955263,0.1709360655275879939642918661,0.1555049531655584939642918661,0.0154311123620295,4.6902054494673403313316974187,65.134951619979284092331876607,64.878765019904110443590561248,320650700
4.06,2,0.1543379263275301508231320081,0.16039609883619,0.144754346219751,0.154526135277069,0.138874848319499,0.165942721553663,0.1708934875598834023774343731,0.1554987307928086023774343731,0.0153947567670748,4.690027191618777331331697418,65.097481108503159538452156496,64.840931852419570480421751488,321442400
4.07,2,0.1540977629302355296515562670,0.160154309621888,0.144559702850238,0.154285679010084,0.138681566634783,0.165907101747276,0.1708510964964882953187085663,0.1554926953243682953187085663,0.01535840117212,4.6898542881842703313316974184,65.060364321129204972862018512,64.803484754309808631903984274,322234100
4.08,2,0.1538585292927545128840701881,0.159913455621388,0.144365994694525,0.154046153636718,0.138489215843686,0.165871589405899,0.1708088454711281043916227387,0.1554867998939629043916227387,0.0153220455771652,4.6896853965439493313316974179,65.023579337524674099448121888,64.766400548864630633488188978,323025900
4.09,2,0.1536202208584671637595438413,0.159673534540143,0.14417321945807,0.153807554594793,0.138297791384031,0.165836249545686,0.1707667993802743602959981049,0.1554811093980639602959981049,0.0152856899822104,4.6895223758447763313316974182,64.98714442547468908161098665,64.729698178149278673966147593,323817600
4.10,2,0.1533828151095975420451994131,0.159434521828901,0.143981352591616,0.153569859339075,0.138107270710583,0.165801025172542,0.1707249004077935463553813640,0.1554755660205378463553813640,0.0152493343872557,4.6893635697765293313316974187,64.951092707834129907771164794,64.693411868657624751889819166,324609300
4.11,2,0.1531463295756536648876447988,0.159196437378172,0.143790413985674,0.153333085420449,0.137917671374225,0.165765982978244,0.1706832158990053934901267888,0.1554702371067044934901267888,0.0152129787923009,4.6892109076405093313316974176,64.915307838064573764042014824,64.657420153804050133604693573,325401100
4.12,2,0.1529107308893690833081370020,0.158959245242056,0.143600367694347,0.153097199430957,0.137728959967003,0.165731050868782,0.1706416725493228280322875633,0.1554650493519767280322875633,0.0151766231973461,4.689062289414984331331697418,64.879944463570277255898584264,64.621883969458578763264383702,326192800
4.13,2,0.1526760365542877382622154987,0.158725552331876,0.143413820628956,0.152862218895488,0.137541154013804,0.165770378864009,0.1706744661883036858671489803,0.1555341985859123858671489803,0.0151402676023913,4.6910432690455223313316974184,64.858897897189274320943873479,64.601403082642910646961882761,326984500
4.14,2,0.1524422423522186474429328837,0.15849111985725,0.143226533999119,0.152628139590708,0.137354249291293,0.165762704903147,0.1706602606930917465986850595,0.1555563486856551465986850595,0.0151039120074366,4.6916778226610493313316974177,64.820015077555759833537390047,64.562270705452959921429120947,327776300
4.15,2,0.1522093369740430024275006460,0.158257594790144,0.1430401547768,0.152394950193707,0.137168234476561,0.16575551653587,0.1706465721637187223469239255,0.1555790157512369223469239255,0.0150675564124818,4.6923271862569403313316974179,64.781441897087898242175615117,64.523479066069955846491078033,328568000
4.16,2,0.1519773165127186478549889889,0.158024974187272,0.142854680018717,0.152162646792678,0.136983105657802,0.165748841565321,0.1706334282836728422477316815,0.1556022274661458422477316815,0.015031200817527,4.6929921529067113313316974185,64.743181965263009706826820681,64.485031750807314520921088033,329359700
4.17,2,0.1517461781780075409411343332,0.157793253975468,0.142670105651702,0.151931226593981,0.136798860041374,0.165742643399439,0.1706207923410332654349258289,0.1556259471184610654349258289,0.0149948452225722,4.6936716708913013313316974178,64.705178362733323138505528108,64.446869206887935882349562199,330151500
4.18,2,0.1515159292637543193015972575,0.157562441594986,0.142486439116008,0.151700696900354,0.136615504930016,0.165736925848628,0.1706086684035432307689268900,0.1556501787759257307689268900,0.0149584896276175,4.6943658567429673313316974179,64.667527000379868796734049975,64.409091117660402014570059076,330943200
4.19,2,0.1512865364274063436277901853,0.157332502309026,0.142303645674837,0.151471024328585,0.136433006940517,0.165731650733978,0.1705970171032533599865016476,0.1556748830705906599865016476,0.0149221340326627,4.6950735826530413313316974176,64.630125583198436332618404158,64.37159069153499497722684914,331734900
4.20,2,0.1510580169382598380683277592,0.157103455922777,0.142121745133376,0.15124222616903,0.136251383363231,0.165726889769049,0.1705859108012286209345101906,0.1557001323635207209345101906,0.0148857784377079,4.6957969216133323313316974186,64.593083313932454581926955274,64.334481512227797588930043808,332526600
4.21,2,0.1508303580714255061729057598,0.156875288545741,0.141940723601128,0.151014289681282,0.136070621457752,0.165722610241947,0.1705753163207308938986762563,0.1557258934779776938986762563,0.0148494228427532,4.6965349231803013313316974178,64.556306803103961722361777888,64.29766610496743561171492235,333318400
4.22,2,0.1506035568146198665842732502,0.1566479958486,0.141760576748776,0.150787211849383,0.135890718208123,0.165718774595569,0.1705651959764455569504327015,0.1557521287286471569504327015,0.0148130672477984,4.6972865077492153313316974185,64.519818851656037387841332492,64.261167939277226577874600611,334110100
4.23,2,0.1503776101614456561627970409,0.156421576224926,0.141581302969891,0.150560989663271,0.135711670604281,0.165715423077306,0.1705555899351815319249982312,0.1557788782823379319249982312,0.0147767116528436,4.6980528260143853313316974187,64.483686485008340433892268352,64.225056580532634870996576021,334901800
4.24,2,0.1501525154046706758077868692,0.156196026921042,0.141402899510796,0.150335620412412,0.135533475935691,0.165712554499005,0.1705464969134088167005155718,0.1558061408555200167005155718,0.0147403560578888,4.6988338412053853313316974187,64.447815461386219481580077133,64.189233783196645059475716971,335693500
4.25,2,0.1499282601289593097798562455,0.155971333866058,0.141225352300599,0.15011109166633,0.135356121771878,0.165710122102325,0.1705378696902024275674357189,0.1558338692272683275674357189,0.0147040004629341,4.6996282005423593313316974186,64.412241792499058023674880565,64.153736721450982560544612409,336485300
4.26,2,0.1497048504777713570354150037,0.155747505027685,0.141048669307014,0.149887409575978,0.135179614263795,0.165708177805061,0.1705297604297995551274771231,0.1558621155618202551274771231,0.0146676448679793,4.7004373984206293313316974186,64.376971114285250073899257758,64.11857112235982121451019261,337277000
4.27,2,0.1494822637574276152882614014,0.155524516208189,0.140872826332308,0.14966455142,0.135003930690087,0.165706679725884,0.1705221264318958652402244521,0.1558908371588713652402244521,0.0146312892730245,4.7012602115665813313316974176,64.341994650527196341823731455,64.083727582248071061083339373,338068700
4.28,2,0.1492605275779475972796440759,0.155302395348697,0.140697851317605,0.149442544842087,0.134829098694444,0.165705635899697,0.1705149767016306610927824939,0.1559200430235609610927824939,0.0145949336780697,4.7020968979584533313316974179,64.307322381695876164973191615,64.049216272468524830973461764,338860500
4.29,2,0.1490396089689401213296032323,0.155081108995219,0.140523710808916,0.149221356831641,0.134655085266267,0.165705034205636,0.1705082979579966723909084677,0.1559497198748816723909084677,0.014558578083115,4.7029470771234103313316974176,64.272937037404627049871412967,64.015019015828449421581973974,339652200
4.30,2,0.1488195149661211849966711911,0.154860665599693,0.140350413258177,0.149000994432959,0.134481897449854,0.165704914830278,0.1705021306580585597449420527,0.1559799081698983597449420527,0.0145222224881602,4.7038119080709863313316974177,64.238866880047731173951230291,63.981165017104318148668501107,340443900
4.31,2,0.1486002320490796544900321895,0.154641049574651,0.140177943077924,0.14878144410914,0.134309521708305,0.165705219289395,0.1704964158092202018530900473,0.1560105489160148018530900473,0.0144858668932054,4.7046897007877883313316974177,64.205076019805997708483893727,63.947616696530131847552266733,341235600
4.32,2,0.1483817689795888140387284527,0.154422270151647,0.140006309499708,0.148562714632643,0.134137966814077,0.165705960576605,0.1704911667193610006510960138,0.1560416554211104006510960138,0.0144495112982506,4.7055808365164783313316974183,64.171584382908045929140421102,63.914394555380359484250715382,342027400
4.33,2,0.1481641213967871512285860115,0.154204324973523,0.139835510166372,0.14834480163729,0.133967228400993,0.16570719629892,0.1704864408781367688761027523,0.1560732851748408688761027523,0.0144131557032959,4.7064869622143753313316974189,64.13839978539935863257017547,63.881506578267157756961306686,342819100
4.34,2,0.1479472777706158098358101590,0.153987199338651,0.13966553037629,0.148127693578959,0.133797294924932,0.165708836238723,0.1704821476098099284590647538,0.1561053475014688284590647538,0.0143768001083411,4.7074054802129513313316974175,64.10545689389247861156253333,63.848884617639502432632872885,343610900
4.35,2,0.1477312343500610133337934237,0.153770889998323,0.13949636688075,0.147911386702064,0.133628162630306,0.165710894976635,0.1704783013727394156010203716,0.1561378568593531156010203716,0.0143404445133863,4.7083368047136763313316974183,64.072843827096320929308518377,63.816619922275899533652055121,344402600
4.36,2,0.1475159879227905509054551518,0.153555395032571,0.139328017759786,0.147695877790355,0.133459828300866,0.165713409689463,0.1704749392540799921080194927,0.1561708503356484921080194927,0.0143040889184315,4.7092819981852713313316974182,64.040476972482889103221492554,63.784625601812749265281493807,345194300
4.37,2,0.1473015372545339168685080507,0.153340712691194,0.139160481263198,0.147481165608056,0.133292290700837,0.165716365667578,0.1704720464920827218772848188,0.1562043131686059218772848188,0.0142677333234768,4.710240637734777331331697418,64.008458552632616708411547145,63.753007438410926661039324168,345986000
4.38,2,0.1470878680426407433928073517,0.153126828334187,0.13899374275098,0.147267235835075,0.133125535510126,0.165719753999806,0.1704696136700729031366889042,0.1562382359415509031366889042,0.014231377728522,4.7112124535943413313316974186,63.976681544080333784568180501,63.72165422660091125895220067,346777800
4.39,2,0.1468749882207955647718796544,0.152913749906929,0.138834062683098,0.147054096414772,0.132965826997864,0.16572335626272,0.1704676409845839948124139169,0.1562726188510167948124139169,0.0141950221335672,4.7121974513942293313316974177,63.945240967316793696282255928,63.690664264035297036163460531,347569500
4.40,2,0.1466628946420459936109689212,0.152701474214354,0.138689512704654,0.146841744196357,0.132821241775403,0.165726889263758,0.1704661271119166835425924400,0.1563074605733042835425924400,0.0141586665386124,4.7131955932132493313316974189,63.914050694810944261778924328,63.659948065515243225667226143,348361200
4.41,2,0.1464515654899006029828022187,0.152489978563046,0.138545329123186,0.146630157336734,0.132677008015309,0.165730843801265,0.1704650473059999965658476695,0.1563427363623422965658476695,0.0141223109436577,4.7142061701286853313316974183,63.883144881549926951903080632,63.629540789416822269113810412,349153000
4.42,2,0.1462410168011920853060889793,0.152279279607319,0.138401531790659,0.146419351892291,0.132533144973569,0.165735236605656,0.1704644189798816839881234670,0.1563784636311787839881234670,0.0140859553487029,4.715229680987615331331697418,63.852565251498041269223995108,63.599485466815503141129090701,349944700
4.43,2,0.1460312359939798009143436186,0.152069364633612,0.138258111161445,0.146209315265746,0.132389643222766,0.165740064456416,0.1704642385818683052138921148,0.1564146388281202052138921148,0.0140495997537481,4.7162660240415143313316974183,63.822228697938512483022976889,63.569695802523593809520530518,350736400
4.44,2,0.1458222207274740259085419047,0.15186023103551,0.138115067767669,0.146000045113454,0.132246503559707,0.165745319760088,0.1704644985417026448511260063,0.1564512543829092448511260063,0.0140132441587934,4.7173149824184853313316974186,63.792174780046340098091510008,63.540212556968554117111978473,351528200
4.45,2,0.1456139581316372105633439045,0.151651867256761,0.137972393162531,0.145791528549682,0.132103716210007,0.16575104070438,0.1704652367290384362157609463,0.1564883481651998362157609463,0.0139768885638386,4.7183776410041993313316974182,63.76242942232642633448428736,63.511062411924167633877570233,352319900
4.46,2,0.1454064654062643803711093741,0.151444286958243,0.137830104087589,0.145583782795201,0.131961301476995,0.165757124939107,0.1704663514403117904544337631,0.1565258184714279904544337631,0.0139405329688838,4.7194510862061673313316974176,63.732937499891150417385231764,63.482187945492896767147479907,353111600
4.47,2,0.1451997199290264017484521909,0.151237471306212,0.13768818476131,0.145376785200094,0.131819239764825,0.165763682033962,0.1704679516277025897634262224,0.1565637742537735897634262224,0.013904177373929,4.7205384392744273313316974178,63.703748603635917543475139637,63.45364043925045286491628689,353903300
4.48,2,0.1449937191424802601842490770,0.151031414664672,0.137546632571743,0.1451705332038,0.131677531538825,0.165770623859052,0.1704699491238472481915334552,0.1566021273448729481915334552,0.0138678217789743,4.7216371744000643313316974182,63.674828742701463483291054171,63.425384380175360729445333558,354695100
4.49,2,0.1447884599798998127645421059,0.15082611737591,0.137405450857357,0.144965023735852,0.131536176726536,0.165778048091884,0.1704724416632618527788341221,0.1566409754792423527788341221,0.0138314661840195,4.7227500914707263313316974189,63.64621747438449182456300784,63.397460622505152670345263117,355486800
4.50,2,0.1445839393175831434182333123,0.150621571799411,0.137264634946245,0.144760253668739,0.131395175170865,0.165785825447811,0.1704752998770081804581669824,0.1566801892879434804581669824,0.0137951105890647,4.7238734843393303313316974189,63.617860910026805026896566641,63.369813031998572866826547777,356278500
4.51,2,0.1443801551357140322666427203,0.150417779015007,0.13712418885957,0.144556220980183,0.131254527792656,0.165794044692274,0.1704786126167900960423797892,0.1567198576226801960423797892,0.0137587549941099,4.7250098984196933313316974185,63.589793623805623472295121813,63.342477289905755300222367844,357070300
4.52,2,0.1441771043941993557217727012,0.150214734364756,0.136984110853732,0.144352922626382,0.131114234464227,0.165802659553682,0.1704823335783546368039893327,0.1567599341791994368039893327,0.0137223993991552,4.726158007192678331331697418,63.561954186748036497574621149,63.315389633431709693986477432,357862000
4.53,2,0.1439747844949244575497375524,0.150012436381504,0.13684440234921,0.144150356006054,0.130974295473689,0.165811702453773,0.1704864952132627090101459773,0.1568004514090623090101459773,0.0136860438042004,4.7273187403270303313316974179,63.534451457931280195506034771,63.288662408875709539189019947,358653700
4.54,2,0.1437731930020308862819742352,0.149810881698524,0.136705062840494,0.14394851868037,0.130834711245173,0.16582114676372,0.1704910708912658155261355910,0.1568413826820202155261355910,0.0136496882092456,4.7284913349223233313316974186,63.50721797603688962559791361,63.262225647589652176335604949,359445400
4.55,2,0.1435723270324599367177016368,0.149610067411017,0.136566092257852,0.143747407762755,0.130695481728901,0.165830991912975,0.1704960600397319007481304671,0.1568827274254411007481304671,0.0136133326142908,4.7296757745738573313316974182,63.480226262752621455245325933,63.236050772134655183187757286,360237200
4.56,2,0.1433721635815826451363685454,0.149409970405275,0.136427470296778,0.143547000220528,0.130556586703105,0.165841235885222,0.1705014599349540250613256726,0.1569244829156179250613256726,0.0135769770193361,4.7308719812531733313316974181,63.453542150196131305213435209,63.210205567589625125709253872,361028900
4.57,2,0.1431727101574991010554193358,0.14921059962305,0.136289208682631,0.143347303570943,0.130418036470343,0.165851919244281,0.1705073115252519858278568804,0.1569666901008706858278568804,0.0135406214243813,4.7320811280432283313316974179,63.427148709376835702325159061,63.184672393071062370916975155,361820700
4.58,2,0.1429739744762581460204698233,0.149011959864653,0.136151314973997,0.14314832553946,0.130279841516031,0.165862957993717,0.1705135311291509690838909259,0.1570092652997244690838909259,0.0135042658294265,4.7333008176463543313316974179,63.400975972331529145206345233,63.159378702700987523271930994,362612400
4.59,2,0.1427759435597265097336592854,0.14881403989774,0.13601378067175,0.142950053132119,0.130141991581094,0.165874402710952,0.1705201689966454502971042045,0.1570522587621737502971042045,0.0134679102344717,4.7345324896188533313316974188,63.375122018928443290112542546,63.134425601447552278682982504,363404100
4.60,2,0.1425786251325013237090109576,0.148616848203432,0.135876616965429,0.142752494082937,0.130004497109617,0.16588627456065,0.1705272466700165576569686191,0.1570956920304995576569686191,0.013431554639517,4.7357767611016173313316974176,63.349510554168901561222563748,63.109734183384992502806700956,364195800
4.61,2,0.1423819859408398507821737810,0.148420348137457,0.135739789894641,0.142555615097619,0.129867327492821,0.165898478099484,0.1705346675788786849187794707,0.1571394685343165849187794707,0.0133951990445621,4.737030865556894331331697418,63.324148295471668634583682736,63.085311054513719498820286406,364987600
4.62,2,0.1421860435254656369723113348,0.1482245599206,0.135603322339772,0.142359433738279,0.12973050295404,0.165911089062414,0.1705425082105699996015425060,0.1571836647609626996015425060,0.0133588434496073,4.7382969941855073313316974179,63.299110165434620885385604398,63.061233392593859392401390406,365779300
4.63,2,0.1419907951403824348678316162,0.148029481463136,0.135467214846664,0.142163947255572,0.129594023381104,0.165924126294417,0.1705507874176367703843888100,0.1572282995629842703843888100,0.0133224878546525,4.7395756870731263313316974184,63.274314035038265736087984004,63.037416321602110135052677833,366571000
4.64,2,0.1417962388207409121102858940,0.147835107582315,0.135331464844358,0.141969153682254,0.129457889420152,0.165937497658572,0.1705594130295600314747502872,0.1572732807698622314747502872,0.0132861322596978,4.7408643037288823313316974185,63.249769208563929976401413279,63.013869117278712610472923469,367362800
4.65,2,0.1416023513479003060297105699,0.147641418635519,0.135196055278503,0.141775029771368,0.129322080414071,0.165951306685078,0.1705684879182833471458340284,0.1573187112535403471458340284,0.013249776664743,4.7421657912168793313316974175,63.225511137717686957154966105,62.990628268801611168410196677,368154500
4.66,2,0.1414091599955121751172394530,0.147448438169585,0.135061012260912,0.141581602829826,0.129186626236313,0.165965445133216,0.1705779048203129574921989229,0.1573644837505247574921989229,0.0132134210697882,4.7434770766643703313316974182,63.201504619517230817648525269,62.967657145516095973364904649,368946200
4.67,2,0.1412166326302589897111650245,0.147256136501453,0.134926308650463,0.141388840685124,0.129051497257862,0.165979984764169,0.1705877345059071989719379465,0.1574106690310736989719379465,0.0131770654748335,4.7448001874899113313316974182,63.177817267641730917061239921,62.945025299490650690331956066,369738000
4.68,2,0.1410247864251761003886223882,0.14706452939209,0.134791962727256,0.141196760531241,0.128916713193364,0.165994884153736,0.1705979362140645928302683298,0.1574572263341858928302683298,0.0131407098798787,4.746133955976831331331697418,63.154347348855621078100218909,62.922627680387400909357191604,370529700
4.69,2,0.1408335990762751498898461216,0.14687359616121,0.134657956307573,0.141005340036988,0.128782254209721,0.166010190880205,0.1706085568594873487792582147,0.1575042025745634487792582147,0.0131043542849239,4.7474797261323443313316974181,63.131156873251964606287453114,62.900528028994379518138385073,371321400
4.70,2,0.1406430775901881516758535440,0.146683342097816,0.13452429715465,0.140814586217543,0.128648129797853,0.166025855303527,0.1706195471032999331588116802,0.1575515484133308331588116802,0.0130679986899691,4.7488360845017833313316974185,63.108224823825635495337558316,62.878704436697320403395170314,372113100
4.71,2,0.1404532092733412880871442317,0.146493755195315,0.134390975714034,0.140624486363852,0.128514329702338,0.166041897675791,0.1706309268518069585029044981,0.1575992837567926585029044981,0.0130316430950143,4.750203601358768331331697418,63.085560889243763916645977262,62.857166708575766313210189084,372904900
4.72,2,0.1402640120252002254403935485,0.146304852926189,0.134258011888467,0.140435058397207,0.128380874276212,0.166058304747053,0.1706426835577322662547841571,0.1576473960576726662547841571,0.0129952875000596,4.7515819172503123313316974189,63.06311226729173381044224894,62.835860303562080307033481872,373696600
4.73,2,0.1400754528720480308756640102,0.146116600861769,0.134125373657895,0.140246269303684,0.128247732915632,0.166075036496488,0.1706547761071466023183289936,0.1576958442020418023183289936,0.0129589319051048,4.7529698543491083313316974184,63.040961811067971351894721204,62.814870224970444757666882562,374488300
4.74,2,0.1398875698935466630092199146,0.145929039844942,0.1339931042524,0.140058157209378,0.128114946135344,0.166092169973969,0.1706672830116953262346288463,0.1577447067015453262346288463,0.01292257631015,4.7543696618481143313316974188,63.019087503146219960310892816,62.794173718210734954686317914,375280000
4.75,2,0.1397003099579336704179180453,0.145742115408548,0.133861151570806,0.139870668917738,0.127982463106225,0.166109669639917,0.1706801669351441385475087660,0.1577939462199488385475087660,0.0128862207151953,4.7557802701430033313316974179,62.997472457338433978250013952,62.773753165902380712156379133,376071800
4.76,2,0.1395137002413708526480523258,0.145555853760368,0.133729544165907,0.139683831638064,0.127850313384014,0.16612750625779,0.1706933996552378364990815652,0.1578435345349973364990815652,0.0128498651202405,4.7572008707257253313316974177,62.976103251494436791635137031,62.753594540109889673324502119,376863500
4.77,2,0.1393277190042237908252147200,0.145370234139033,0.133598263600568,0.139497623604211,0.127718477528218,0.166145708899383,0.1707070095826158347760999528,0.1578935000573301347760999528,0.0128135095252857,4.7586322775011433313316974185,62.954963343066178206572203821,62.733680694628426376958839264,377655200
4.78,2,0.1391423834337343883471557931,0.145185273698566,0.133467329332493,0.13931206202438,0.127586975052125,0.166164275632366,0.1707209954651897490391939515,0.1579438415348588490391939515,0.0127771539303309,4.7600744545995673313316974184,62.934123900431770005356292082,62.714084577783953159823264026,378447000
4.79,2,0.1389576908887557006704483197,0.145000969802206,0.133336741008258,0.139127144254204,0.127455805596095,0.166183206641009,0.1707353574747834346096808826,0.1579945591394072346096808826,0.0127407983353762,4.7615274069433853313316974187,62.913550109580537482894221869,62.694770206342070136442461425,379238700
4.80,2,0.1387736187346803856747488564,0.144817298799491,0.133206477240602,0.138942847631474,0.127324948762499,0.166202473942001,0.1707500668987260204415017978,0.1580456241583046204415017978,0.0127044427404214,4.7629903119751733313316974181,62.893185323926461106667407496,62.67567916870018903548879164,380030500
4.81,2,0.1385901646366819120612809880,0.144634258123017,0.133076537705391,0.138759169818515,0.127194404458301,0.166222070919201,0.1707651171135970121198380897,0.1580970299681304121198380897,0.0126680871454666,4.7644629799479083313316974186,62.873107057473822268998824928,62.656890887910699153493814372,380822200
4.82,2,0.1384073359732219411516306386,0.144451857868107,0.132946934721492,0.138576118202787,0.12706418229586,0.166242074909067,0.1707805858386628869120545744,0.1581488542881510869120545744,0.0126317315505118,4.7659476373545683313316974183,62.853270115091582027899088855,62.638358858302034828225995684,381613900
4.83,2,0.1382251307157798883945886792,0.144270092207839,0.132817664666001,0.138393690753296,0.126934282449542,0.166262377168948,0.1707963642710805515143965807,0.1582009883155234515143965807,0.0125953759555571,4.7674411672232963313316974186,62.833707416062243403461366972,62.620116544236314020742751597,382405600
4.84,2,0.1380435256693805520010182559,0.144088940133328,0.132688708714724,0.138211864246781,0.126804683882111,0.166283041439316,0.1708125154555374722362131589,0.1582534950949351722362131589,0.0125590203606023,4.7689453756513543313316974179,62.814370691399802928600135524,62.602114295673402293145523856,383197400
4.85,2,0.1378625488185463712879678116,0.143908428645556,0.132560096034206,0.138030666701891,0.126675416779096,0.166304038013355,0.1708290107212106629735882119,0.1583063459555631629735882119,0.0125226647656475,4.7704594412801633313316974182,62.79531919167733342339234394,62.584412689628120982918888894,383989100
4.86,2,0.1376821775678235688145740816,0.143728535092433,0.13243180611898,0.137850075495617,0.126546460665423,0.166325366378156,0.1708458488398745743323639205,0.1583595396691817743323639205,0.0124863091706928,4.7719833289236503313316974181,62.776477776827036750079621231,62.566934447532460515743787402,384780800
4.87,2,0.1375024093282667259498143891,0.143549258370665,0.132303839993638,0.137670088035857,0.126417815078171,0.166347069138599,0.1708630724262133818432304082,0.1584131188504753818432304082,0.012449953575738,4.7735182594025953313316974183,62.757903731694913316745400161,62.549738205071639809189600825,385572500
4.88,2,0.1373232421039211719590185504,0.143370593670196,0.132176194957456,0.137490702324223,0.126289480129568,0.166369065740272,0.1708806008806312074887956207,0.1584670028998480074887956207,0.0124135979807832,4.7750619237086583313316974183,62.739608314920648479968783748,62.532835205939160020300058952,386364300
4.89,2,0.1371446723010322464906928459,0.143192540234667,0.132048872345035,0.137311914762577,0.126161454313715,0.166391437550804,0.1708985155677687214525028739,0.1585212731819403214525028739,0.0123772423858284,4.7766166527670953313316974176,62.721533269637696510431622112,62.516165634828248940539793073,387156000
4.90,2,0.1369666988010977720696514373,0.143015093783305,0.131921869948392,0.137133724231053,0.126033738584796,0.166414094000865,0.1709167258964094610055407987,0.1585758391055357610055407987,0.0123408867908737,4.7781798513307213313316974183,62.703692997969771055683494199,62.499743972818152943368337397,387947700
4.91,2,0.1367893089012192690252946308,0.142838244779532,0.131795180285737,0.136956118011262,0.125906322280463,0.166437126355874,0.1709353228152666267602705748,0.1586307916193477267602705748,0.0123045311959189,4.7797541248882513313316974185,62.686113816457753406304597611,62.483597118128786504552065145,388739500
4.92,2,0.1366125190325552847137812643,0.142662006947027,0.131668819117727,0.136779112554399,0.125779223890131,0.166460456151657,0.1709542284580018917941881342,0.1586860528570377917941881342,0.0122681756009641,4.7813372427334063313316974183,62.668778609755569945198141941,62.467707251745957689008817154,389531200
4.93,2,0.1364362979542466330321537985,0.142486350330172,0.131542758508081,0.13660267658151,0.125652414155416,0.166484121759047,0.1709734801971123265255695808,0.1587416601911030265255695808,0.0122318200060093,4.7829302755093623313316974181,62.651722023136194746864227262,62.452109717027914055337403529,390322900
4.94,2,0.1362606732516909561649646552,0.1423113021775,0.131417027707223,0.136426837711629,0.125525922698458,0.166508112016358,0.1709930678985368324777784222,0.1587976034874822324777784222,0.0121954644110546,4.784532932896651331331697418,62.634882465827149237680341678,62.43674123820866566407972441,391114700
4.95,2,0.1360856221279147543714316743,0.142136840127125,0.131291606337864,0.136251573119985,0.125399728680298,0.166532440507902,0.1710130044271544776202416222,0.1588538956110546776202416222,0.0121591088160998,4.7861455834469163313316974188,62.618295871485177664379885326,62.421638449957170297895450132,391906400
4.96,2,0.1359111418897496523242187267,0.141962960173799,0.131166492362252,0.136076880110124,0.125273831373175,0.166557069733139,0.1710332522341539087677394642,0.1589104990130089087677394642,0.012122753221145,4.7877671514659463313316974183,62.601936314495715027713892706,62.406774589234192928636373147,392698100
4.97,2,0.1357372401824264017066903814,0.141789671265942,0.131041696679366,0.1359027663366,0.125148240383391,0.166582036541795,0.1710538485271811011921181590,0.1589674509009909011921181590,0.0120863976261902,4.7893987028742813313316974181,62.585833995551638689104193346,62.392180430799404556900638461,393489800
4.98,2,0.1355638953237382373364320251,0.141616951430586,0.130917199250029,0.135729210090766,0.125022935937269,0.166607333676095,0.1710747853535257131764585640,0.1590247433222902131764585640,0.0120500420312355,4.7910400098435493313316974184,62.569944152413431416321343844,62.377809986647429140337088865,394281600
4.99,2,0.1353911339700198921032352197,0.141444825176178,0.13079302649988,0.135556238061462,0.124897946642009,0.166632898164981,0.1710960007027315531278689505,0.1590823142664508531278689505,0.0120136864362807,4.7926892959050433313316974187,62.554310285920595423442457988,62.363707515600435832614296621,395073300
5.00,2,0.1352189246196290554144261732,0.141273264301124,0.130669152128081,0.135383818708633,0.124773242859471,0.166658826093581,0.1711175896835084778576457202,0.1591402588421825778576457202,0.0119773308413259,4.7943492857225953313316974183,62.538941365329429762949088528,62.349882109197026509100512156,395865000
5.01,2,0.1350472644806197911519033515,0.141102263862013,0.130545573075713,0.135211949236926,0.124648823679943,0.166685055932583,0.1711394906972701343491869554,0.1591985154508990343491869554,0.0119409752463711,4.7960182146266943313316974183,62.523813164972721211463627287,62.336308737950619148962926501,396656800
5.02,2,0.1348761710606718917932329908,0.140931841151398,0.130422308503709,0.135040647175372,0.124524708501974,0.166711580538932,0.1711616972740212206661679405,0.1592570776226048206661679405,0.0119046196514164,4.7976958972656253313316974178,62.508911780093326946057383422,62.322973006235537736451459802,397448500
5.03,2,0.1347056320536569911445642456,0.140761984198964,0.130299348294189,0.134869900202835,0.124400886857994,0.166738410109154,0.1711842192509672226358781940,0.1593159551945056226358781940,0.0118682640564616,4.7993826154545723313316974176,62.49424774577612442024741074,62.309885522172058434185633707,398240300
5.04,2,0.1345356357949962700095969329,0.140592682128491,0.130176683407578,0.134699696640513,0.124277348906963,0.166765567765974,0.1712070794212707227028204765,0.1593751709597639227028204765,0.0118319084615068,4.8010790221695413313316974183,62.479799933760730177253516281,62.297024551401840551036753326,399032000
5.05,2,0.1343661887065247441099728640,0.140423940420492,0.130054321145404,0.134530042918071,0.124154102900673,0.16679302615336,0.1712302507003839376280630049,0.1594346978338319376280630049,0.011795552866552,4.8027843414953933313316974189,62.465622514359969351004778411,62.284445231022772943570018038,399823700
5.06,2,0.1341972892060397979607720259,0.140255757717049,0.129932261955287,0.134360937451377,0.124031149061629,0.166820791713872,0.1712537395425643166036771424,0.1594945422709670166036771424,0.0117591972715973,4.8044987583329813313316974185,62.451683132936563423753769247,62.272114332655436849691928078,400615400
5.07,2,0.1340289250514122174774743427,0.140088122278678,0.129810495887954,0.134192367983374,0.123908476924078,0.166848879420268,0.1712775605642222769035517842,0.1595547188875797769035517842,0.0117228416766425,4.8062226914116253313316974178,62.437989929229277082535408843,62.260040006782621042205668319,401407200
5.08,2,0.1338610932798819451199902792,0.139921029680272,0.129689020293343,0.134024331547687,0.12378608529777,0.16687724748972,0.1713016719154991963419227799,0.1596151858338114963419227799,0.0116864860816877,4.8079549418211863313316974189,62.424487333291655586176345171,62.248165308972896419603757456,402198900
5.09,2,0.1336938021383229921773310621,0.139754488332513,0.129567845342152,0.133856836401249,0.123663984200729,0.166905900119434,0.1713260781459962138658337342,0.1596759476592632138658337342,0.011650130486733,4.8096956398981333313316974187,62.411250520553932573011563568,62.236566815909901900530353373,402990600
5.10,2,0.1335270387898509730117497786,0.139588565838663,0.129447040382788,0.133689869691521,0.123542162526623,0.166937141425536,0.1713530843884573282612666449,0.1597393094966791282612666449,0.0116137748917782,4.8115108228311963313316974187,62.393894638461574860420644706,62.220773100245147479182756659,403782300
5.11,2,0.1333608014905871446866968125,0.139416454022093,0.129319798969044,0.133523429672496,0.123420620260922,0.166776060706832,0.1711876611344758193696913549,0.1596102418376524193696913549,0.0115774192968234,4.8078133067642643313316974179,62.382528243530767790082172729,62.210898533104751819094908502,404574100
5.12,2,0.1331950978112894225624950237,0.139244881853129,0.129192851787076,0.133357523924166,0.123299366700495,0.166615133207063,0.1710224012746337315575990320,0.1594813375727651315575990320,0.0115410637018686,4.8041204715946253313316974178,62.371034674810700847295890619,62.20090165965852929201341925,405365800
5.13,2,0.1330299053289634924550565816,0.139073826940102,0.129066178146612,0.133192129996192,0.123178381097436,0.166454360938804,0.1708573060981988368627783096,0.1593525979912850368627783096,0.0115047081069138,4.8004323542570803313316974185,62.359486354770545022241041662,62.190856415506336051625402418,406157500
5.14,2,0.1328652318245679260226050982,0.138903295913778,0.128939786365517,0.133027255679022,0.12305767293032,0.166293710498227,0.1706923425119818221441663825,0.1592239900000227221441663825,0.0114683525119591,4.7967480067015873313316974181,62.347795792528575781669860948,62.18067362225014304653423063,406949200
5.15,2,0.1327010743057763879092230432,0.138733287273551,0.128813676616126,0.132862897976679,0.122937240877132,0.166133224701015,0.1705275533115982698894527076,0.1590955563945939698894527076,0.0114319969170043,4.7930686549322293313316974177,62.336021512590828471713642109,62.170413072358979548586902699,407741000
5.16,2,0.1325374317306785770929861768,0.13856379987419,0.128687849412128,0.132699055845983,0.122817085554622,0.165972900585082,0.1703629355546937919900111459,0.1589672942326442919900111459,0.0113956413220495,4.789394214656759331331697418,62.324195656935223560247411154,62.160107580217244340523966636,408532700
5.17,2,0.1323742912214828584304361358,0.138394821146186,0.128562293829053,0.132535716393439,0.122697195715337,0.165812747595811,0.1701984982996394262475625131,0.1588392125725446262475625131,0.0113592857270948,4.7857249453783893313316974181,62.312249158840219087717849426,62.149686831841228699833851856,409324400
5.18,2,0.1322116700975698133967780672,0.138226367155401,0.128437027564058,0.132372896959547,0.122577590332067,0.165652728872655,0.1700342053259635935066373532,0.1587112751938235935066373532,0.01132293013214,4.7820598094570483313316974179,62.300208545498208670440351331,62.139177899800890780492556911,410116200
5.19,2,0.1320495370329719063232310919,0.138058406873549,0.128312021206537,0.132210566180139,0.122458239659309,0.165492854525023,0.1698700657105022169233556956,0.1585834911733170169233556956,0.0112865745371852,4.7783990669249283313316974183,62.288103755598851124941890408,62.128611354161714962560902194,410907900
5.20,2,0.1318879085048702068940512182,0.13789095778298,0.128187293843039,0.13204874055249,0.122339161799517,0.16533315241776,0.1697061079672366033926057248,0.1584558890250062033926057248,0.0112502189422304,4.7747435346474223313316974186,62.275889066608237481478512426,62.117940719359884157092704537,411699600
5.21,2,0.1317267935759921057759450054,0.137724029270166,0.128062856450891,0.131887429150378,0.122220367418291,0.165173631291354,0.1695423412144339301728795937,0.1583284778671582301728795937,0.0112138633472757,4.7710934738436403313316974183,62.263592942493329279041282895,62.107195060885052682926582785,412491400
5.22,2,0.1315661594145774368998319852,0.137557587256612,0.127938676529231,0.131726599102006,0.12210182522243,0.165014257109167,0.1693787303019260945802682228,0.1582012225496051945802682228,0.0111775077523209,4.7674478775354473313316974189,62.251207668786534823495759945,62.09636655695009214677687687,413283100
5.23,2,0.1314060133704824973011527909,0.137391639305542,0.127814763205825,0.131566257766193,0.121983544136249,0.164855035541474,0.1692152812150885403902670185,0.1580741290577224403902670185,0.0111411521573661,4.7638069171912163313316974184,62.238735877799260769367277373,62.085457960286672111254511964,414074800
5.24,2,0.1312463640528489004675203990,0.137226195064842,0.127691127680138,0.13140641376258,0.121865534331913,0.164695995828759,0.1690520235674488680535643417,0.1579472270050375680535643417,0.0111047965624113,4.7601714411760213313316974179,62.226221660222705691072995772,62.074514222629613811567744728,414866500
5.25,2,0.1310871985259170313538895492,0.137061239642305,0.127567756598704,0.131247054139632,0.121747784397566,0.164537082569799,0.1688889015255022111254860637,0.1578204605580456111254860637,0.0110684409674566,4.7565398499777673313316974181,62.213583196581805422640744622,62.063452106583915816602762412,415658300
5.26,2,0.1309285049556310300221606906,0.136896763334267,0.127444641783884,0.131088167048862,0.121630284011676,0.164378357337783,0.1687259763395354208312440117,0.1576938909670336208312440117,0.0110320853725018,4.7529138982879253313316974188,62.200859711097196615357093853,62.052311648706983589936658952,416450000
5.27,2,0.1307703113783100901636925145,0.136732794748076,0.127321813356458,0.130929780560779,0.121513062759108,0.16421983496292,0.1685632638819223344432795904,0.1575675341043753344432795904,0.010995729777547,4.7492940408165083313316974178,62.188076359596456800543925855,62.041118506578913730589050839,417241800
5.28,2,0.1306125848018675084146729423,0.136569298120644,0.127199237054307,0.130771861643063,0.121396089109423,0.164061437770495,0.1684006853295342960575111882,0.1574413111469420960575111882,0.0109593741825922,4.7456780194472163313316974184,62.175193358092889721542886221,62.02983221746254963211090411,418033500
5.29,2,0.1304553235649347853263933962,0.13640627307596,0.127076913990028,0.13061440863232,0.121279362888746,0.163903202603293,0.1682382775415420801526238171,0.1573152589539045801526238171,0.0109230185876375,4.7420668901175073313316974179,62.162231275775149861486258611,62.018473795836606188025749021,418825200
5.30,2,0.1302985352767621867167828792,0.136243728745535,0.126954854771517,0.13045742914708,0.121162893192888,0.163745172602954,0.1680760840035158232157651793,0.1571894210108331232157651793,0.0108866629926827,4.7384618985972063313316974185,62.149199396230963046956374868,62.007052775727155212578777054,419617000
5.31,2,0.1301422276284005181669476991,0.136081670382112,0.126833066115784,0.130300930887771,0.121046689187441,0.163587277491342,0.1679140347145500771475911652,0.1570637273168221771475911652,0.0108503073977279,4.7348610395080883313316974187,62.136083263166080247969293479,61.995554466978690344941509105,420408700
5.32,2,0.1299863793339737009636614281,0.135920078085513,0.126711529574923,0.130144892542561,0.120930731013725,0.163429558014306,0.1677521697518509336337142903,0.1569382179490777336337142903,0.0108139518027732,4.7312654609775323313316974183,62.122886633758724061550280157,61.983982786927394335106837513,421200400
5.33,2,0.1298309967129914623672862179,0.135758959203302,0.12659025393688,0.129989320438666,0.120815026440221,0.163272043229962,0.1675905184625283688446515375,0.1568129222547099688446515375,0.0107775962078184,4.7276760037383153313316974184,62.109632349065902890689254146,61.972361019861538714380665485,421992100
5.34,2,0.1296760687832280412623100547,0.135598300725193,0.126469227619992,0.129834203580467,0.120699565900801,0.163114675587875,0.1674290229270100081223284448,0.1566877823141464081223284448,0.0107412406128636,4.7240910085169103313316974183,62.096255998600669775224351574,61.960623769597106989806428734,422783900
5.35,2,0.1295216032551294858515529483,0.135438111458848,0.126348460848877,0.129679549687814,0.120584358533136,0.162957486054683,0.1672677144499034725300645708,0.1565628294319946725300645708,0.0107048850179088,4.7205113721242653313316974178,62.082841509308179197235393099,61.948856348326859499550639112,423575600
5.36,2,0.1293675974886504579248312705,0.135278389111537,0.126227952736224,0.129525356117441,0.120469403100233,0.16280048466549,0.1671066030292344560682480226,0.1564380736062803560682480226,0.0106685294229541,4.7169373809827153313316974178,62.069356108252006134798769432,61.937025540401997162401089778,424367300
5.37,2,0.1292140292101268297729203809,0.135119109682828,0.126107680675578,0.129371600568522,0.120354678696096,0.162643623090508,0.1669456395757020126356987331,0.1563134657477027126356987331,0.0106321738279993,4.7133676287873843313316974189,62.055787708961254571335941606,61.925119100910114009934332073,425159000
5.38,2,0.1290609070918370476456365659,0.134960283720268,0.125987656597138,0.129218291723912,0.120240195387073,0.162486954527677,0.1667848776711964981983951856,0.1561890594381519981983951856,0.0105958182330445,4.7098036505463573313316974189,62.042110964539379763935105007,61.913111425121139336147988587,425950800
5.39,2,0.1289082482221158467000213382,0.134801928246801,0.12586789889528,0.129065446692784,0.120125971654607,0.162330476161199,0.1666243151435910465604848649,0.1560648525055013465604848649,0.0105594626380897,4.7062453840327833313316974185,62.028410992587899344579627229,61.901088926089810502762921128,426742500
5.40,2,0.1287560309888831227909052007,0.134644021501856,0.125748387169756,0.128913043836703,0.120011987221412,0.162174184823771,0.1664639481155521759478419510,0.1559408410724171759478419510,0.010523107043135,4.7026927181692373313316974179,62.014640963987459811524996921,61.889004141428113518908407145,427534200
5.41,2,0.1286042427880156860246041363,0.134486549998205,0.12562910928265,0.128761070536174,0.119898230818129,0.162018055839917,0.1663037515030291295154766640,0.1558170000548489295154766640,0.0104867514481802,4.6991449343506043313316974183,62.000797626796867428425944551,61.876853813366770377628649865,428326000
5.42,2,0.1284528916680206962720869788,0.134329522624909,0.125510075461431,0.128609534849521,0.119784711842306,0.161862112811432,0.1661437492503716200782852169,0.1556933533971462200782852169,0.0104503958532254,4.6956027185319723313316974185,61.986848342506780254098680079,61.864604937047470434687657091,429117700
5.43,2,0.1283019957368189847568935767,0.134172956876313,0.125391304528055,0.128458454906746,0.119671449752365,0.161706337172675,0.1659839234601277460374763771,0.1555698832018571460374763771,0.0104140402582706,4.6920655579891123313316974177,61.972860206323943385934710086,61.852325576980398537275877673,429909400
5.44,2,0.1281515130503921230819527236,0.134016811976766,0.125272757023781,0.128307788712681,0.119558403870851,0.16155076453306,0.1658243083429271277130597952,0.1554466236796112277130597952,0.0103776846633159,4.6885344327843673313316974187,61.958781532157375861742770431,61.839963427929066265755664638,430701200
5.45,2,0.1280014606886044636510884695,0.133861103584759,0.125154449913416,0.128157553368019,0.119445592605569,0.161395353249207,0.1656648628728211274319613477,0.1553235338044600274319613477,0.0103413290683611,4.6850081676108893313316974188,61.944663204553672013507960611,61.827570078218826871913289164,431492900
5.46,2,0.1278518571194674357279473661,0.133705850589688,0.125036403382171,0.128007767363292,0.119333035743656,0.161240114375124,0.1655055988015377337424167404,0.1552006253281314337424167404,0.0103049734734063,4.6814870991308833313316974183,61.93043992978617158211322669,61.815079447187906602802771251,432284600
5.47,2,0.1277026500743640462388648733,0.133551001760083,0.124918567483995,0.127858378366144,0.119220682238958,0.161085080304602,0.1653465467600420005237664546,0.1550779288815905005237664546,0.0102686178784515,4.6779721048568593313316974178,61.916190022218429185238219508,61.802570937485208174778421793,433076300
5.48,2,0.1275538779763432807017854395,0.133396594485944,0.124800980884003,0.12770942484648,0.119108571837273,0.160930219397203,0.1651876764765655181255670179,0.1549554141930687181255670179,0.0102322622834968,4.6744623175665303313316974186,61.901833876318302338919299298,61.789963968985964339200024658,433868100
5.49,2,0.1274055279841908018414817856,0.133242616920597,0.124683633000434,0.127560893947425,0.11899669294741,0.160775560761512,0.1650290166726610523165418827,0.1548331099841190523165418827,0.010195906688542,4.6709585600717793313316974177,61.887462094841630550351130965,61.777350347853149474763629873,434659800
5.50,2,0.1272575881917809057698279161,0.133089055231714,0.124566511255765,0.127412773748335,0.118885034904294,0.160621049818369,0.1648705123634677452198343556,0.1547109612698805452198343556,0.0101595510935872,4.6674592571723713313316974181,61.872973821401785781419393251,61.76462800071640346827114507,435451600
5.51,2,0.1271100570351621739870157514,0.132935910029026,0.124449617504517,0.127265062683351,0.118773597387615,0.160466748852361,0.1647122258603526132210321247,0.1545890303617201132210321247,0.0101231954986325,4.6639661939574763313316974186,61.858468703862882553637072615,61.751897875200799764609846564,436243300
5.52,2,0.1269629419869990844509438839,0.132783187772965,0.124332959441988,0.12711776823425,0.11866238911477,0.160312628442267,0.1645541280285805040039623498,0.1544672881249028040039623498,0.0100868399036777,4.6604785357784193313316974176,61.843858548486548245074599826,61.739070768090626625229619861,437035000
5.53,2,0.1268162411578793995398465106,0.132630887761319,0.124216537591009,0.126970888509316,0.118551409419832,0.160158722641263,0.1643962529188269526508654392,0.1543457686101040526508654392,0.0100504843087229,4.6569972581151963313316974187,61.82923931173463495731357487,61.726243823773742649825499101,437826800
5.54,2,0.1266699424102636664116228186,0.132478995507154,0.124100338679949,0.126824411356209,0.118440647366504,0.160004964765019,0.1642385334242133605018311433,0.1542244047104452605018311433,0.0100141287137681,4.6535204384973473313316974176,61.814506343357803931655748418,61.713311210008509458206300517,438618500
5.55,2,0.1265240535304654251755192506,0.132327520290227,0.123984373194225,0.126678344570737,0.118330111956989,0.1598513971301,0.1640810122014622681708401376,0.1541032390826489081708401376,0.00997777311881336,4.6500492989499553313316974183,61.799716844487945533110180372,61.700330864894964079041669679,439410200
5.56,2,0.1263785529388655042426972046,0.132176441507236,0.123868621726638,0.126532666546965,0.118219782782184,0.159698048783507,0.1639237176025774371131743378,0.1539823000787188571131743378,0.00994141752385858,4.646584651698101331331697418,61.784877049563366804149868807,61.687309157418409533814771679,440201900
5.57,2,0.1262334578883397236152072852,0.132025773955122,0.123753100260763,0.126387394558808,0.118109678303363,0.159544848451038,0.1637665789545940251165796543,0.1538615170256902151165796543,0.00990506192890381,4.6431244721104783313316974183,61.769998180459621159649475757,61.674257431004489455031062396,440993700
5.58,2,0.1260887571381171066032605032,0.131875508007021,0.123637800346993,0.126242517351788,0.117999788444021,0.159391842896804,0.1636096426982493337223053444,0.1537409363643003037223053444,0.00986870633394903,4.6396700906162093313316974181,61.755025898152712452328404106,61.661120859700512209888732164,441785400
5.59,2,0.1259444479148637114914381892,0.131725641989739,0.123522721480096,0.126098032149189,0.117890111596116,0.159239063729196,0.1634529404050465786757187107,0.1536205896660523186757187107,0.00983235073899426,4.6362224116722373313316974179,61.74001800162042840993439111,61.647957913618522870929600032,442577100
5.60,2,0.1258005292795109373520199110,0.131576172569227,0.12340786148478,0.125953938010797,0.117780647978898,0.159086442373725,0.1632964034663533519238601272,0.1535004083223138719238601272,0.00979599514403948,4.6327794697860253313316974187,61.724927320951057637319661265,61.634720959799529547098423351,443368800
5.61,2,0.1256569978544491518752512860,0.131427097637562,0.123293219402759,0.125810231554883,0.117671395360975,0.1589340153263,0.1631400683224036866948745532,0.1533804287733189866948745532,0.0097596395490847,4.6293423088933803313316974181,61.709786686881309862621404661,61.621443232670341178511781779,444160600
5.62,2,0.1255138524492211679757309253,0.131278416166709,0.123178795346591,0.125666911589539,0.117562353691728,0.158781787260585,0.1629839396479421548688880826,0.1532606556938123348688880826,0.00972328395412982,4.6259110629158723313316974186,61.694629585522819237616770642,61.608158581034650462277837045,444952300
5.63,2,0.1253710909034151967399702337,0.131130124485428,0.123064586776683,0.125523975951718,0.117453521940446,0.158629714985832,0.1628279741899013101866060093,0.1531410458307261501866060093,0.00968692835917516,4.6224844927443843313316974189,61.679366607966254522273800204,61.594776782390314878948177829,445744000
5.64,2,0.1252287210942237350284849812,0.130982233416257,0.122950605638343,0.125381432528219,0.117344909117382,0.158477882393749,0.1626722562057692476414282192,0.1530216834415489776414282192,0.00965057276422027,4.6190650121781593313316974188,61.664069563611371187527510341,61.581370414446242435371088892,446535700
5.65,2,0.1250867112237481355256486114,0.130834708675232,0.122836818761586,0.125239249482366,0.117236484500521,0.15832621991994,0.1625167150159115096582641309,0.1529024978466460096582641309,0.0096142171692655,4.6156505963948113313316974183,61.648711532555625138779487947,61.567912323376170168820599185,447327500
5.66,2,0.1249450791259625875506662051,0.130687569003083,0.122723245992416,0.125097444669883,0.117128267051531,0.158174752557447,0.1623613762907603274397276029,0.1527835147164495974397276029,0.00957786157431073,4.612241980798056331331697418,61.633299949221401746531365688,61.554410074785087893859749992,448119200
5.67,2,0.1248038227455034971648968054,0.130540811667918,0.122609885695581,0.124956016032898,0.117020255809851,0.158023461002454,0.1622062206811893954465670949,0.1526647147018334454465670949,0.00954150597935595,4.6088386110762573313316974176,61.617829242272156146887441334,61.540858092051551466152442724,448910900
5.68,2,0.1246629405409116140383549782,0.130394435912858,0.122496738202295,0.124814962028073,0.116912450320897,0.157872367765158,0.1620512706952420653092191460,0.1525461203108408853092191460,0.00950515038440118,4.6054411320373583313316974187,61.602302529148382085472737929,61.527259582530235522681318986,449702700
5.69,2,0.1245224304375483747659155294,0.130248439020701,0.122383801874973,0.124674280578239,0.116804849587777,0.15772145451597,0.1618965079573450658312790627,0.1524277131678986558312790627,0.00946879478944641,4.6020490172599623313316974187,61.586717810385979726224602942,61.513612574393077807486017708,450494400
5.70,2,0.1243822797132139495886384820,0.130102810191401,0.122271066984793,0.124533958945682,0.116697441944652,0.157570776927368,0.1617419877665311417126122577,0.1523095485720395117126122577,0.00943243919449163,4.5986638509446633313316974189,61.571099188790094861833236104,61.499941431561872740029925383,451286100
5.71,2,0.1242424774972809665971481191,0.129957535368948,0.122158520538647,0.124393986246519,0.116590217571192,0.157420244314353,0.1615876190395901995726776065,0.1521915354400533395726776065,0.00939608359953686,4.5952830237496993313316974189,61.555412926747803323046113648,61.486212164332285479644719295,452077900
5.72,2,0.1241030611008296783077813782,0.129812654252921,0.122046203290779,0.124254399837329,0.116483214879281,0.157269923082803,0.1614334695642515801595159795,0.1520737415596694801595159795,0.0093597280045821,4.5919084776504673313316974186,61.539687431844717921692016785,61.472453473258246510769330221,452869600
5.73,2,0.1239639884483221851559075252,0.129668124701351,0.121934074145711,0.124115157591265,0.116376392789202,0.157119813498487,0.1612795381719096224480753912,0.1519561657622823124480753912,0.00932337240962731,4.5885401791688823313316974185,61.523913775078099425483296972,61.458656407302447982299902719,453661300
5.74,2,0.1238252783491071320210152637,0.129523964309953,0.12182215173756,0.123976278340613,0.116269771172276,0.156969879785609,0.1611257897588839466998464599,0.1518387729442114066998464599,0.00928701681467254,4.5893640330748297710496285322,61.508079094343472342777484235,61.453476592664160309103370008,454453100
5.75,2,0.1236869178582007325641527219,0.129380160388519,0.121710424406497,0.123837749124603,0.11616333809874,0.156820129882345,0.1609722318515930421276986499,0.1517215706318752821276986499,0.00925066121971776,4.5932749292822889005363685475,61.492162800416380240150341649,61.45461943213198817957212083,455244800
5.76,2,0.1235489063955652566976579043,0.129236713423952,0.12159889366186,0.123699569362489,0.116057094010906,0.156670594336561,0.1608188950319692262042193342,0.1516045894072062362042193342,0.00921430562476299,4.5971921591848610300231085635,61.47623857338010194580255469,61.455782866114555256635411036,456036500
5.77,2,0.1234112504110922083596573111,0.129093628858244,0.121487565960194,0.12356174551203,0.115951046381704,0.156521243912361,0.1606657503072544413027829963,0.1514878002774462313027829963,0.00917795002980821,4.6011148922012101595098485791,61.460261606979465145965650858,61.456921971534851358795121694,456828300
5.78,2,0.1232739293477078003397967844,0.128950886041805,0.121376421658663,0.123424256991082,0.115845175636358,0.156372077002481,0.1605127953856410888531968843,0.1513712009507876488531968843,0.00914159443485344,4.6050430626758857213922863146,61.444228559785050381695312914,61.458033563560359345650570987,457620000
5.79,2,0.1231369605601618439876803663,0.128808503732522,0.121265480514172,0.123287121175559,0.11573950015041,0.156223132843215,0.1603600701690262768627888741,0.1512548313291276168627888741,0.00910523883989866,4.608977813714034850879026329,61.428163424276974382109264312,61.45914171852258329560495722,458411700
5.80,2,0.1230003323018514060555410396,0.128666468783371,0.121154730371052,0.123150326304533,0.11563400915489,0.156074371912665,0.1602075347353611861543643962,0.1511386514904172961543643962,0.00906888324494389,4.6129180016332049803657663445,61.412013558542977250901625272,61.460194099071950815650185002,459203500
5.81,2,0.1228640328311937186348558295,0.128524769497393,0.121044160516101,0.123013860622104,0.115528691878255,0.155925796069516,0.1600551905683135868405965424,0.1510226629183244668405965424,0.00903252764998912,4.6168636689373471098525063601,61.395842403881626027316337374,61.461254034020417005571238676,459995200
5.82,2,0.1227280801257461835831931794,0.128383424081437,0.1209337901324,0.122877742127751,0.115423567296812,0.155777410903797,0.1599030439239858388727615365,0.1509068718689514988727615365,0.00899617205503434,4.6208149948505922393392463765,61.379628971080832731494038967,61.46230069199702402756175074,460786900
5.83,2,0.1225924618515900707614717890,0.128242420343152,0.120823607996374,0.122741958472515,0.115318624030966,0.155629221081906,0.1597510990742369731595813550,0.1507912826141574031595813550,0.00895981646007957,4.6247721017526863688259863911,61.363370105410387639594024891,61.463331038745175337675162674,461578600
5.84,2,0.1224571668822942210342815216,0.128101748160687,0.120713604947547,0.122606498516397,0.115213851902682,0.155481255920642,0.1595993849983115961546051752,0.1506759241331867961546051752,0.0089234608651248,4.6287358198378445250826104468,61.347040530378469692317512599,61.464320190776845932329675323,462370400
5.85,2,0.1223222123116038813557288661,0.127961422156145,0.12060379656208,0.122471379373986,0.115109268981187,0.155333443712504,0.1594478305759905363472812492,0.1505607253058205163472812492,0.00888710527017002,4.6327041116618500869650481813,61.330681800646958928013929298,61.465309410782327798953986822,463162100
5.86,2,0.1221875776052207614094620786,0.127821424576591,0.120494166033828,0.122336580485945,0.115004855654512,0.155185865148132,0.1592965158622336202046188945,0.1504457661870183702046188945,0.00885074967521525,4.6366792706303732164517881979,61.314262197840249704939396572,61.466267436128710416642179618,463953800
5.87,2,0.1220532798730535836091630310,0.127681769895421,0.120384728775788,0.122202118983046,0.1149006299936,0.155038443798431,0.1591453650124092273341415439,0.1503309709321487473341415439,0.00881439408026048,4.6406591239547689135428304931,61.297811751080961327490022819,61.467224021613522270257387159,464745500
5.88,2,0.1219192974081413982865152422,0.127542439022132,0.12027546662992,0.122067973131859,0.114796571198055,0.15489125569369,0.1589944533767858437643333879,0.1502164148914801437643333879,0.0087780384853057,4.6446458302612264754252682289,61.281341696887073665279542564,61.46819013687921173121051141,465537300
5.89,2,0.1217856185083904300583992240,0.127403417667252,0.120166366232149,0.121934131216018,0.114692668477473,0.154744227321967,0.1588437070218019252829743812,0.1501020241314509952829743812,0.00874168289035093,4.6486372715092206049120082436,61.264772924530842133156985457,61.469088386838006859773841737,466329000
5.90,2,0.1216522711833109771364478729,0.12726473661387,0.12005745928396,0.12180062127919,0.114588950794474,0.15459743660853,0.1586932049316217835693762640,0.1499878776362256235693762640,0.00870532729539616,4.6526357104283833020030505401,61.248219972957817932570979984,61.470030979168431319935625954,467120800
5.91,2,0.1215192437404865911823617343,0.127126381472959,0.119948732307774,0.121667431614701,0.114485407354388,0.154450806913321,0.1585428700425146849350932400,0.1498738983420733049350932400,0.00866897170044138,4.6566389393054568638854882753,61.231574096080944089294433296,61.470911723262284097643964449,467912400
5.92,2,0.1213865339058225138968728605,0.126988352531722,0.119840186495362,0.121534559945684,0.114382036785469,0.154304411669846,0.1583927757848445218074379978,0.1497601596793579118074379978,0.00863261610548661,4.66064906176540599337222829,61.214941450248600934644984965,61.471834220178222841864135374,468704200
5.93,2,0.1212541205790035190882378402,0.126850626371088,0.119731799325403,0.12140198514609,0.114278818859965,0.154158185551954,0.1582428560862722263230094092,0.1496465955757403963230094092,0.00859626051053183,4.6646641849751471228589683064,61.198209734550407090644535679,61.472689220273957169301374267,469495900
5.94,2,0.1211220212092304592931400295,0.12671322149563,0.119623590193457,0.121269724686401,0.114175771939887,0.154012157836068,0.1580931408822813493128142259,0.1495332359667042893128142259,0.00855990491557706,4.6686851665231108199500106015,61.18148417494860099749051051,61.473579139368907933457743515,470287700
5.95,2,0.1209902341202315675850679663,0.126576135348361,0.119515557426827,0.1211377768883,0.114072895231748,0.153866303358823,0.1579436049664598754527993002,0.1494200556458375954527993002,0.00852354932062228,4.6727112842987893818324483365,61.164667795218061270762354643,61.474409946480544432461329138,471079400
5.96,2,0.1208587479297179603592754998,0.126439358724042,0.119407692697923,0.121006130355618,0.113970178217561,0.153720685028494,0.1577943109181328024460441324,0.1493071171924652924460441324,0.00848719372566751,4.6767443310677815113191883516,61.147863350159909354297081171,61.475281181509375341336491456,471871100
5.97,2,0.1207275601070864325016269106,0.126302886874687,0.119299992129822,0.120874782554665,0.113867619235233,0.153575239449718,0.1576451952452520686663807589,0.1491943571145393286663807589,0.00845083813071274,4.6807824879169056675758124069,61.130975190211207620907230529,61.476100476412770893976422911,472662800
5.98,2,0.1205966789872065270157359343,0.126166729103671,0.119192465890443,0.120743741830476,0.113765227494868,0.153429993889945,0.1574962855535130825495391256,0.1490818030177551225495391256,0.00841448253575796,4.6848265456910607970625524233,61.114090843760593235187903011,61.476952373521943770402928229,473454600
5.99,2,0.1204660931989363551319879110,0.126030874558172,0.119085103985038,0.120612996798042,0.113662992470054,0.153284963757784,0.1573475968933264759819655649,0.1489694699525232859819655649,0.00837812694080319,4.688876935552760926549292439,61.097130971990901547152331067,61.477760403318077271555154633,474246300
6.00,2,0.1203358005248492595743830418,0.125895319434713,0.118977903461795,0.120482545237232,0.113560912792845,0.153140103721137,0.1571990838571925573166872901,0.1488573125113441373166872901,0.00834177134584842,4.6929323566729610560360324539,61.080126820847366770443608787,61.478554907727541598947179416,475038000
6.01,2,0.1202082517021097641621447700,0.125762517328983,0.118873318761713,0.120354840873787,0.113461443034807,0.15299536719633,0.1570507855485704027231584398,0.1487453697976767627231584398,0.00830541575089364,4.6969939292832461855227724697,61.063120017272484616534773515,61.479375759403773500510507278,475829800
6.02,2,0.1200838248644542873813312064,0.125632845407935,0.118771727890759,0.120230262302563,0.113364962630321,0.152850706655884,0.1569026676611514475672850733,0.1486336075052125875672850733,0.00826906015593886,4.7010606705802717474052102054,61.046036252350868305841578287,61.480151867373598995560404544,476621500
6.03,2,0.1199597486576726912253228571,0.125503531815874,0.11867035982601,0.120106034789793,0.113268697678899,0.152706252921077,0.1567547642292148507129571051,0.1485220596682307607129571051,0.00823270456098409,4.70513355557431187689195022,61.028921024489722193373085802,61.480926828130624972606387593,477413200
6.04,2,0.1198360314769975725787869274,0.125374585206025,0.11856922404727,0.119982166740947,0.113172657413096,0.152562012911091,0.1566070824985686098024846512,0.1484107335325392898024846512,0.00819634896602932,4.7092127918424770063786902362,61.01181402741842956000641841,61.481738455022065596177380785,478205000
6.05,2,0.1197126528401233835612834445,0.125245983712845,0.118468299509447,0.119858637648743,0.113076822146579,0.152417948059744,0.1564595831920620319796119201,0.1482995898209874819796119201,0.00815999337107455,4.7132972541772841358654302507,60.994626919193108753586064706,61.482502663565800165359653839,478996700
6.06,2,0.1195896311551956131394058044,0.125117745633268,0.11836760532384,0.119735465943773,0.112981211124803,0.152274054189404,0.1563122628015814257801434578,0.1481886250254616557801434578,0.00812363777611977,4.7173868420786792653521702661,60.97738752650005668787385417,61.483246158022764014109091309,479788400
6.07,2,0.1194669456519536467347968832,0.124989851873876,0.118267123205371,0.11961263083045,0.112885804361013,0.152130380378579,0.1561651697375979763041082254,0.1480778875564329763041082254,0.008087282181165,4.7214829424045033948389102821,60.960128113552470651810452961,61.483999491672469719664272538,480580200
6.08,2,0.1193446053378309917552313442,0.12486231108333,0.118166862605065,0.119490141327191,0.112790611676478,0.151986915853435,0.1560182935626761825759089735,0.1479673669764659625759089735,0.00805092658621022,4.7255852561442555243256502981,60.942872270145159141288160776,61.484784964213623451332302796,481371900
6.09,2,0.1192226194478201733347512737,0.124735131614631,0.118066832672365,0.119368006680249,0.11269564311438,0.151843634845333,0.1558716088431869145240390279,0.1478570378519314645240390279,0.00801457099125545,4.729693054678133086208088033,60.925546264742276176122063217,61.485532886318450730524738848,482163600
6.10,2,0.1191009664155519229970389526,0.124608291452897,0.117967012182958,0.119246205296957,0.112600877873102,0.151700525612936,0.1557251031042264942998136427,0.1477468877079258142998136427,0.00797821539630068,4.7338059806264782424647120876,60.908173997252041504609033627,61.486266046969792295601967848,482955300
6.11,2,0.1189796457744801766087302574,0.124481791820279,0.117867403143741,0.119124736710199,0.112506316270753,0.151557636511246,0.1555788247413808619447029359,0.1476369649400349619447029359,0.0079418598013459,4.7379254204206833719514521032,60.890780615247523300291779124,61.487008030828021142118281609,483747100
6.12,2,0.1188586659708093567335529487,0.124355639646691,0.117768013263606,0.11900360937648,0.112411967543291,0.151414923649643,0.1554327301598034496803028480,0.1475272259534123196803028480,0.00790550420639113,4.7420501251603995014381921192,60.873348485561255424371674051,61.487742400279452724984028386,484538800
6.13,2,0.1187380262729928422658734261,0.124229834762028,0.117668843145707,0.11888282256336,0.112317831732004,0.151272403117084,0.1552868354596995303297953541,0.1474176868482631703297953541,0.00786914861143636,4.7461805560825326309249321348,60.855875315690953638145901934,61.488467006965993424552230464,485330600
6.14,2,0.1186177356809624107848350169,0.124104386697185,0.117569903088519,0.118762385281747,0.112223918615852,0.151130089619895,0.1551411556978476093686981790,0.1473083626813660293686981790,0.00783279301648158,4.7503171445320123280159744295,60.838375419969896283672881034,61.489195252477747887337090102,486122300
6.15,2,0.1184977631990281782389660152,0.123979263736275,0.117471162138123,0.118642266498153,0.112130197923776,0.150987964131866,0.1549956707793532872680402172,0.1471992333578264772680402172,0.00779643742152681,4.7544593148325228898984121654,60.820881205503185624817110399,61.48995747362747379103761582,486914000
6.16,2,0.1183781281033448427268444396,0.123854485069502,0.117372640241108,0.118522485512239,0.112036689712284,0.150846023155251,0.1548503779047268195992321691,0.1470902960781547895992321691,0.00776008182657203,4.7586069867845870193851521805,60.803307399146667015846974464,61.490674019556128869144955019,487705700
6.17,2,0.1182588288710652841817060728,0.123730049366965,0.117274336818438,0.118403040799301,0.111943393207995,0.15070427226886,0.1547052826291699655641142936,0.1469815563975527055641142936,0.00772372623161726,4.7627603195330131488718921968,60.785705068148602394031284035,61.491392651858842828404847258,488497500
6.18,2,0.1181398547879030899089344991,0.123605946598598,0.11717624258543,0.118283921631986,0.111850298429393,0.150562731601603,0.1545604047453017363963376091,0.1468730341086392563963376091,0.00768737063666248,4.7669198800945692783586322124,60.768077622732508669891526209,61.492116455949052544079679447,489289200
6.19,2,0.1180212146106693042196078592,0.123482183643767,0.117078365161402,0.118165136777785,0.111757414884373,0.150421346905774,0.1544156903043726583530707174,0.1467646752626649483530707174,0.00765101504170771,4.7710841229514274078453722273,60.750405952437330884326525331,61.492827933517789143711575575,490080900
6.20,2,0.1179028978958244483688137749,0.123358752429227,0.116980697207677,0.118046675780422,0.111664732851674,0.150280186579337,0.1542712074065631039892369579,0.1466565479598101639892369579,0.00761465944675294,4.7752549990300475373321122429,60.732712439744563908302165544,61.493547582285158726549588173,490872600
6.21,2,0.1177849034078536951293731330,0.123235650416279,0.116883236914783,0.117928537402877,0.111572251823948,0.150139213343175,0.1541269187323175188729097571,0.1465486148805193588729097571,0.00757830385179816,4.7794314392039166668188522589,60.714986827891356464931273846,61.494266059694400514637259526,491664400
6.22,2,0.1176672501812022752420350916,0.123112896604306,0.116786004006042,0.117810740702805,0.111479991583228,0.149998425170709,0.1539828229446235173606892681,0.1464408746877801273606892681,0.00754194825684339,4.7836134051704507963055922737,60.697230341569824308870824914,61.494984523421379466954423705,492456100
6.23,2,0.1175499069931977795989081427,0.122990460038837,0.116688968245668,0.11769325441946,0.111387921587894,0.149857831353036,0.1538389282737066314984719584,0.1463333356118180114984719584,0.00750559266188862,4.7878011327082553849579140485,60.679445795768631344733730878,61.495705540387527089857741266,493247800
6.24,2,0.1174328934102893242160673642,0.122868361226258,0.11659215085353,0.117576098143151,0.111296062142172,0.149717457756297,0.1536952613105120997426313232,0.1462260242435782597426313232,0.00746923706693384,4.7919953835917755144446540641,60.661635784980243514230615057,61.496431360763461005841630058,494039600
6.25,2,0.1173161979577154916813954719,0.122746586429621,0.116495538801005,0.117459260385124,0.111204402466065,0.149577240176444,0.1535517574354116995866458154,0.1461188759634326295866458154,0.00743288147197907,4.7961943066050352115356963595,60.643787632971100287923944966,61.49715066496614854020190879,494831300
6.26,2,0.1171998099480778456708375880,0.122625126229012,0.116399123371392,0.117342730444947,0.111112932562781,0.149437215444964,0.1534084531532473692838707445,0.1460119272762230792838707445,0.00739652587702429,4.8003989475347267734181340953,60.625868997474557562426221017,61.497833714142140986528439747,495623000
6.27,2,0.1170837584367884621105970336,0.122504009678283,0.116302934316678,0.117226537413465,0.111021682221727,0.14929738197033,0.1532653479117900419994622011,0.1459051776297205219994622011,0.00736017028206952,4.8046092905606479029048741102,60.607960218454518550423102765,61.498554139958745812362950392,496414800
6.28,2,0.1169680224834014698319173539,0.122383215747621,0.11620695130016,0.117110660324696,0.110930631170453,0.149157738266423,0.1531224395160857151573188677,0.1457986248289709651573188677,0.00732381468711475,4.8088252728020000323916141268,60.590026123412831531705550662,61.49927968012180935768698529,497206500
6.29,2,0.1168526011515950800019834728,0.122262743836758,0.116111174409694,0.116995098241176,0.110839779160039,0.149018293981604,0.1529797376116850754507974465,0.1456922785195251054507974465,0.00728745909215997,4.8130471705834561618783541411,60.572057005799068780995576181,61.500001428578216781708971652,497998200
6.30,2,0.1167374835091539538490588534,0.122142582621032,0.116015593003796,0.116879840217359,0.110749115928533,0.148879038426619,0.1528372311444612354104477958,0.1455861276472560354104477958,0.0072511034972052,4.8172746672276072913650941567,60.554069033834738894656877281,61.500734173278446876379937422,498790000
6.31,2,0.1166226883733562267543261554,0.122022751189883,0.115920226850188,0.116764905093468,0.110658660994853,0.148739978385575,0.1526949275842733450695008829,0.1454801796820229250695008829,0.00721474790225042,4.8215079767301554208518341722,60.536044272005269323958837875,61.501461552853858693141890747,499581700
6.32,2,0.1165082053301610306060255237,0.121903239146395,0.115825066225366,0.116650282442765,0.110568404606085,0.14860111487091,0.1525528276035970295674673359,0.1453744352963013795674673359,0.00717839230729565,4.8257471183561075503385741879,60.518002783986408964980379063,61.502201773132807724816416666,500373400
6.33,2,0.1163940228045708820128826062,0.121784033467691,0.115730098775054,0.116535960676136,0.110478335842122,0.148462407003988,0.1524108899175412083517878508,0.1452688532052003283517878508,0.00714203671234088,4.8299909093804571122210119237,60.49988142126423141224179088,61.502897934716414982658510287,501165100
6.34,2,0.1162801706805748422424234780,0.12166516692314,0.115635357932439,0.116421969714013,0.110388485287618,0.148323935822258,0.1522691966809896342871353839,0.1451635155636035342871353839,0.0071056811173861,4.8342417033672528093120542197,60.481786343274125944523428033,61.503645596652639024830616101,501956900
6.35,2,0.1161666073945153856625789016,0.121546595027009,0.115540799870867,0.116308267942052,0.110298811987712,0.148185619803237,0.1521276648915917456149046797,0.1450583393691604156149046797,0.00706932552243133,4.8384971224743113711944919544,60.463649968018105759483156103,61.504384114161162835661677874,502748600
6.36,2,0.1160533622913781216394701309,0.121428348731002,0.115446456196422,0.116194884741025,0.110209345977955,0.148047503396833,0.1519863400752160023576846230,0.1449533701477394423576846230,0.00703296992747656,4.8427584709216995274511160094,60.445490932102347090531872318,61.505130031653858634795355719,503540400
6.37,2,0.1159404242174830947103078089,0.121310416831315,0.115352316355022,0.116081808943651,0.110120076741181,0.147909585729428,0.1518452209904430333606213766,0.1448486066579212533606213766,0.00699661433252178,4.8470257131453536569378560252,60.427283500990176337987785847,61.505860229037603406001556582,504332100
6.38,2,0.1158277827730197993533536210,0.121192787577859,0.115258369241679,0.115969030137436,0.110030994510393,0.147771828656535,0.1517042691284638547036977800,0.1447440103908968447036977800,0.00696025873756701,4.8512977459491687864245960412,60.409061012946584204078871158,61.506604915239883140720807522,505123800
6.39,2,0.1157154465633148955573487055,0.121075470924215,0.115164625450492,0.115856556938201,0.109942108542319,0.147634270313813,0.1515635229714360282828822954,0.1446396198288237982828822954,0.00692390314261223,4.8555756717657529159113360567,60.390815910781570004088408025,61.507357022113302709335405302,505915500
6.40,2,0.1156034251932286289880048210,0.120958476708361,0.115071095455416,0.115744398962518,0.109853429089896,0.147496916851437,0.1514229890313238613596560951,0.1445354414836664013596560951,0.00688754754765746,4.8598596771491410453980760719,60.372521834817167045151362701,61.508092944793634830007090524,506707300
6.41,2,0.1154916872791234120991388543,0.120841772567088,0.114977747524709,0.115632524788481,0.109764925363069,0.147359741840463,0.1512826397878605114890706637,0.1444314478351578314890706637,0.00685119195270268,4.864148973701763174884816087,60.354236003474080900262052881,61.508863944718880226551640921,507499000
6.42,2,0.1153802621847620711732812540,0.120725388239414,0.114884612024391,0.115520963815658,0.109676627388793,0.147222754466341,0.1511424854806591950679432699,0.1443276491229112850679432699,0.00681483635774791,4.8684438547669293043715561031,60.335921927966350839587459252,61.509637323371813880609983401,508290700
6.43,2,0.1152691287847381459552227857,0.120609302495337,0.114791668347034,0.115409694892882,0.109588514638851,0.147085952819047,0.1510025234816712520972096582,0.1442240427188781120972096582,0.00677848076279314,4.8727442450565914338582961177,60.317544680313240274711707399,61.510382088874886937313340253,509082400
6.44,2,0.1151583066931277569207992068,0.12049353498196,0.114698936757914,0.115298737658148,0.109500607369791,0.146949336795005,0.1508627543946307747039168154,0.1441206292267924147039168154,0.00674212516783836,4.8770501618664575633450361342,60.299175784151507957898201819,61.511161785786850682325325905,509874200
6.45,2,0.1150477545480544122664384167,0.120378044772681,0.11460637694425,0.11518805069914,0.10941286478349,0.146812921004656,0.1507231914141839579590154411,0.1440174218413003679590154411,0.00670576957288359,4.8813619831952966928317761492,60.280790538913140163895438301,61.511954291383530436668869668,510665900
6.46,2,0.1149375219681505478219447373,0.120262880992303,0.114514038640345,0.115077683694999,0.10932533716896,0.146676688685425,0.1505838195236685645243223657,0.1439144055457397445243223657,0.00666941397792882,4.8856792788474248223185161642,60.262346861427489324862652793,61.512722494276215124659213572,511457600
6.47,2,0.1148275776022782940400460617,0.120148012177651,0.114421890988232,0.114967605256355,0.109237993742411,0.146540638250551,0.1504446360603620017501775782,0.1438115776773879617501775782,0.00663305838297404,4.8900019725414589518052561797,60.243911795024585474517435137,61.513525647505778246497244237,512249300
6.48,2,0.1147179305914080822694739040,0.120033447520373,0.114329943780528,0.114857824535325,0.109150844257292,0.146404770651335,0.1503056423167445146955904759,0.1437089395287252446955904759,0.00659670278801927,4.8943301013042415404575779552,60.225411919269118297888012929,61.514298970099752900568479666,513041100
6.49,2,0.1146085605609242431965676581,0.119919166430954,0.114238177024462,0.114748321132448,0.109063868911251,0.146269080780583,0.1501668324909949675287919853,0.1436064852979304675287919853,0.0065603471930645,4.8986634989258162375486202505,60.206921522750011773522353879,61.51510791898394062103460735,513832800
6.50,2,0.1144994860289813374681182480,0.119805188240424,0.114146610643632,0.114639113588461,0.108977086837955,0.146133590924985,0.1500282295515501039467949785,0.1435042379534403839467949785,0.00652399159810972,4.9030028234034427994310579866,60.188414730183150094059227023,61.5159294538781823705212429,514624500
6.51,2,0.1143907169186690242095643155,0.119691522524508,0.114055254802186,0.114530211838554,0.108890508561376,0.145998290596825,0.1498898233718066071799048154,0.1434021873686516571799048154,0.00648763600315495,4.9073477846313009289177980015,60.169851897033073112875739235,61.516728901026780798892843077,515416300
6.52,2,0.1142822117586384420786577119,0.119578127669345,0.113964068470576,0.114421574360806,0.108804093144259,0.145863177867725,0.1497516105926516982149544671,0.1433003301844515282149544671,0.00645128040820017,4.9116982863779000584045380175,60.151297983585609524833348492,61.517563153704172073867886862,516208000
6.53,2,0.1141740097085101475299528008,0.119465042077505,0.113873090631603,0.11431324036259,0.108717880374565,0.145728228986432,0.1496135688377799362410599013,0.1431986440245345362410599013,0.0064149248132454,4.9160536876093081878912780324,60.132685103641087206972196711,61.518373025791845892171040157,516999700
6.54,2,0.1140660904047391839345317122,0.119352246719283,0.113782302831753,0.11420518945553,0.108631850440459,0.145593483195995,0.1494757366823157756238447618,0.1430971674640251456238447618,0.00637856921829063,4.9204150934214397497737157684,60.11408435008158792730102776,61.519220221684546711259579802,517791500
6.55,2,0.1139584525381543625395545369,0.119239739202655,0.11369170325118,0.114097420328857,0.108546002603698,0.145458909536216,0.1493380831214112560114849495,0.1429958694980754060114849495,0.00634221362333585,4.9247816155908244468647580639,60.095422560146438179738585906,61.520041241426737805783932685,518583200
6.56,2,0.1138511055144700827863348062,0.119127529609777,0.113601302540241,0.113989942399756,0.108460346850016,0.145324526865131,0.1492006273733054257879314542,0.1428947693449243457879314542,0.00630585802838108,4.9291538046794595763514980784,60.076751124868143159019405653,61.520880642499528912618594144,519374900
6.57,2,0.1137440385057203500610072955,0.119015606868392,0.113511090190936,0.113882744827056,0.108374872902841,0.145190328734861,0.1490633626273228658882207977,0.1427938601938965658882207977,0.0062695024334263,4.933531465575867138233935815,60.058078365686393321056660046,61.521745592626699941888662801,520166700
6.58,2,0.1136372506875662497288996651,0.11890397031822,0.113421066103323,0.113775826785414,0.108289580497512,0.14505631986702,0.1489262935987143232583690032,0.1426931467602427932583690032,0.00623314683847153,4.9379147333620272677206758306,60.039362464158097792807566239,61.522599789803157163564785588,520958400
6.59,2,0.1135307410063590136357887505,0.118792618454839,0.113331229329445,0.113669187219896,0.108204469135897,0.144922487388909,0.1487894073895398649191417900,0.1425926161460231049191417900,0.00619679124351676,4.9423032385391789648117181259,60.020650506240046696073916226,61.52348402063006414238755714,521750100
6.60,2,0.1134245088793291078075070805,0.118681550720623,0.113241579864285,0.113562825547022,0.108119538787463,0.144788832031828,0.1486527047304773136145905466,0.1424922690819153336145905466,0.00616043564856198,4.9466970020397045266941558608,60.001881170914705926642352948,61.524345336156781895436024761,522541900
6.61,2,0.1133185734929108947530198802,0.118570786853085,0.113152137994153,0.113456760976622,0.10803480921117,0.144655368552154,0.1485162010768976350844113821,0.1423921210232904250844113821,0.00612408005360721,4.9510964666273726829507799156,59.983129524510604131675195409,61.525248240596294526872841372,523333600
6.62,2,0.1132128940371007143920368906,0.118460285743032,0.113062863154857,0.113350952648928,0.107950240092586,0.144522090501442,0.1483798885686125152813471401,0.1422921641099600752813471401,0.00608772445865244,4.955501407124356812437519932,59.964325941554912035599832884,61.526132860527840701876497415,524125300
6.63,2,0.1131074994753874414753813589,0.118350076217744,0.112973784714933,0.113245429562747,0.107865860972101,0.144388992442742,0.1482437627969334181700353975,0.1421923939332358581700353975,0.00605136886369756,4.9599116972310469419242599464,59.9455004220963853695299245,61.527025029621798402719518016,524917100
6.64,2,0.1130023794656583486491876961,0.118240147915084,0.112884892849764,0.113140181363356,0.107781662032842,0.144256074325702,0.1481078233686639188688382408,0.1420928100999210288688382408,0.00601501326874289,4.9643273256831860714109999625,59.92665220829138280537609053,61.52792407162034245241955273,525708800
6.65,2,0.1128975425204549568240382421,0.118130509522602,0.11279619678073,0.113035216573677,0.107697652331885,0.144123340697254,0.1479720751497868577388737731,0.1419934174759988477388737731,0.00597865767378801,4.9687484318809262008977399775,59.907817131474458461019792777,61.528860481937094521258343932,526500500
6.66,2,0.1127929585318859063052206850,0.118021130567332,0.112707666565031,0.112930505049102,0.107613802255111,0.143990782662125,0.1478365082054605278826565448,0.1418942061266271878826565448,0.00594230207883334,4.9731747312120053303844799931,59.888923153954976626823430557,61.529772810667071824459908368,527292200
6.67,2,0.1126886661043009142386276947,0.117912049919436,0.112619341599352,0.112826085441059,0.107530150980793,0.14385840579099,0.1477011294778903393498104950,0.1417951829940118693498104950,0.00590594648387847,4.9776064225559704598712200082,59.87001772319772792946988379,61.530701465357060106154122563,528084000
6.68,2,0.1125846351971404610290135539,0.117803237863089,0.112531192690793,0.112721927672353,0.107446668954979,0.143726220938827,0.1475659487966241820888945009,0.1416963579077004920888945009,0.00586959088892369,4.9820437875086175893579600237,59.851123729783528202335248512,61.531665693326176336948191274,528875700
6.69,2,0.1124808741986142259030148377,0.117694701870347,0.112443227830749,0.112618040141425,0.107363365095766,0.143594201412773,0.1474309397639552540078023385,0.1415977044699863340078023385,0.00583323529396892,4.9864860698313547188447000392,59.832170853219462279833595471,61.532606001154303449164974164,529667400
6.70,2,0.1123773930062510006323461554,0.117586452773104,0.112355458366912,0.112514432757872,0.107280249828863,0.14346237343291,0.1472961289800220959582773971,0.1414992492810079559582773971,0.00579687969901414,4.9909340315620188483314400549,59.813206442268408921332265828,61.533562300456781380296713693,530459100
6.71,2,0.1122741603903473199284675575,0.117478458555832,0.112267852796027,0.112411074253908,0.107197292399069,0.143330716114666,0.1471614944735275626305302262,0.1414009703694681926305302262,0.00576052410405937,4.9953870432693138426095755109,59.794247690569915658414585455,61.534549237210650894761008387,531250900
6.72,2,0.1121712058014654015516066864,0.117370749361788,0.112180441770135,0.112307994116009,0.107114522801954,0.143199247733293,0.1470270555783295898278557279,0.1413028870692249898278557279,0.0057241685091046,4.9998456588274606749092223666,59.775244095520090661364335866,61.535523916164963111255491448,532042600
6.73,2,0.1120685184677039303195997752,0.117263313866143,0.112093214469725,0.112205181559137,0.107031930758107,0.143067953001805,0.1468927966391618351462589472,0.1412049837250120151462589472,0.00568781291414982,5.0043094297461425607486373014,59.756221780084361307428772945,61.536508533091070193649985761,532834300
6.74,2,0.1119660973980962745772095641,0.117156151351136,0.112006170678919,0.112102635591117,0.106949515777543,0.142936839778173,0.1467587255016734365519385936,0.1411072681824783865519385936,0.00565145731919505,5.0087785807866103930482841562,59.737176413825071617810933361,61.537499327047149918340753088,533626000
6.75,2,0.1118639320512551187273785463,0.117049251030569,0.111919300109997,0.112000345657707,0.106867267804798,0.142805901586915,0.1466248353352897880462430348,0.1410097336110495080462430348,0.00561510172424028,5.0132529162673448197221173327,59.718120763115066424352582469,61.538507037698948913180585444,534417800
6.76,2,0.1117620316653410172591928773,0.116942622513634,0.111832612867239,0.111898321008334,0.106785196584693,0.142675148551553,0.1464911366100012890105189597,0.1409123904807157890105189597,0.0055787461292855,5.0177327361314610844174619077,59.69906769518498482070200736,61.539542232886513594950448455,535209500
6.77,2,0.1116603854818409043494907564,0.116836254852656,0.111746098494714,0.111796550871365,0.106703291837635,0.142544575801816,0.1463576240935962582050511411,0.1408152335592655282050511411,0.00554239053433073,5.0222178904871409167171087633,59.679973353245449713294110155,61.540568208695377671358323329,536001200
6.78,2,0.1115590125257900207949405586,0.116730166591867,0.111659776025067,0.111695054295034,0.106621573100571,0.142414168555378,0.1462242836769848810591844056,0.1407182487376089310591844056,0.00550603493937595,5.0267079751387467757866396589,59.660857015275366862908168509,61.541601236536514434490342581,536793000
6.79,2,0.1114578922663672612169487622,0.116624337926621,0.111573626138759,0.111593810723486,0.106540020303049,0.142283948665906,0.1460911365262779156788283096,0.1406214571818567356788283096,0.00546967934442118,5.0312035964506656080862865136,59.641719187440877504030044443,61.542641480347948065942466441,537584700
6.80,2,0.1113570339549382945823810292,0.116518777900307,0.11148765836102,0.111492829419366,0.106458643189847,0.142153909676281,0.1459581765207164588207841429,0.1405248527712500488207841429,0.00543332374946641,5.0357045790760900347601196892,59.622571356655763214287423236,61.543698508126856911422303857,538376400
6.81,2,0.1112564366283461109521176488,0.116413485085476,0.111401871742988,0.111392109418344,0.106377441275515,0.142024038324592,0.1458253903733529020816464230,0.1404284222188412720816464230,0.00539696815451163,5.0402105423719942994554642651,59.603402409723132358557726813,61.5447631685264063104747664,539168200
6.82,2,0.1111560897635652554324255204,0.116308449504732,0.111316256782635,0.111291640184561,0.106296404499851,0.141894350770431,0.1456927939023189272020909291,0.1403321813427620672020909291,0.00536061255955686,5.0447219394944847261292974402,59.584217823888142507681006724,61.545839784367255401645379565,539959900
6.83,2,0.1110560026217044904716274248,0.11620367987396,0.111230822668012,0.11119143099042,0.106215542607713,0.141764830898862,0.1455603713231544774092023339,0.1402361143585523974092023339,0.00532425696460208,5.0492383182520759908246420157,59.565043428639253220385628476,61.546949802691742112023049151,540751600
6.84,2,0.1109561641046309278775337696,0.11609916569655,0.111145559371508,0.111091470724254,0.106134844956718,0.14163549650043,0.1454281400656081246356527241,0.1401402386959608146356527241,0.00528790136964731,5.0537601779702974174984751921,59.545828285778736319064557591,61.548050860854133076209478358,541543400
6.85,2,0.1108565939902515672462313859,0.115994926118517,0.111060486504989,0.110991779188089,0.106054331815027,0.141506328427454,0.1452960816781081552691214999,0.1400445359034156152691214999,0.00525154577469254,5.0582869900505426821938197667,59.526591205986486340348808544,61.549158698918239088214135642,542335100
6.86,2,0.1107572614026622849988091233,0.115890930739022,0.110975574130344,0.110892325468368,0.105973972732093,0.141377341885768,0.1451642103123988045356036646,0.1399490201326610445356036646,0.00521519017973776,5.062819159910445135637536982,59.507336785290534948057074371,61.550276899799877987579306321,543126800
6.87,2,0.1106581854018388445159106425,0.115787198126829,0.11089084127597,0.110793128648311,0.105893787251048,0.141248521794113,0.1450325115604913537268621090,0.1398536769757083637268621090,0.00517883458478299,5.0673562747914959679371838372,59.488066768432693576684510979,61.551407008491035144603399715,543918500
6.88,2,0.1105593554800256988652255286,0.115683718448789,0.110806278565277,0.110694178207347,0.105813765308161,0.141119888005323,0.1449010049358870228020491733,0.1397585259460588028020491733,0.00514247898982822,5.071898893714345800236830693,59.468773389818564842647233615,61.55254238272981043802832689,544710300
6.89,2,0.1104607909174178820769232933,0.115580510622977,0.110721905369849,0.110595493449184,0.105733926660924,0.140991429123595,0.1447696797257837207657953038,0.1396635563309102807657953038,0.00510612339487344,5.076446709779831659306361589,59.449475206455892250509787454,61.553698281825823381902207154,545502000
6.90,2,0.1103624507853200373187352875,0.115477533385138,0.110637680875921,0.110497033395215,0.105654230781494,0.140863137668546,0.1446385270299746402798885817,0.1395687592300559702798885817,0.00506976779991867,5.0809994680157894916060084447,59.4301540228664268223994178,61.554859866662166001540499245,546293800
6.91,2,0.1102643845834533168964465494,0.11537483645143,0.110553655247135,0.110398847605524,0.105574727677712,0.14073501722889,0.1445075521856735770700916768,0.1394741399807096870700916768,0.00503341220496389,5.0855573213221523506755393389,59.410817787250136325561441342,61.556033518870112989029497455,547085400
6.92,2,0.1101665496013586006571539586,0.11527237762739,0.110469786733538,0.110300893317568,0.105495375031817,0.140607084803185,0.1443767707240326108935582705,0.1393797141140234908935582705,0.00499705661000912,5.0901207146336321829751861947,59.391467787165020036970962133,61.557220034652262026919474898,547877200
6.93,2,0.1100689629215142960152887270,0.11517017271233,0.110386091575996,0.110203187634657,0.105416190388941,0.14047930273584,0.1442461455791959209380260825,0.1392854445641415709380260825,0.00496070101505435,5.0946885860916980420447170902,59.372102224043176437630836321,61.558418339661995692467672001,548668900
6.94,2,0.1099716290510137063303439107,0.115068227665028,0.11030257617191,0.110105735069381,0.105337178700566,0.140351712346196,0.1441157182685995843913159146,0.1391913728485000143913159146,0.00492434542009957,5.0992621250832618743443639455,59.352722344856232625201434348,61.559628877157949676229635504,549460700
6.95,2,0.1098745282886147136279577913,0.114966521871196,0.110219220342714,0.110008515896472,0.105258320677408,0.140224288505165,0.1439854629742434374485980277,0.1390974731490986374485980277,0.0048879898251448,5.103840591977120733413894841,59.333326101594415997129971149,61.560850244725413107302542074,550252400
6.96,2,0.1097776787278155871802869883,0.114865073762215,0.110136042952616,0.109911548231494,0.105179634868126,0.140097039925187,0.1438553890616115945473463277,0.1390037548314215745473463277,0.00485163423019002,5.1084242550746115657135416965,59.31391005278571276661448437,61.562079494999294955327932299,551044200
6.97,2,0.1096810698829790538112664757,0.114763872334855,0.110053033428358,0.109814821576022,0.105101111204527,0.139969952318817,0.1437254818829588293143318756,0.1389102032477235793143318756,0.00481527863523525,5.1130126947487533980131885531,59.294481578021483859724010172,61.563322716016836156987685914,551835800
6.98,2,0.1095847010619521638010447136,0.114662917710777,0.10997019231873,0.109718335237059,0.105022749421003,0.139843049011993,0.1435957647691681629295079151,0.1388168417288876829295079151,0.00477892304028048,5.1176065793801212570827194478,59.275036633283910407024337024,61.56457628967610074277526393,552627600
6.99,2,0.1094885713691016904045923704,0.114562208250118,0.109887518408182,0.109622088317879,0.104944549045401,0.139716308724833,0.1434662164108981927825399593,0.1387236489655724927825399593,0.0047425674453257,5.1222052985010421161522503435,59.25554906484438777109225436,61.565819447819412898432626048,553419300
7.00,2,0.1093938797220148326238469886,0.114462944152727,0.109806212318076,0.109527281198103,0.104867710879111,0.13958970534198,0.1433368526097816541291509871,0.1386306407594107241291509871,0.00470621185037093,5.1268093047949479752217812386,59.236073456400485472747878035,61.567095765174628085243614328,554211100
7.01,2,0.1093019285867582847007910654,0.114366428146342,0.109727577194892,0.109435217932102,0.104793539395502,0.139463178096608,0.1432076581151673821057214218,0.1385378018597512221057214218,0.00466985625541616,5.1314181613628558075214280937,59.216588340171645996089796752,61.568388099057070027390090176,555002800
7.02,2,0.1092102335066276288895967185,0.114270174445507,0.109649127669165,0.109343411033476,0.104719547524416,0.13933681910216,0.1430786382462400708912526641,0.1384451375857786908912526641,0.00463350066046138,5.136032020588202666590958989,59.197086621864140393939872675,61.569690635919148823811279755,555794500
7.03,2,0.1091187813644701598068811371,0.114174170046791,0.109570851150716,0.109251847369076,0.104645722546213,0.139210632287985,0.1429497964905652068806054022,0.1383526514250585968806054022,0.00459714506550661,5.1406509823823594988906058445,59.177567805779686158182044229,61.571002881954914383842982937,556586200
7.04,2,0.1090275934290549769756750058,0.114078436203693,0.109492769303596,0.109160548233609,0.104572086166397,0.139084616088098,0.1428211320391763436825154617,0.1382603425686245136825154617,0.00456078947055183,5.1452750235701639255644390199,59.158043924271395240018238889,61.572334364842670804216845599,557378000
7.05,2,0.1089366570870097018452082042,0.113982960308462,0.109414869927909,0.109069500998319,0.104498626164318,0.138958771310128,0.1426926452734398809098275887,0.1381682113978428209098275887,0.00452443387559706,5.1499041550769421902597835957,59.138497774048567853644889229,61.573671321297050401641589044,558169700
7.06,2,0.1088459823765602376142866973,0.113887752089946,0.109337163157692,0.108978715713674,0.10442535299588,0.138833088554564,0.1425643271532439119832399699,0.1380762488726016219832399699,0.00448807828064229,5.1545381179225710225594304508,59.118905975849596071104477252,61.574995321393586926656032279,558961400
7.07,2,0.1087555477235722994790835378,0.113792790285542,0.109259628132884,0.108888170779231,0.104352245463427,0.138707577858792,0.1424361869818542613136767182,0.1379844642961667513136767182,0.00445172268568751,5.1591771786259958816289613465,59.09933241075899349020758513,61.57635683572299793780555642,559753200
7.08,2,0.1086653722283300368468084776,0.113698093722761,0.109182284080906,0.108797885318567,0.10427932309069,0.138582230396866,0.1423082166097282431703399741,0.1378928495189955031703399741,0.00441536709073274,5.1638211037199957139286082027,59.079748361861260937423206472,61.57773310326199169418700771,560544900
7.09,2,0.1085754351769770945281423129,0.113603641820764,0.109105110818228,0.108707838592564,0.104206565536103,0.138457051049391,0.1421804202101028199631545849,0.1378014087143248599631545849,0.00437901149577796,5.1684700127590235729981390971,59.060147840928470005065879674,61.579119269898881298011213725,561336600
7.10,2,0.1084857568209637664476171602,0.113509454785575,0.109028128945592,0.10861805087737,0.104133993470771,0.138332037440623,0.1420527961276373076120874877,0.1377101402268141176120874877,0.00434265590082319,5.1731238583210414052977859533,59.040535409685808264788921716,61.580518895091818513092565284,562128300
7.11,2,0.1083963225060819685673454382,0.113415518245562,0.108951324483519,0.108528507500906,0.104061592615006,0.13820719841665,0.1419253527151537026791720740,0.1376190524092852826791720740,0.00430630030586842,5.1777828796967932643673168486,59.020877198119201615275658063,61.581905192845031388529388118,562920100
7.12,2,0.1083071363820880671498093468,0.113321835692973,0.108874701313856,0.108439212617989,0.103989367513465,0.138082514917803,0.1417980710600680455459243014,0.1375281263491544055459243014,0.00426994471091364,5.1824465350806476910411500232,59.001238179607147197569205352,61.583329431570780274928967153,563711800
7.13,2,0.1082181937071712756005316087,0.113228403187877,0.108798255883752,0.108350161481025,0.103917313805867,0.137958010141896,0.1416709742220710215313498684,0.1374373851061121515313498684,0.00423358911595887,5.1871154850840835501106809186,58.98159224658684931580953877,61.58477065303507676100432677,564503600
7.14,2,0.1081294957844524747158664699,0.113135220909852,0.108721988757347,0.108261355394725,0.103845433181722,0.137833651833115,0.1415440299846854265598510206,0.1373467964636813265598510206,0.0041972335210041,5.1917888067730023824103277748,58.961913066640283930667798803,61.586208661585543505676998361,565295200
7.15,2,0.1080410398765577623978462906,0.113042287523364,0.108645898981188,0.108172791618376,0.103773723282629,0.137709480265056,0.1414172785636985840402475878,0.1372564006376492640402475878,0.00416087792604932,5.1964676522448576471056723498,58.942209595862167151913682234,61.587649878294665445968937459,566087000
7.16,2,0.1079528273432693522217391925,0.112949603136194,0.108569987042661,0.108084471513419,0.103702185849865,0.137585459500568,0.1412906840608613675346578004,0.1371661617297668175346578004,0.00412452233109455,5.2011509930905710737795055253,58.922519377285013399741046795,61.589124022302046551002016624,566878700
7.17,2,0.1078648653510871148311290024,0.112858009689444,0.108495095260021,0.107996402255094,0.103630828436054,0.137485493967877,0.1411881657389500108584846501,0.1370761027863981908584846501,0.00411206295255182,5.2046502873977149949116858842,58.904852634024565877852818744,61.588470945893558438339653317,567670500
7.18,2,0.1077771343158390006525909016,0.112767087855085,0.10842080467996,0.107908564235345,0.10355963180809,0.13739813751376,0.1410982697961709104593080210,0.1369862068436190904593080210,0.00411206295255182,5.2028709586909096414944672704,58.888247787414157020316490919,61.578330523198437589158953821,568462200
7.19,2,0.1076896521173687142140085030,0.112676421033512,0.108346699075183,0.10782097535582,0.103488614240156,0.137310947324824,0.1410085464728320908532304741,0.1368964835202802708532304741,0.00411206295255182,5.2010986884545063090446749114,58.871621133908532693550122186,61.568183915820479224353325694,569254000
7.20,2,0.1076024086157028209808368605,0.11258599888636,0.10827276847723,0.107733625464182,0.103417765950047,0.137223918238219,0.1409189902613362266919177397,0.1368069273087844066919177397,0.00411206295255182,5.1993333189074511060010293255,58.855011956353483049973059131,61.558061726923911580839929526,570045600
7.21,2,0.1075153927444230172991253012,0.112495810628074,0.108199002468083,0.107646503480515,0.103347076225607,0.137137058863899,0.1408296094028074289090047193,0.1367175464502556089090047193,0.00411206295255182,5.1975750861405618971549259535,58.838417008742110813532631485,61.547961307234953458807008691,570837400
7.22,2,0.1074286248330120962360758082,0.11240587617071,0.108125421324967,0.107559629759095,0.103276565786505,0.137050356170305,0.1407403915812901071127263770,0.1366283286287382871127263770,0.00411206295255182,5.195823637327709276880551114,58.821788602889805466413790106,61.537845830109098651923781121,571629100
7.23,2,0.1073420923080537834014784922,0.112316183406182,0.108052013302629,0.107472991711171,0.103206222407042,0.136963824128955,0.1406513503498875893186155430,0.1365392873973357693186155430,0.00411206295255182,5.1940793607366932184080207705,58.805198381767791582004025108,61.527770698790168117413556803,572420900
7.24,2,0.1072557852122242568587960508,0.112226721963046,0.107978768390127,0.107386579367278,0.103136036478477,0.136877451390085,0.1405624740163749037547335262,0.1364504110638230837547335262,0.00411206295255182,5.1923419214099517485072189589,58.788576834529910924085447368,61.517682159209227796978446061,573212500
7.25,2,0.1071697321229585698398394169,0.112137520098526,0.107905715202885,0.1073004213397,0.103066036971511,0.136791227274212,0.1404737529064358492873192340,0.1363616899538840292873192340,0.00411206295255182,5.1906110421987394347824479615,58.771981878786726839911691964,61.507625288031152838906707885,574004300
7.26,2,0.1070839022359334101484384490,0.11204854775633,0.10783282404052,0.107214486786549,0.102996193400383,0.136705174803721,0.1403852089919041054382251742,0.1362731460393522854382251742,0.00411206295255182,5.1888873525497080884853351387,58.755394560881775248217114911,61.49758505033355320236192986,574796000
7.27,2,0.1069982958395281035341156646,0.111959804743951,0.107760095064164,0.107128775996555,0.102926506407676,0.13661928018043,0.1402968284886268652861059201,0.1361847655360750452861059201,0.00411206295255182,5.187170457575996357529834889,58.738774167216344788681830672,61.487530107423808728229181518,575587800
7.28,2,0.1069129303257906534260557404,0.111871309094276,0.107687546658083,0.107043306382976,0.102856993758242,0.136533560831999,0.1402086294552480427993764843,0.1360965665026962227993764843,0.00411206295255182,5.185460874619614161606295093,58.722200162900990674938747078,61.477521766795396366732867052,576379500
7.29,2,0.1068278067532367225499539667,0.111783060768575,0.107615179132692,0.106958079005618,0.102787656861246,0.136447985269725,0.1401205804330799070877050640,0.1360085174805280870877050640,0.00411206295255182,5.1837577024555635542544838314,58.705589377729767537632687269,61.467496074664759133134911492,577171200
7.30,2,0.1067429026673314606769842249,0.111695038171466,0.107542971239531,0.106873071382565,0.102718473581903,0.136362579260961,0.1400327064322197144910674489,0.1359206434796678944910674489,0.00411206295255182,5.1820616575703535354744011033,58.689009501134054674545894605,61.457505081834617260045283002,577962900
7.31,2,0.1066582283647110465198849676,0.111607250796348,0.107470932816718,0.106788293823007,0.102649454574334,0.136277319252525,0.1399449842571781062068752659,0.1358329213046262862068752659,0.00411206295255182,5.1803720754621520784961628696,58.672436027282318485555172713,61.447530161145301113589702937,578754700
7.32,2,0.1065737822477782757101034398,0.111519698022957,0.107399063586515,0.106703744727401,0.102580598581731,0.136192233303247,0.1398574419399990765624278747,0.1357453789874472565624278747,0.00411206295255182,5.1786897591898737776939554491,58.655839997698874151475962997,61.437548478797532460916820638,579546400
7.33,2,0.1064895643874568775510590286,0.111432379083101,0.107327363121094,0.106619424166755,0.102511906015671,0.136107297368478,0.1397700554357496879503958245,0.1356579924831978679503958245,0.00411206295255182,5.1770140199169234710892902425,58.639271662495234501531158217,61.427599289979503186171084691,580338100
7.34,2,0.1064055825263416686199932405,0.111345302282218,0.107255840064089,0.106535339893108,0.102443384966598,0.136022527148341,0.1396828407366482815277379843,0.1355707777840964615277379843,0.00411206295255182,5.1753453157866077262864695295,58.622674115073429392149224176,61.417638333066245873720297848,581129900
7.35,2,0.1063218176346113114296426466,0.111258448489916,0.107184475621174,0.106451472853431,0.102375016717753,0.135937920748293,0.1395957952933930196844214762,0.1354837323408411996844214762,0.00411206295255182,5.17368357376681857005537735,58.606118068368654798169083461,61.407720331095081302629875474,581921600
7.36,2,0.1062382770855937175673286435,0.111171824636715,0.10711327705681,0.106367830430043,0.102306808985599,0.135853465090007,0.1395089062891504420723546915,0.1353968433365986220723546915,0.00411206295255182,5.1720284266823240023960137049,58.58952819952723184764212196,61.397787253274637861945097792,582713300
7.37,2,0.1061549612959141214739223862,0.111085431101369,0.107042245081579,0.106284413040079,0.102238762519302,0.135769159055484,0.1394221726314003921989059885,0.1353101096788485721989059885,0.00411206295255182,5.1703798432347169965384945533,58.572981484257902167642645976,61.387898610105765281185685241,583505100
7.38,2,0.1060718685762827798921690302,0.11099926675661,0.106971378897958,0.106201218992188,0.102170875957455,0.135685018816004,0.1393356104537394430705624645,0.1352235475011876230705624645,0.00411206295255182,5.1687382856174935524828198967,58.556400479964809274590875778,61.377994317755643485747432742,584296800
7.39,2,0.1059890093090550668631258019,0.110913341691172,0.106900688922342,0.106118258681386,0.102103160022937,0.135601035407878,0.1392492111614655383593973966,0.1351371482089137183593973966,0.00411206295255182,5.1671035076105866969988737725,58.539856240171694635553479123,61.368129394521385346177993939,585088500
7.40,2,0.1059063629926984444238977530,0.110827635556427,0.106830155131704,0.106035511581141,0.102035594515016,0.135517214272524,0.1391629794938885593106584074,0.1350509165413367393106584074,0.00411206295255182,5.1654756449852134033167721422,58.523290381516833398018565125,61.358258684013619833368560552,585880300
7.41,2,0.1058239376473664858472505494,0.11074215577606,0.10675978527329,0.105952985721386,0.10196818778738,0.135433537897854,0.1390768982199628269912546101,0.1349648352674110069912546101,0.00411206295255182,5.1638542041082866982063990465,58.506748504398097092379510899,61.348417660637293812022430814,586672000
7.42,2,0.1057417317759293019321136077,0.110656901754434,0.106689579072988,0.105870679603165,0.101900938662796,0.135350032166444,0.1389909931969328119424688924,0.1348789302443809919424688924,0.00411206295255182,5.1622399257352855548978704442,58.490190732570825172808060592,61.3385751467716712383978579,587463700
7.43,2,0.1056597468082827545543687858,0.110571873959192,0.106619537317952,0.105788594658118,0.101833848892611,0.135266669436858,0.1389052368276697302027201178,0.1347931738751179102027201178,0.00411206295255182,5.1606320192667170001610703744,58.473665036969196788506388091,61.328768583724753453136103836,588255400
7.44,2,0.1055779899949387145801178548,0.110487080377532,0.106549668312892,0.105706738145599,0.101766926053882,0.135183470414086,0.1388196500943836191710855955,0.1347075871418317991710855955,0.00411206295255182,5.1590310857986110072261147998,58.457109899745865623298911003,61.318950199617489679102343788,589047200
7.45,2,0.1054964409534560076296489549,0.110402500291964,0.106479951655841,0.105625089658311,0.10170015005503,0.135100426560485,0.1387342237526114398367932215,0.1346221608000596198367932215,0.00411206295255182,5.1574368604966196028628877596,58.440561029701414175967222928,61.309147683805805470424823126,589838900
7.46,2,0.1054151095002952171079960541,0.110318143189615,0.106410397147482,0.105543659024684,0.10163353103823,0.135017527919953,0.1386489481943558374504372556,0.1345368852418040174504372556,0.00411206295255182,5.1558490681118837603015052118,58.424046228677259059323092299,61.299382607784914811850416362,590630700
7.47,2,0.1053339966966834416937923103,0.11023401097372,0.106341007002647,0.105462447307242,0.101567070377793,0.134934798537894,0.1385638475276700707099126512,0.1344517845751182507099126512,0.00411206295255182,5.154268399289265506311851198,58.407511491627138817996706118,61.289612974560936022472452383,591422300
7.48,2,0.1052530972182210278368851190,0.110150097163573,0.106271775050287,0.10538144917509,0.10150076305267,0.134852205570229,0.1384788887131165041124519814,0.1343668257605646841124519814,0.00411206295255182,5.1526939075185878141240416779,58.390999898885908199027069019,61.279872499314952042844921806,592214100
7.49,2,0.1051724139832777694348365971,0.110066405747088,0.10620270558604,0.105300667550157,0.101434612292703,0.134769779481021,0.1383941023461156886559052001,0.1342820393935638686559052001,0.00411206295255182,5.1511264692940856837380766528,58.374474203517515081911890127,61.270132011151744020650491033,593005800
7.50,2,0.1050919441130295167163650397,0.109982933176914,0.106133795368371,0.10522009955011,0.10136861552156,0.1346875012663,0.1383094693211457638678844962,0.1341974063685939438678844962,0.00411206295255182,5.149565537282885141923840161,58.357953604122713855667713186,61.260406603117305706185382903,593797600
7.51,2,0.1050116880897078182826074834,0.10989968024974,0.106059895068114,0.105139745657766,0.101297619956974,0.134605559752102,0.1382249986402188217949412967,0.1341129356876670017949412967,0.00411206295255182,5.1480113693736361886813322024,58.341463765308474408894813271,61.250715871808118470031186348,594589300
7.52,2,0.1049316451867673080821515684,0.109816645884927,0.1059861793352,0.105059605145696,0.101226803756921,0.134523764096053,0.1381406801698954549597546095,0.1340286172173436349597546095,0.00411206295255182,5.1464636752646737972406687384,58.324952488100975586203859867,61.241019824174570089382269964,595381000
7.53,2,0.1048518048901315923094754721,0.109733819967522,0.105912638218696,0.104979667487001,0.101156156558625,0.134442126272714,0.1380565255301596422517957330,0.1339444625776078222517957330,0.00411206295255182,5.1449227878440193999975474871,58.308443184617993076136128475,61.231336288584580734634050003,596172700
7.54,2,0.1047721864788600797659771189,0.109651221417702,0.105839290801819,0.10489995198425,0.101085697827792,0.134360634989215,0.1379725241010154403212416168,0.1338604611484636203212416168,0.00411206295255182,5.1433884028712057265347593305,58.291966635079531569023190532,61.221689094223305650071259924,596964500
7.55,2,0.1046927774425324829310627605,0.109568838407269,0.105766125418427,0.104820446111768,0.101015415200903,0.134279310431657,0.1378886956491242267553623273,0.1337766326965724067553623273,0.00411206295255182,5.1418610866193644796652111072,58.275478659487260554508800587,61.212043957481765595945601062,597756200
7.56,2,0.1046135690657615278093546837,0.1094866608047,0.105693132098091,0.104741141143539,0.100945300113134,0.134198112498271,0.1378049997491826775781960429,0.1336929367966308575781960429,0.00411206295255182,5.1403396809888683889716936987,58.258985203369390579089575801,61.202406117670057820885107281,598547900
7.57,2,0.1045345788417475220785426577,0.109404707395744,0.105620329786688,0.104662054594095,0.100875370239243,0.134117077280642,0.1377214731319918724657140865,0.1336094101794400524657140865,0.00411206295255182,5.1388252382396488600800207835,58.24252627919521936664631675,61.192805701837014812570571911,599339700
7.58,2,0.1044557972356498793118858870,0.109322968153543,0.105547708616534,0.104583176916969,0.100805616192032,0.134036191183263,0.1376381018659502731625112436,0.1335260389133984531625112436,0.00411206295255182,5.1373173592607323521557741217,58.226045956857760599944770111,61.183199988996134822000577416,600131400
7.59,2,0.1043772133657433222369487127,0.109241432217627,0.105475257885381,0.104504497217165,0.100736027234826,0.133955455379453,0.1375548867501578201719875818,0.1334428237976060001719875818,0.00411206295255182,5.1358160669446329736376742329,58.209573593521532751206095851,61.173611510550514321260358513,600923100
7.60,2,0.1042988370802138301414543158,0.109160109299724,0.105402987462239,0.104426025354879,0.100666613385198,0.133874865440031,0.1374718237025552416310690075,0.1333597607500034216310690075,0.00411206295255182,5.1343212443489781836913028791,58.193139228030457759831553214,61.164063373321334627123229069,601714900
7.61,2,0.1042206675022939330702560283,0.109078998703443,0.105330896807064,0.104347760452275,0.100597373921754,0.133794426570815,0.1373889179069418072954614636,0.1332768549543899872954614636,0.00411206295255182,5.1328330399786679555467760193,58.176674390743861613098161365,61.154502964674397718422086293,602506600
7.62,2,0.1041427128142832714443688009,0.108998108584569,0.105258994231059,0.104269710701629,0.100528317192282,0.133714137578364,0.1373061684606620957795254607,0.1331941055081102757795254607,0.00411206295255182,5.1313514279745393159739776918,58.160222471196086258777842143,61.14496358596071815525297401,603298300
7.63,2,0.1040649529599004797760573882,0.108917418849239,0.105187259794854,0.104191856022203,0.100459423270633,0.133633998431982,0.1372235746371624175485021323,0.1331115116846105975485021323,0.00411206295255182,5.1298763875223536705987215793,58.143773131669736300824160032,61.135437321236501529979007537,604090000
7.64,2,0.1039873968056001577079865532,0.108836938019585,0.105115702174161,0.104114205291264,0.100390701187746,0.133553998801577,0.1371411264154234081847741503,0.1330290634628715881847741503,0.00411206295255182,5.1284076315410601813994962806,58.127355585820201395575914503,61.125946720012011078900694705,604881800
7.65,2,0.1039100341519603249521901216,0.108756656287243,0.105044311713286,0.104036748296952,0.100322140884525,0.133474150414715,0.1370588351788876448345047784,0.1329467722263358248345047784,0.00411206295255182,5.1269454861422582540021154753,58.110919787761696674999951278,61.116453245251925437312970526,605673500
7.66,2,0.1038328843106055950242820772,0.108676593219287,0.104973108131072,0.10395950437444,0.100253761848004,0.133394459569363,0.1369767079098624003860105597,0.1328646449573105803860105597,0.00411206295255182,5.1254901513543168884065791651,58.094494183559166786287280169,61.106978573993961319816687696,606465200
7.67,2,0.1037559364748049328519558651,0.10859673701137,0.10490207977404,0.103882462703821,0.100185553409236,0.133314898258456,0.1368947162116447095099583908,0.1327826532590928895099583908,0.00411206295255182,5.124040813671631543778469107,58.078071326647775579706220753,61.097517480883314109767490106,607257000
7.68,2,0.1036791906207299036009568317,0.108517088823707,0.104831227952386,0.103805623261236,0.100117515694435,0.133235500384572,0.1368128940118836332711005127,0.1327008310593318132711005127,0.00411206295255182,5.122598445049739328556505823,58.061679900090107047133304634,61.088091341286089086345253448,608048700
7.69,2,0.1036026337265410517547615490,0.108437634439771,0.104760538598681,0.103728973008966,0.10004963581507,0.133156232413492,0.1367312073058431412408849545,0.1326191443532913212408849545,0.00411206295255182,5.1211620713247241343019687941,58.045264105382473934901886344,61.078658031445230976779863938,608840400
7.70,2,0.1035262791857706855652560107,0.108358388552768,0.104690026554348,0.103652525356876,0.099981927329314,0.133077130855988,0.1366496931000119838842522209,0.1325376301474601638842522209,0.00411206295255182,5.1197327526543930962234625778,58.028867580820757384388103893,61.069250312312919073694688585,609632100
7.71,2,0.1034501317854234222134731974,0.108279354713671,0.104619695517706,0.10357628509781,0.0999143951774467,0.132998160060766,0.1365683158938840281871383258,0.1324562529413322081871383258,0.00411206295255182,5.1183094720241415931769168148,58.012475594465204535545728719,61.059857514905287743586652882,610423900
7.72,2,0.1033741737061227353861540040,0.108200515582492,0.104549528295251,0.103500234390659,0.0998470216649324,0.13291933468435,0.1364870897350089687343886061,0.1323750267824571487343886061,0.00411206295255182,5.1168926318666561378676813471,57.996077769921330627074262936,61.0504714716730802837266837,611215600
7.73,2,0.1032984133221693753511311924,0.108121879963759,0.104479533837132,0.103424381619937,0.099779815321995,0.132840666602913,0.1364060268046806448155195695,0.1322939638521288248155195695,0.00411206295255182,5.1154825811502768119645926525,57.979735959383266829053943985,61.041139230415956484288405296,612007400
7.74,2,0.1032228412591654599390105794,0.108043437609026,0.104409702039673,0.103348717399814,0.0997127669076619,0.132762131273155,0.1363251022219385020061056635,0.1322130392693866820061056635,0.00411206295255182,5.1140786070879900478633484517,57.963360355315178287893968181,61.031792596752766222119903915,612799000
7.75,2,0.1031474737274058404459063433,0.107965205073555,0.104340049602056,0.103273257960354,0.099645892796005,0.13268373771922,0.1362443255882215760450886544,0.1321322626356697560450886544,0.00411206295255182,5.1126809847407743047295305039,57.946984219220751874818706265,61.022456827009492692328484282,613590800
7.76,2,0.1030723035460154084680042112,0.107887175552227,0.104270569862243,0.103197996111923,0.0995791859405592,0.132605497072644,0.1361637077957831411462210382,0.1320516448432313211462210382,0.00411206295255182,5.1112900261486876910018593312,57.930624944091246215558972279,61.013145010576613526910651279,614382500
7.77,2,0.1029973177616854688746518995,0.107809335567569,0.104201249485003,0.103122918885418,0.0995126335145509,0.13252739499702,0.1360832340515566014274699768,0.1319711710990047814274699768,0.00411206295255182,5.1099053075215920714717303715,57.914272328718141800648182307,61.003849610309558534951454164,615174300
7.78,2,0.1029225370501848161610391754,0.107731705866145,0.104132109358317,0.10304804698182,0.0994462563604627,0.132449432431436,0.1360029060230378669180428851,0.1318908430704860469180428851,0.00411206295255182,5.1085268766297350405133299451,57.89792147908282847013752196,60.994566863423722849399733806,615966000
7.79,2,0.1028479397564454761718767865,0.107654265238276,0.104063128413095,0.102973358719655,0.099380032937495,0.132371623259852,0.1359227368504285789638934953,0.1318106738978767589638934953,0.00411206295255182,5.1071551099121631657309603332,57.881592329486834910164891875,60.985311741909199570339314105,616757700
7.80,2,0.1027735355594704702664293982,0.107577022959087,0.103994316064234,0.102898863789727,0.0993139730763112,0.132293955404739,0.1358427147921323107916879874,0.1317306518395804907916879874,0.00411206295255182,5.1057896709969078527504352153,57.865285754754118029530395945,60.976085103052839415688870794,617549500
7.81,2,0.1026993255158980831232527650,0.107499979819014,0.103925673241129,0.102824563249964,0.0992480779738821,0.132216421182808,0.1357628322019755794144218612,0.1316507692494237594144218612,0.00411206295255182,5.1044303408372441283416386319,57.84895628237163108136032495,60.966852419253989630651149175,618341200
7.82,2,0.1026253056011782661887595675,0.107423132484526,0.103857196748402,0.102750453070909,0.0991823437389864,0.132139040588319,0.1356831089505213769988601209,0.1315710459979695569988601209,0.00411206295255182,5.1030776886828613981303842613,57.832648080230964968891458929,60.957647005552726575356963304,619132900
7.83,2,0.1025514667302326191216608158,0.107346471321717,0.103788877089497,0.102676524156403,0.0991167614129014,0.132061798376133,0.1356035294704934821551862008,0.1314914665179416621551862008,0.00411206295255182,5.101731268564145229720974385,57.816341499166275130273311795,60.94845415922403939814589246,619924700
7.84,2,0.1024778287350601163738221520,0.107270016027764,0.103720734098147,0.102602796362631,0.0990513509884484,0.131984689641562,0.1355240895523789770090589421,0.1314120265998271570090589421,0.00411206295255182,5.1003909598874422174875953219,57.800031954444606084337013393,60.939270466510035848027905006,620716400
7.85,2,0.1024043719753098528264768086,0.107193747632947,0.103652748940395,0.10252925002529,0.0989860929371732,0.131907734613295,0.1354448087552471250150797694,0.1313327458026953050150797694,0.00411206295255182,5.0990573229788051994517584727,57.783744970426893503414656321,60.930115010668222821498875142,621508100
7.86,2,0.1023311028302826874223141353,0.107117671571704,0.103584927185662,0.10245589153146,0.098920993781218,0.131830905895091,0.1353656598939158894343104673,0.1312535969413640694343104673,0.00411206295255182,5.0977295790401447699876501571,57.767460290514240251781633591,60.920972848149849443159019686,622299800
7.87,2,0.1022580238434292012175159221,0.107041791350264,0.103517272474372,0.102382723427695,0.0988560562014167,0.131754230919262,0.1352866705110373715385134688,0.1311746075584855515385134688,0.00411206295255182,5.096408517110310469929688616,57.751184679733659086736895906,60.911848637024035620519587533,623091600
7.88,2,0.1021851315282268114957280517,0.106966102900415,0.103449780871742,0.10230974222322,0.0987912768405024,0.13167769320648,0.1352078239999987965988417102,0.1310957610474469765988417102,0.00411206295255182,5.0950936614449031908391533286,57.734914601185347669819332004,60.902739978235009873809232751,623883300
7.89,2,0.1021124174312200095919205815,0.106890597683188,0.103382443971462,0.10223693945427,0.0987266473674488,0.131601290746305,0.1351291180582082962233696344,0.1310170551056564762233696344,0.00411206295255182,5.093784946079513473550462534,57.71866059238972108141208608,60.893654919939395728173312109,624675000
7.90,2,0.1020398997773927937824785265,0.106815294286349,0.103315280493187,0.102164333368054,0.0986621861614385,0.131525032967852,0.1350505627623455649116507871,0.1309384998097937449116507871,0.00411206295255182,5.0924826596897589124378025541,57.702400406280127687470813229,60.884576371132292021804202397,625466800
7.91,2,0.1019675592629756353522366606,0.106740173191505,0.103248271049662,0.102091904637263,0.0985978740263769,0.131448914731989,0.1349721522998020505109446596,0.1308600893472502305109446596,0.00411206295255182,5.0911866357566633455226847884,57.686158130893567165046254083,60.875522736801690925796427766,626258500
7.92,2,0.1018954022642826229876886957,0.106665240697404,0.103181422070016,0.102019659645986,0.0985337174768154,0.131372933478894,0.1348938843366881517903728105,0.1307818213841363317903728105,0.00411206295255182,5.0898968074192219347835978357,57.669924587907577929798154489,60.866487079454200033171228657,627050200
7.93,2,0.1018234313339554754069634498,0.106590499201222,0.10311473608106,0.101947600949978,0.0984697191982216,0.131297084618297,0.1348157543737161691884180240,0.1307036914211643491884180240,0.00411206295255182,5.0886130457823295182420530961,57.653692828257793108928683704,60.857464202058737965141794471,627841900
7.94,2,0.1017516436936924169449765205,0.106515946420359,0.103048210929084,0.101875725767549,0.0984058765378756,0.13122138248634,0.1347377766631309790235490498,0.1306257137105791590235490498,0.00411206295255182,5.087335759142733257876539172,57.637476722827591257435390188,60.848464373029280636970225283,628633700
7.95,2,0.1016800413647302290169946002,0.106441584054269,0.102981848441697,0.101804036122401,0.0983421916477109,0.131145817758005,0.1346599419493765437185831815,0.1305478789968247237185831815,0.00411206295255182,5.0860646823482769917085674602,57.62126898623778831329536468,60.839482223653066796804631028,629425400
7.96,2,0.1016086115729816168446683607,0.10636739898088,0.102915635624248,0.101732519224868,0.0982786518655609,0.131070381133157,0.1345822404844776939598016606,0.1304701775319258739598016606,0.00411206295255182,5.0847995361400412873424402433,57.605061972885316277625384433,60.830512129856575339592258837,630217200
7.97,2,0.1015373635723787404632442843,0.106293401044897,0.102849582448134,0.101661184340168,0.0982152665834131,0.130995089040019,0.1345046890346470227822509833,0.1303926260820952027822509833,0.00411206295255182,5.0835408008346461715480415601,57.588868794199750486606366185,60.821563727472951855435100884,631008800
7.98,2,0.1014662969119744521831875584,0.106219589522041,0.102783688315046,0.101590031016804,0.0981520354758175,0.130919933670625,0.1344272797757931955415908059,0.1303152168232413755415908059,0.00411206295255182,5.0822882522883842119296736897,57.572682877744437636420370644,60.812632169946727512868043278,631800600
7.99,2,0.1013954126038354780537463914,0.106145965495423,0.102717954433349,0.101519060268077,0.0980889596814038,0.130844917002012,0.1343500147259196146280418600,0.1302379517733677946280418600,0.00411206295255182,5.0810419483127872465088480339,57.556502934518697289138614118,60.803716440570419203977538477,632592300
8.00,2,0.1013246984345115829087515431,0.106072516656806,0.102652368619344,0.101448259865642,0.0980260270964434,0.130770036955436,0.1342728913823458868503540500,0.1301608284297940668503540500,0.00411206295255182,5.0798018172113418428898668727,57.540341637362989515391449815,60.794826178919899331334203957,633384100
8.01,2,0.1012541734193864164081204841,0.105999262102954,0.102586950093628,0.101377648848072,0.0979632568834154,0.13069529486068,0.1341959117448319766198419343,0.1300838487922801566198419343,0.00411206295255182,5.0785679162729610278426142439,57.524189992627880970558051568,60.785954528072827560030070012,634175800
8.02,2,0.1011838198110539939876002092,0.105926183740757,0.102521680886219,0.101307209446318,0.0979006313964746,0.130620681743673,0.1341190662176306810475826155,0.1300070032650788610475826155,0.00411206295255182,5.077339970599726774597206109,57.508032679780022336608582145,60.777090065716449588889680401,634967600
8.03,2,0.1011136443235002638385070075,0.105853288404758,0.102456567954087,0.101236948382555,0.0978381574802986,0.130546200700603,0.1340423581378395948411071228,0.1299302951852877748411071228,0.00411206295255182,5.0761180757924516775278287887,57.491888940795953231723275148,60.768247293604835996224752575,635759200
8.04,2,0.1010436362137768954161152688,0.105780565661129,0.102391600985143,0.101166854900732,0.0977758245006483,0.130471861142234,0.1339657965506023639066318827,0.1298537335980505439066318827,0.00411206295255182,5.0749024909754166014258777217,57.475755706482731493423486412,60.759423715118426943483000791,636551000
8.05,2,0.1009738151987288408202221405,0.105708035345542,0.102326799936102,0.101096948741739,0.0977136523195329,0.130397665433947,0.1338893845163388217846473992,0.1297773215637870017846473992,0.00411206295255182,5.0736933038231700603558871085,57.459634454573731473606706314,60.75062038359529278549409069,637342700
8.06,2,0.1009041616864474418004179381,0.105635676895964,0.102262144365297,0.101027210289775,0.0976516214415876,0.13032358681743,0.1338130945796334148597285562,0.1297010316270815948597285562,0.00411206295255182,5.0724897277960141078576250292,57.443520076836170695917487106,60.74183394142276886440837205,638134500
8.07,2,0.1008346872499863587208274378,0.105563502866558,0.10219764694657,0.100957651132008,0.0975897435737339,0.130249652777337,0.1337369546507077613728823146,0.1296248916981559413728823146,0.00411206295255182,5.0712925624628993115353937644,57.427415304667149658179430131,60.733065929899265256241610773,638926100
8.08,2,0.1007653859943659548639116648,0.105491506910876,0.102133301452481,0.100888265366269,0.0975280129328831,0.130175850690051,0.1336609518963008733640558733,0.1295488889437490533640558733,0.00411206295255182,5.0701014401779725094107047129,57.411321836363300070123106821,60.724317864833130692870478418,639717900
8.09,2,0.1006962604110719805380318140,0.105419691781517,0.102069110753967,0.100819055487081,0.0974664321319675,0.130102187898242,0.1335850937548027966949814726,0.1294730308022509766949814726,0.00411206295255182,5.0689165740354202958577441946,57.395202689175005881858534139,60.715561678752086954941045374,640509600
8.10,2,0.1006272990020506136649548794,0.105348045493735,0.102005062983949,0.10075000998237,0.0974049897766533,0.13002865106318,0.1335093664814551094964383463,0.1293973035289032894964383463,0.00411206295255182,5.0677375702769086441066281698,57.379128579394812456504770702,60.706851021994491386980427777,641301400
8.11,2,0.1005585136474289931709504732,0.105276580200119,0.101941170412024,0.10068114074675,0.0973436978786346,0.12995524736056,0.1334337776757843336229840554,0.1293217147232325136229840554,0.00411206295255182,5.0665646466128355541573566398,57.363059247944257955001474165,60.698155345270035576401195854,642093100
8.12,2,0.1004899000794006569302968496,0.105205291781439,0.101877429035314,0.100612443507211,0.0972825522813223,0.129881981264645,0.1333583316696292556178674821,0.1292462687170774356178674821,0.00411206295255182,5.0653979271412610795496976831,57.346999090647029615839706245,60.689477879956041208926111282,642884800
8.13,2,0.1004214597148717592269037989,0.10513418144657,0.101813840178393,0.100543919682385,0.0972215545191187,0.12980884673994,0.1332830224773984599441963218,0.1291709595248466399441963218,0.00411206295255182,5.0642372403875921399739991816,57.330952378161931870003274049,60.680821953235082188120025351,643676500
8.14,2,0.1003531819851528533778810844,0.105063238517998,0.101750393278796,0.100475558690696,0.0971606941255659,0.129735841219856,0.1332078471654419739784007973,0.1290957842128901539784007973,0.00411206295255182,5.0630825023089663565743314914,57.314911846578585223297794117,60.672182137213690526612050038,644468300
8.15,2,0.1002850773232868435449249393,0.104992473593003,0.101687099048207,0.10040737097791,0.0970999816609044,0.129662968856834,0.1331328102575019337502214001,0.1290207473049501137502214001,0.00411206295255182,5.0619338425010439997679037371,57.29887749585080184663138957,60.663558342849655073085583688,645260000
8.16,2,0.1002171427586430649420631381,0.104921883501632,0.101623954430439,0.100339353569772,0.0970394142647155,0.129590224094766,0.1330579060941979668194463932,0.1289458431416461468194463932,0.00411206295255182,5.0607910988345257991375067955,57.28282418092287855480078183,60.654931735134985648221441284,646051700
8.17,2,0.1001493792782272443976299828,0.104851469735474,0.10156096103021,0.100271507454493,0.0969789930384072,0.129517621327317,0.1329831491164304855991699667,0.1288710861638786655991699667,0.00411206295255182,5.0596546850107361870788383882,57.26682111330898886225859524,60.646354167105331376046617898,646843500
8.18,2,0.1000817853136190283743642521,0.104781229888898,0.101498116554388,0.100203831061739,0.0969187165242133,0.129445136658174,0.1329085153624126417836709554,0.1287964524098608217836709554,0.00411206295255182,5.0585239145750357044263167536,57.250822174630042653360672945,60.637791346510581776519931891,647635200
8.19,2,0.1000143523509321664546213204,0.104711156047769,0.101435413200708,0.100136315867242,0.0968585763098046,0.129372787704161,0.1328340221659419059743213195,0.1287219592133900859743213195,0.00411206295255182,5.0573992841041462159713373349,57.2348253460429579659283819,60.629241420809165117491697497,648426900
8.20,2,0.0999470877855437705588213341,0.104641255541957,0.10137285841029,0.100068969275397,0.0967985799108922,0.129300572198058,0.1327596675208729917848002042,0.1286476045683211717848002042,0.00411206295255182,5.0562807361262473160880864489,57.218838361308465364512272989,60.620710244787968202799891384,649218600
8.21,2,0.0998799816538381235670762280,0.104571518145787,0.101310442068088,0.100001781310438,0.0967387174624071,0.129228483153628,0.1326854440922114620761321111,0.1285733811396596420761321111,0.00411206295255182,5.0551680605092169780066800566,57.202872528450084072970173453,60.612206456203798386518814943,650010400
8.22,2,0.0998130526976760963244601369,0.10450196255479,0.101248182979645,0.0999347707370818,0.0966790078391463,0.129156518258282,0.1326113502250833836234373406,0.1284992872725315636234373406,0.00411206295255182,5.0540612098444206608926999171,57.186877203906492934710388433,60.603692004777482455614139442,650802100
8.23,2,0.0997462833585500660089295276,0.104432571766892,0.101186064252292,0.0998679199754081,0.0966194335706609,0.12908469436241,0.1325374021700675584378647136,0.1284253392175157384378647136,0.00411206295255182,5.0529606496766340407891688329,57.170924751960734320886422802,60.59522097564638376458543145,651593800
8.24,2,0.0996796789381273167954207548,0.104363350578321,0.101124090791054,0.0998012343335493,0.0965600000739466,0.129012996710521,0.1324635853518457153137451994,0.1283515223992938953137451994,0.00411206295255182,5.0518659624537518472788776828,57.154985216346599265163801752,60.586771116772749225124885699,652385500
8.25,2,0.0996132300329726448186499333,0.10429428931554,0.10106225303059,0.0997347043966034,0.0965006980423617,0.128941418056901,0.1323898921952892201969798965,0.1282778292427374001969798965,0.00411206295255182,5.0507769311643298099446173449,57.139044153567674433140851581,60.578331721550662959874631514,653177300
8.26,2,0.0995469596819157895472698627,0.104225412019031,0.101000575118975,0.0996683532314948,0.0964415506504921,0.128869985874101,0.1323163509989723097778884559,0.1282042880464204897778884559,0.00411206295255182,5.0496943665028043611820855418,57.123124752310602070089885465,60.569919646842469634098250874,653969100
8.27,2,0.0994808426028437818980832740,0.104156692069349,0.100939030543768,0.0996021555252802,0.0963825326924608,0.128798663186996,0.1322429238850219811336284139,0.1281308609324701611336284139,0.00411206295255182,5.0486171833480354742213982316,57.107183420953120948846610637,60.56150290555807268365178698,654760800
8.28,2,0.0994148921311358963521974976,0.104088143608486,0.10087763355337,0.0995361246296007,0.0963236576263841,0.128727472391485,0.1321696337329554542137622330,0.1280575707804036342137622330,0.00411206295255182,5.0475460371499101490625554165,57.091276837467129093216866672,60.553123585123693055897316336,655552500
8.29,2,0.0993490944292805080990637257,0.104019752920296,0.100816370537459,0.0994702466900704,0.0962649117037642,0.128656417684336,0.1320964842619931290364800312,0.1279844213094413090364800312,0.00411206295255182,5.0464810344562644392453251749,57.075387482633672098579816605,60.544768448299105270335805095,656344300
8.30,2,0.0992834589553782178221619276,0.103951529056333,0.100755250652827,0.0994045311763238,0.0962063044995399,0.128585486924329,0.1320234636578762634645491645,0.1279114007053244434645491645,0.00411206295255182,5.0454218368134862644600553859,57.05950088644922328610510931,60.536426867479960658731147731,657136000
8.31,2,0.0992179888994224158942723371,0.103883475496715,0.100694277484257,0.0993389812822443,0.0961478393123201,0.1285146882488,0.1319505801780916745151466575,0.1278385172255398545151466575,0.00411206295255182,5.0443686807811676782465141324,57.043599867239343685540148303,60.528085802828741873598766699,657927700
8.32,2,0.0991526818479314917921614974,0.103815589106296,0.100633448000687,0.0992735945914071,0.096089513829829,0.128444001114773,0.1318778131863959940352948694,0.1277657502338441740352948694,0.00411206295255182,5.0433209751744750862305150912,57.027736203884573176671876369,60.519784463017129609806017674,658719400
8.33,2,0.0990875361371847293066812851,0.103747869020383,0.100572761440938,0.0992083694380627,0.0960313264898948,0.128373448486933,0.1318051856069183841057628534,0.1276931226543665641057628534,0.00411206295255182,5.0422793767213406503905468653,57.01187829173273184813279166,60.511498698765211296902627577,659511200
8.34,2,0.0990225310878789010236856576,0.103680294437587,0.100512197106569,0.0991432851176902,0.0959732566910058,0.128303027949203,0.1317326943026896381384596696,0.1276206313501378181384596696,0.00411206295255182,5.0412437955542077763524231321,56.996007341944488521359102115,60.503214502268213802619521295,660302900
8.35,2,0.0989576983127069940415434464,0.103612896544905,0.100451786286958,0.0990783732815331,0.09591533618685,0.128232725651234,0.1316603265237818520509994749,0.1275482635712300320509994749,0.00411206295255182,5.0402138664145574908860279336,56.980174762745062005701228322,60.494970608912673978389659989,661094700
8.36,2,0.0988930261326879914968795967,0.10354566370325,0.100391517444839,0.0990136222363682,0.0958575533860884,0.128162543343812,0.1315880836172678932677128735,0.1274760206647160732677128735,0.00411206295255182,5.0391896278931747672214772283,56.964354126057096503513852652,60.486747193124875369777103507,661886300
8.37,2,0.0988285035964801092777925882,0.103478585837079,0.100331380605937,0.0989490210174992,0.0957998974253514,0.128092506676855,0.1315159908693452149395462165,0.1274039279167933949395462165,0.00411206295255182,5.038171804386268064524352776,56.948515290207999200959761519,60.478521198687398015273512748,662678100
8.38,2,0.0987641410338707363257148053,0.103411671932885,0.100271384857454,0.0988845799673101,0.0957423787477964,0.128022576638616,0.1314440096091704350666760196,0.1273319466566186150666760196,0.00411206295255182,5.0371592880557664912333750979,56.932709924332980227149217882,60.47033204124450357283513924,663469800
8.39,2,0.0986999267705536618049824421,0.103344911378864,0.100211519687751,0.0988202873972584,0.0956849857651043,0.127952784263444,0.1313721704853342338587279844,0.1272601075327824138587279844,0.00411206295255182,5.0361529569191285065141259541,56.91692326979789111457605233,60.462168050450307271285275996,664261600
8.40,2,0.0986358827202529390699307488,0.103278325295764,0.10015180631719,0.098756165247791,0.0956277405173993,0.127883105691726,0.1313004503933403770382735708,0.1271883874407885570382735708,0.00411206295255182,5.0351521490812845159924190245,56.901144675728154201610074137,60.45402172060575359805424284,665053200
8.41,2,0.0985719842117379152758179423,0.103211889490199,0.100092220651462,0.0986921888175917,0.0955706184024996,0.127813555896443,0.1312288634561691761872301865,0.1271168005036173561872301865,0.00411206295255182,5.0341572691358232492510451879,56.885342523873251837773032002,60.445869148950872024654202382,665845000
8.42,2,0.0985082438685493375590982174,0.103145616363733,0.100032775190663,0.0986283707455952,0.095513632157935,0.127744127856064,0.1311574030928135972027587962,0.1270453401402617772027587962,0.00411206295255182,5.033168128550776409102911286,56.869581509971311552978839304,60.437758784061536853274811602,666636700
8.43,2,0.0984446507444624469725786179,0.103079495188965,0.0999734593053937,0.0985647000722282,0.0954567709221919,0.127674828407085,0.1310860757646435550446580568,0.1269740128120917350446580568,0.00411206295255182,5.0321849124307526983609241573,56.853833518864543845985107677,60.429669481429260122569002402,667428500
8.44,2,0.0983812158893593785846338064,0.103013536483138,0.099914283610364,0.0985011878608477,0.0954000458561545,0.127605641714268,0.1310148660165171958908486348,0.1269028030639653758908486348,0.00411206295255182,5.0312071780185650085863632817,56.838070753234103127203319623,60.421580808775702353162911859,668220200
8.45,2,0.0983179346505877976530713429,0.102947736083069,0.0998552440393308,0.0984378294531277,0.0953434523984953,0.127536582034609,0.1309437879548344128688120421,0.1268317250022825928688120421,0.00411206295255182,5.0302353294327994749878332202,56.822338288658817248454719946,60.413526105513306409474056561,669011900
8.46,2,0.0982548006465741562617571791,0.102882087773775,0.0997963344737262,0.0983746184597126,0.0952869842563318,0.127467654469668,0.1308728464645130896089473492,0.1267607835119612696089473492,0.00411206295255182,5.0292695066160365031911476541,56.806625753778027335186863336,60.405497515600551717447947786,669803600
8.47,2,0.0981918205195561892152434095,0.102816597265053,0.0997375607192386,0.09831156153094,0.0952306481759528,0.127398831966412,0.1308020147116162578752224609,0.1266899517590644378752224609,0.00411206295255182,5.0283089408326080931963065805,56.790890619637021401752331685,60.397463880009968172543326218,670595400
8.48,2,0.0981289950362142292743979397,0.102751266244873,0.0996789245592125,0.0982486594344252,0.0951744450204062,0.127330140863629,0.1307313190811235941344458267,0.1266192561285717741344458267,0.00411206295255182,5.0273543879565147041688917595,56.775193139397894990655446451,60.389469561658185733642233921,671387100
8.49,2,0.0980663142552751108123238301,0.102686084594257,0.0996204159695302,0.098185902216772,0.0951183649312131,0.127261576590122,0.1306607546547868016572228159,0.1265486917022349816572228159,0.00411206295255182,5.0264057070903084445476237148,56.759477690843655461713443193,60.381473209352820892092025419,672178800
8.50,2,0.0980037972396179155318720912,0.102621071126361,0.0995620538576959,0.0981233089641061,0.0950624270889044,0.127193130992628,0.1305903139441718344064625646,0.1264782509916200144064625646,0.00411206295255182,5.0254626837061692058937819222,56.743802764495066776400267262,60.373518533807492840501989478,672970600
8.51,2,0.0979414219194717805223859139,0.102556203764263,0.0995038162406254,0.0980608575797432,0.0950066094906929,0.127124805019435,0.1305199971297908712528353684,0.1264079341772390512528353684,0.00411206295255182,5.0245253229753770966460869045,56.728144626464932925521046221,60.365587837472097889703683151,673762300
8.52,2,0.0978791906400346456574468175,0.102491484959095,0.099445705662787,0.0979985504117412,0.0949509145780276,0.127056601578008,0.1304498072061374588078349435,0.1263377442535856388078349435,0.00411206295255182,5.0235937106838660083658181392,56.712465110805061074957505597,60.357652652848564466753156485,674554000
8.53,2,0.0978171100411999802250924116,0.102426921268709,0.099387728774865,0.0979363941080906,0.0948953490917886,0.126988517967818,0.1303797417064344068295715970,0.1262676787538825868295715970,0.00411206295255182,5.022667776163672076261580189,56.696823613440294878422170312,60.349757217463041602631283409,675345700
8.54,2,0.0977551830390772943960886195,0.102362515685824,0.0993298886619111,0.0978743915884572,0.0948399160440317,0.126920556226615,0.1303098027748564005049228113,0.1261977398223045805049228113,0.00411206295255182,5.0217475808408566791893026918,56.681163267193358921986323977,60.341859182101132015033966991,676137500
8.55,2,0.0976933960003679417836213644,0.102298254151947,0.0992721713572732,0.0978125292029168,0.0947846018767278,0.126852704889626,0.1302399784661859418551937045,0.1261279155136341218551937045,0.00411206295255182,5.0208327825101673030844514488,56.665539926112015951553559904,60.334000317561502381410324963,676929200
8.56,2,0.0976317601491922276771557590,0.102234148602242,0.0992145888874608,0.0977508181892773,0.0947294179190867,0.12678498372715,0.1301702889583974266388981224,0.1260582260058456066388981224,0.00411206295255182,5.019923959227987083155631019,56.649896660847303426416601995,60.326137881809207097745482834,677721000
8.57,2,0.0975702738253996152673626677,0.102170196874014,0.0991571391806359,0.0976892568853636,0.0946743625998463,0.126717378431997,0.1301007198807092894879093620,0.1259886569281574694879093620,0.00411206295255182,5.0190206993017428574243528038,56.634306519435778490209536469,60.318326436113108821306189614,678512600
8.58,2,0.0975089283808617061186863027,0.102106390506947,0.0990998138668549,0.0976278366325011,0.0946194273507587,0.126649894832413,0.1300312767657115517601000201,0.1259192138131597317601000201,0.00411206295255182,5.0181231612284607610992213615,56.618717727373511738258309777,60.310527387974741903166741916,679304400
8.59,2,0.0974477410656654511748562301,0.10204274667122,0.0990426302061843,0.0975665747018128,0.0945646295328902,0.126582529733106,0.1299619570224258680765748524,0.1258498940698740480765748524,0.00411206295255182,5.0172312707821002801157024941,56.603114893827878364784512934,60.30272936915030344128662783,680096100
8.60,2,0.0973866929267839505724568818,0.101979246146788,0.0989855690679894,0.0975054521171592,0.0945099502595648,0.126515276477685,0.1298927533308666554811284814,0.1257806903783148354811284814,0.00411206295255182,5.0163448182604927665598418006,56.587546627597978672483514192,60.294968603493340965062776434,680887900
8.61,2,0.0973257832196754470622629267,0.101915888523813,0.0989286301313636,0.0974444681330906,0.0944553888743192,0.126448144686691,0.1298236752945145311519305209,0.1257116123419627111519305209,0.00411206295255182,5.0132725789955365555944867894,56.571962893062577102426718326,60.282548120580015430713143202,681679600
8.62,2,0.0972650218449220865328681497,0.101852683723186,0.098871823405657,0.0973836326622626,0.0944009553783215,0.126381134419855,0.1297547233223861137502057309,0.1256426603698342937502057309,0.00411206295255182,5.01129725049950555559448679,56.556416628333045183413301906,60.272479084043339088496504368,682471300
8.63,2,0.0972043974789245170567265795,0.101789620394594,0.0988151376285442,0.097322934367267,0.0943466385222052,0.126314245502443,0.1296858968468039883526879081,0.1255738338942521683526879081,0.00411206295255182,5.0093255172146975555944867896,56.540864821088698997220291687,60.262407585543759048924527655,683263000
8.64,2,0.0971439303372500259767227348,0.101726718009797,0.0987585923593049,0.0972623934883234,0.0942924586337633,0.126247455572288,0.1296171742018321549690187041,0.1255051112492803349690187041,0.00411206295255182,5.0073567584577665555944867901,56.525334669641568632378262868,60.252354248093638705245918981,684054800
8.65,2,0.0970835996376832445513878637,0.101663957218627,0.0987021683348276,0.0972019892178732,0.0942383949925459,0.126180806723782,0.1295485967839477390816881165,0.1254365338313959190816881165,0.00411206295255182,5.0053921601504255555944867899,56.509797252352708922434381174,60.242296729255605578034465655,684846500
8.66,2,0.0970234042090597418836490841,0.101601335511548,0.0986458631321712,0.0971417203833237,0.0941844465126072,0.126114260689337,0.1294801262643147834354082318,0.1253680633117629634354082318,0.00411206295255182,5.0034306242524075555944867899,56.494300891815798240683969326,60.232271663653619531151174632,685638200
8.67,2,0.0969633563923800312973402616,0.101538866072476,0.0985896900213837,0.097081599340725,0.0941306256361844,0.126047840957182,0.1294117865799709835701851769,0.1252997236274191635701851769,0.00411206295255182,5.0014728365093295555944867894,56.478788904351680014770268479,60.222236500707789309948900793,686430000
8.68,2,0.0969034524341824627373021102,0.101476544424203,0.0985336446109384,0.097021622332038,0.0940769286909702,0.125981526995663,0.1293435570585087369407526365,0.1252314941059569169407526365,0.00411206295255182,4.9995182047003375555944867895,56.463303947961800562167213925,60.212223294886441911849873394,687221800
8.69,2,0.0968436931433307830648348311,0.101414371960528,0.0984777283798598,0.096961790167113,0.0940233565720926,0.125915335509766,0.1292754544463549209564336245,0.1251633914938031009564336245,0.00411206295255182,4.9975672085752225555944867892,56.447811108058724211116937196,60.202205795854150332902485015,688013400
8.70,2,0.0967840688901638245643870962,0.101352338964676,0.0984219316961488,0.0969020932045459,0.093969899722975,0.125849264506482,0.1292074764155619078247643962,0.1250954134630100878247643962,0.00411206295255182,4.9956197814431975555944867889,56.432366299727316179995099024,60.192225476529833605913887785,688805100
8.71,2,0.0967245877502306923093638210,0.10129045319326,0.0983662624007475,0.0968425395297334,0.0939165663133944,0.125783304426606,0.1291396136863930656599768799,0.1250275507338412456599768799,0.00411206295255182,4.9936756574593905555944867897,56.416893714030952650170615926,60.18222634970732176657803755,689596900
8.72,2,0.0966652398611490014258113690,0.101228704566319,0.0983107104975778,0.0967831192682665,0.0938633465528767,0.125717449553306,0.1290718601966402710750363936,0.1249597972440884510750363936,0.00411206295255182,4.9917346629543315555944867891,56.401454782060458565046687013,60.172254051384188535249524214,690388700
8.73,2,0.0966060361246532656756984621,0.101167104982623,0.0982552879688533,0.0967238433351738,0.093810251439944,0.125651727863843,0.1290042443246964845626988036,0.1248921813721446645626988036,0.00411206295255182,4.9897976109090935555944867897,56.386011143570148166443937596,60.162279536488754219960475962,691180400
8.74,2,0.0965469742388737764518960225,0.101105651319666,0.0981999917750703,0.0966647094257787,0.0937572787529735,0.125586115975945,0.1289367425964553508214443114,0.1248246796439035308214443114,0.00411206295255182,4.9878638288400655555944867898,56.370606207828627125792721393,60.152335451582831610753491395,691972100
8.75,2,0.0964880445807715796046328030,0.101044333898748,0.0981448123200967,0.0966057079053073,0.0937044189398088,0.125520612797051,0.1288693535851214462662909854,0.1247572906325696262662909854,0.00411206295255182,4.9859332758725695555944867899,56.355179285701123599665382753,60.142376870064833705786722172,692763800
8.76,2,0.0964292548218570047157127557,0.100983160493724,0.0980897574599223,0.096546846454625,0.0936516797634994,0.125455220853116,0.1288020800892810430918257805,0.1246900171367292230918257805,0.00411206295255182,4.984006032180196555594486789,56.339789038321316894752634742,60.13244715875760802545444972,693555600
8.77,2,0.0963705977815618740870871423,0.10092212417127,0.0980348203429241,0.0964881178844071,0.0935990541164734,0.125389947597623,0.1287349293187575438346853946,0.1246228663662057238346853946,0.00411206295255182,4.98208230430917255559448679,56.324382314495974375582220173,60.122506795115763755563872991,694347300
8.78,2,0.0963120832471269022687787866,0.100861234707653,0.0979800108266444,0.0964295319938297,0.0935465518792313,0.125324792200668,0.1286679007881778505749750452,0.1245558378356260305749750452,0.00411206295255182,4.9801620783545825555944867893,56.309023640581683757787903491,60.112603544073508276839740853,695139000
8.79,2,0.0962537063005114867532181811,0.100800486816544,0.097925323705606,0.0963710838588547,0.0934941682086342,0.125259744370777,0.1286009840306661288881169649,0.1244889210781143088881169649,0.00411206295255182,4.9782450544625215555944867889,56.293641954671865600578201797,60.102685021575295955197412568,695930800
8.80,2,0.0961954600640021018784619833,0.100739873720691,0.0978707522829823,0.0963127665933815,0.0934418962990574,0.125194807342313,0.1285341820449018183438329518,0.1244221190923499983438329518,0.00411206295255182,4.976331318538827555594486789,56.278298491980067594503433612,60.092796471127157064174749898,696722500
8.81,2,0.0961373530291022582986482530,0.100679404502401,0.0978163057210872,0.0962545886992686,0.0933897447324154,0.125129997585944,0.1284675116112783819627935133,0.1243554486587265619627935133,0.00411206295255182,4.9744213513063625555944867899,56.262948449242090163283694997,60.082904355561654656226808525,697514200
8.82,2,0.0960793868750341383648027031,0.100619079751036,0.0977619846888722,0.096196551857786,0.0933377152696159,0.125065283801398,0.1284009414719368077897621801,0.1242888785193849877897621801,0.00411206295255182,4.9725142572934275555944867896,56.247602060307461667307335018,60.073016925327943923348509823,698305900
8.83,2,0.0960215481356617536102924136,0.100558887008214,0.0977077768071309,0.0961386425863763,0.0932857945073246,0.125000695549817,0.1283345007379829080627865558,0.1242224377854310880627865558,0.00411206295255182,4.9706108704717725555944867891,56.232299271578521842447798844,60.063163075759481826605494314,699097700
8.84,2,0.0959638477489298172275178598,0.100498836527988,0.0976536924086777,0.0960808718363226,0.0932339934756352,0.124936212671202,0.1282681696223102739906397131,0.1241561066697584539906397131,0.00411206295255182,4.9687106239825545555944867894,56.216971754983557575893353497,60.053292688753387783547012141,699889400
8.85,2,0.0959062748115361688583057363,0.100438917763742,0.0975997210252503,0.0960232286910265,0.0931823013363498,0.124871845948307,0.1282019585357655869384317595,0.1240898955832137669384317595,0.00411206295255182,4.9668138160745615555944867897,56.201695042932418780682315331,60.043461385184549026887730003,700681200
8.86,2,0.0958488405928542653137757040,0.100379141432076,0.0975458734513941,0.0959657244336042,0.0931307294505777,0.124807578958552,0.1281358514424975886086109351,0.1240237884899457686086109351,0.00411206295255182,4.9649199873544945555944867889,56.186390129234904345969576316,60.033611082921656362809703826,701472800
8.87,2,0.0957915313755510018016209080,0.100319494813264,0.0974921370449243,0.0959083453299946,0.0930792641618463,0.124743440985715,0.1280698771672408063131928495,0.1239578142146889863131928495,0.00411206295255182,4.9630299635901705555944867889,56.171104425266971721698054409,60.023776190625329491050609017,702264600
8.88,2,0.0957343699196626671983839270,0.100259999868071,0.0974385338437441,0.0958511141679892,0.0930279283351328,0.12467940794639,0.1280040124103697991383812730,0.1238919494578179791383812730,0.00411206295255182,4.9611430772964885555944867899,56.155860555372878597592354306,60.01397393334935701622544831,703056300
8.89,2,0.0956773238398328923279695144,0.100200623985636,0.0973850313137331,0.0957939985227388,0.0929766896223744,0.124615475077214,0.1279382512760010156112751099,0.1238261883234491956112751099,0.00411206295255182,4.9592591595688265555944867891,56.140592984764129147404283711,60.004155988096587883655892292,703848100
8.90,2,0.0956204147519293104213967308,0.10014138959242,0.0973316519576929,0.0957370200364708,0.0929255697421871,0.124551664455233,0.1278726166130666305892433036,0.1237605536605148105892433036,0.00411206295255182,4.9573788649808745555944867901,56.12536895789058755017445542,59.994371533977809020483042746,704639700
8.91,2,0.0955636405984886870755450385,0.100082294158716,0.0972783933218656,0.095680176649213,0.0928745667105925,0.124487962662345,0.1278070949260047620064887308,0.1236950319734529420064887308,0.00411206295255182,4.9555018069132635555944867899,56.110129159603128679390451026,59.984577024525485023318884865,705431500
8.92,2,0.0955070008178369609155520331,0.100023337151324,0.0972252549486047,0.0956234677986063,0.0928236800408331,0.124424370540684,0.1277416870404629602065515342,0.1236296240879111402065515342,0.00411206295255182,4.9536280090190535555944867889,56.094899577197980653956511617,59.974791635347746725937153824,706223200
8.93,2,0.0954504857784888379799150677,0.0999645086318782,0.0971722269747123,0.0955668838414203,0.0927729001648895,0.124360879804449,0.1276763843314689113532011687,0.1235643213789170913532011687,0.00411206295255182,4.9517572242109885555944867892,56.079703348333979677686032617,59.965032639156629375741842336,707015000
8.94,2,0.0953940956037212499160043350,0.0999058093813745,0.0971193102559607,0.0955104249010822,0.0927222272810128,0.124297509279124,0.1276112056429047857462334266,0.1234991426903529657462334266,0.00411206295255182,4.9498899923265275555944867894,56.064507813689786594568085219,59.955275472927674174493660153,707806700
8.95,2,0.0953378478104992254355196269,0.0998472562588774,0.0970665217258079,0.0954541085159182,0.0926716790019675,0.124234239204485,0.1275461318175516515901679635,0.1234340688649998315901679635,0.00411206295255182,4.9480257645517745555944867888,56.049301325405646927016005643,59.945511956883960887120099855,708598400
8.96,2,0.0952817251979110317188858079,0.0997888329821486,0.0970138451760257,0.095397917464041,0.0926212381799216,0.124171096786582,0.1274811894792283828685418794,0.1233691265266765628685418794,0.00411206295255182,4.9461653036029575555944867898,56.034153568816340240118392231,59.935792937759530951782951432,709390100
8.97,2,0.0952257230377068487428854237,0.0997305334381737,0.0969612745672302,0.0953418470114345,0.0925709001545343,0.124108042616131,0.1274163390318859288481797785,0.1233042760793341088481797785,0.00411206295255182,4.9443074751368285555944867888,56.018987477689773470840962544,59.926062388147053563410703636,710181900
8.98,2,0.0951698564533914226189944120,0.0996723736980992,0.0969088260438197,0.0952859123000463,0.0925206801410496,0.124045103035049,0.1273516073648258592585920546,0.1232395444122740392585920546,0.00411206295255182,4.9424530494751345555944867889,56.003823406158237539926096789,59.916334721981052646789281774,710973600
8.99,2,0.0951141095746977036373108708,0.0996143378475021,0.0968564837642478,0.0952300974402559,0.0924705623227682,0.123982277607888,0.1272869934900047879883442153,0.1231749305374529679883442153,0.00411206295255182,4.9406019983125175555944867896,55.988707023399843526847379583,59.906643658439337867127415213,711765300
9.00,2,0.0950584956718543066497152630,0.0995564386911829,0.0968042606058179,0.0951744157184747,0.0924205600586484,0.123919552308675,0.1272224838394040126738701255,0.1231104208868521926738701255,0.00411206295255182,4.9387539329538735555944867888,55.973566228002169956970726602,59.896936273985786939678001674,712557100
9.01,2,0.0950030120523563266213838932,0.0994986738752442,0.0967521542867647,0.0951188644389142,0.092370670725078,0.123856936972423,0.1271580881624129778283645894,0.1230460252098611578283645894,0.00411206295255182,4.9369091326986365555944867893,55.95844252734847343932889371,59.887242972750138720418300162,713348800
9.02,2,0.0949476494196548049434230371,0.0994410340691208,0.0967001555482862,0.0950634342936888,0.0923208850859781,0.123794431109641,0.1270938056467110483974956892,0.1229817426941592283974956892,0.00411206295255182,4.9350675742755345555944867897,55.943366091133874499272688768,59.877586017574413153863163155,714140500
9.03,2,0.0948924187970659120036762684,0.0993835302905442,0.0966482754795107,0.095008136319557,0.0922712142495476,0.123732033980322,0.1270296359397484175427364231,0.1229175729871965975427364231,0.00411206295255182,4.9332292475847595555944867898,55.928259498313534356792171583,59.867908281868943681354732034,714932200
9.04,2,0.0948373071790597388448268177,0.0993261493980933,0.0965965010100491,0.0949529574951293,0.0922216452654724,0.12366974237202,0.1269655753748853120495188162,0.1228535124223334920495188162,0.00411206295255182,4.9313940475848195555944867888,55.913177263592261012030048458,59.858250058414659462480076143,715724000
9.05,2,0.0947823256651062702936799532,0.0992689024148689,0.0965448432336729,0.094897908933411,0.0921721893174714,0.123607553513766,0.1269016215700063447131634172,0.1227895586174545247131634172,0.00411206295255182,4.9295619060331355555944867902,55.898122540930492474397524115,59.848613712156688489250926744,716515700
9.06,2,0.0947274730603755365426734118,0.0992117884057304,0.0964933012855513,0.0948429894381152,0.0921228452796106,0.123545474902229,0.1268377819870341498593073765,0.1227257190344823298593073765,0.00411206295255182,4.9277330366980445555944867889,55.883056451089951679032594869,59.838970386156955230213409665,717307500
9.07,2,0.0946727409025006548271026687,0.0991547988137293,0.096441866678689,0.0947881905365553,0.092073604749199,0.12348350426992,0.1267740540636677125156490864,0.1226619911111158925156490864,0.00411206295255182,4.9259073661750295555944867898,55.868005464677376726513210091,59.829339649969458040085772346,718099100
9.08,2,0.0946181357551600810321620112,0.0990979401199028,0.0963905459637202,0.094733518800414,0.0920244743675588,0.12342163890395,0.1267104353172834396560816934,0.1225983723647316196560816934,0.00411206295255182,4.92408482334216355559448679,55.85299081926386264406585698,59.81973720365659119974937311,718890900
9.09,2,0.0945636494030882203553422711,0.0990412039204984,0.0963393308061361,0.0946789660044075,0.0919754459786922,0.123359873834797,0.1266469204905185279484406380,0.1225348575379667079484406380,0.00411206295255182,4.9222652575870965555944867892,55.837963778185117252358975434,59.810127226047142903955018844,719682600
9.10,2,0.0945092914855150252673599320,0.0989846000610064,0.0962882311203197,0.0946245417995204,0.0919265293025184,0.123298214461511,0.1265835153251400812835882497,0.1224714523725882612835882497,0.00411206295255182,4.9204488333993395555944867892,55.822942500061244362761196703,59.800522962563625380116645687,720474400
9.11,2,0.0944533008838395564346694787,0.0989263668178247,0.0962354852512124,0.0945684829195379,0.0918759611414078,0.123236735734274,0.1265202332447984022878756690,0.1224081702922465822878756690,0.00411206295255182,4.9186359353381465555944867898,55.807942587572390228318964004,59.790935588963848194621919872,721266000
9.12,2,0.0943971569034857196591572357,0.0988679833191425,0.0961825723951998,0.0945122704738378,0.0918252226729764,0.123175355064026,0.1264570433339522581981916288,0.1223449803814004381981916288,0.00411206295255182,4.9168256777385005555944867894,55.792971216184074826249046411,59.781371093978529210530083847,722057800
9.13,2,0.0943411405952772251204203621,0.0988097317530168,0.0961297748081906,0.0944561858559741,0.0917745953586711,0.123114090288244,0.1263939732698023342398477784,0.1222819103172505142398477784,0.00411206295255182,4.9150188534937955555944867898,55.77800161823476910875727834,59.771809098475770827132318149,722849600
9.14,2,0.0942852595084350396609289196,0.0987516191904772,0.0960770996287232,0.0944002366243739,0.0917240868244689,0.123052927315398,0.1263310092185352721528032217,0.1222189462659834521528032217,0.00411206295255182,4.9132150662944715555944867897,55.763027399615933167241617231,59.762245204548865402736174188,723641300
9.15,2,0.0942295162877071869920711205,0.0986936482179358,0.096024549510378,0.0943444254270102,0.0916736997855522,0.122991864334048,0.1262681494624207812176843789,0.1221560865098689612176843789,0.00411206295255182,4.9114142669311805555944867902,55.748068375632920080408973423,59.752694039496554825897964728,724433000
9.16,2,0.0941738966522405673353157894,0.0986358047634922,0.0959721104480839,0.094288737965615,0.091623420010523,0.122930908073758,0.1262054002381567654818496323,0.1220933372856049454818496323,0.00411206295255182,4.9096166340721565555944867897,55.733148191539237584964710008,59.743172857535551484822184028,725224800
9.17,2,0.0941184131756425688202001062,0.0985781011757076,0.0959197948568952,0.0942331868291287,0.0915732601548551,0.122870051428911,0.1261427548777310389383520375,0.1220306919251792189383520375,0.00411206295255182,4.9078219766929215555944867898,55.718220051987725086284234134,59.73364733845890372243501528,726016500
9.18,2,0.0940630649631937744049005343,0.0985205369054235,0.0958676022538112,0.0941777711217409,0.0915232193889366,0.122809304339634,0.1260802232983603814070721431,0.1219681603458085614070721431,0.00411206295255182,4.9060305789008085555944867891,55.703294089974886357872360346,59.724124703706384163336015219,726808300
9.19,2,0.0940078511154288935534580904,0.098463110772282,0.0958155315243,0.0941224899428894,0.0914732968780711,0.122748658807057,0.1260177974671500507035318588,0.1219057345145982307035318588,0.00411206295255182,4.90424221057033455559448679,55.688391617900909848051534031,59.714620820832941182280870252,727599900
9.20,2,0.0939527509032904735316435174,0.0984058017184174,0.0957635616759909,0.0940673225382385,0.091423471933458,0.122688106499195,0.1259554683245679763812435811,0.1218434053720161563812435811,0.00411206295255182,4.9024566121650235555944867893,55.673516725645758850488541227,59.705138898356760787149350648,728391700
9.21,2,0.0938977946673231888965354317,0.0983486408929078,0.0957117239231284,0.0940122992853319,0.0913737749978471,0.122627668977382,0.1258932585081758954936052464,0.1217811955556240754936052464,0.00411206295255182,4.9006744322032485555944867894,55.658629614290496301557654933,59.695649097359386214725509663,729183400
9.22,2,0.0938429621331034615685046266,0.0982916073738133,0.0956599974086125,0.0939573998850222,0.0913241858369704,0.122567328759238,0.1258311498183390555034462748,0.1217190868657872355034462748,0.00411206295255182,4.8988951493038795555944867893,55.643763019080929491938994848,59.686175929369883082994907507,729975200
9.23,2,0.0937882631005726439349658113,0.0982347112864511,0.0956083923222755,0.0939026341492014,0.0912747143272743,0.122507094646564,0.1257691514071192043492848716,0.1216570884545673843492848716,0.00411206295255182,4.89711902565417255559448679,55.628895981587058098761183812,59.676703743850945298427199454,730766800
9.24,2,0.0937336961507880645725983124,0.0981779508087041,0.0955569069061928,0.0938480006571965,0.0912253591123174,0.122446955166064,0.1257072517468569993531560458,0.1215951887943051793531560458,0.00411206295255182,4.8953457310110135555944867895,55.614050524312236319296622684,59.667249006133653046216900945,731558600
9.25,2,0.0936792520124736708628069533,0.0981213168865477,0.0955055321702111,0.0937934901264255,0.0911761109734281,0.122386917022557,0.1256454572245356199034041925,0.1215333942719837999034041925,0.00411206295255182,4.89357544834799255559448679,55.599239717449057871718837359,59.657821164424499885737788656,732350300
9.26,2,0.0936249396486123217651749822,0.0980648186603268,0.0954542773182286,0.0937391115308012,0.091126978948111,0.122326984823182,0.1255837727656996418542161590,0.1214717098131478218542161590,0.00411206295255182,4.8918083187715675555944867888,55.584415995967359978935885226,59.648385101145221470242196908,733142100
9.27,2,0.0935707483230561384479234284,0.0980084451581089,0.095403131441548,0.0936848541210834,0.0910779523503999,0.122267152376281,0.1255221918017540447980657078,0.1214101288492022247980657078,0.00411206295255182,4.89004415410535255559448679,55.569600667820301220560491863,59.638956636586755642018482754,733933800
9.28,2,0.0935166900869449922488402116,0.0979522085520444,0.0953521067752405,0.093630729963108,0.0910290433090897,0.122207422513499,0.1254607175896165561112249856,0.1213486546370647361112249856,0.00411206295255182,4.8882830476531675555944867894,55.554800738691763154163063135,59.629540833347388213911877651,734725500
9.29,2,0.0934627615865424667322659684,0.0978961052425547,0.095301199782335,0.0935767356990488,0.0909802485289998,0.122147788368378,0.1253993431435752193203420301,0.1212872801910233993203420301,0.00411206295255182,4.886524799289106555594486789,55.540004122821548149689638808,59.620128960369523237633045721,735517200
9.30,2,0.0934089544091081492641967517,0.0978401271832339,0.0952504024787216,0.0935228629059062,0.0909315596494648,0.122088260869998,0.1253380791074082530419351109,0.1212260161548564330419351109,0.00411206295255182,4.8847697139349545555944867888,55.525260413697412968888441954,59.610757208764580405176790255,736309000
9.31,2,0.0933552762895405843378042794,0.0977842818121815,0.0951997223644864,0.0934691193280114,0.09088298447684,0.122028831111686,0.1252769168416198653219831849,0.1211648538890680453219831849,0.00411206295255182,4.88301754408738855559448679,55.510496000272566647106689915,59.601371659025446229975653937,737100700
9.32,2,0.0933017201939414729608915125,0.0977285622565737,0.0951491526284846,0.0934154979228883,0.0908345160303661,0.121969504072426,0.1252158610844547629632417353,0.1211037981319029429632417353,0.00411206295255182,4.8812684254871205555944867897,55.495746492988777261490215733,59.591998364614134711916730118,737892400
9.33,2,0.0932482923250370730071144851,0.0976729743193758,0.0950986991350544,0.0933620049008273,0.0907861605817437,0.121910267977405,0.1251549002729346667587829908,0.1210428373203828467587829908,0.00411206295255182,4.8795220268792235555944867891,55.480999729307976568954284342,59.582628654129709333990065956,738684200
9.34,2,0.0931949838806355022622650264,0.0976175097621904,0.0950483537068674,0.0933086314489026,0.0907379093791533,0.121851139430664,0.1250940507156018801892087480,0.1209819877630500601892087480,0.00411206295255182,4.87777881546901955559448679,55.466270487096650462099127772,59.573272983327859101414116212,739475900
9.35,2,0.0931418040674604883191401076,0.0975621772651487,0.0949981250848218,0.093255386785065,0.0906897717013497,0.121792102868041,0.1250332971628273481074523497,0.1209212342102755281074523497,0.00411206295255182,4.8760383543868165555944867893,55.451554997192401116947627091,59.563928937557475941878415661,740267600
9.36,2,0.0930887441566350713445870360,0.097506968605565,0.0949480051066981,0.0932022621697932,0.0906417388693146,0.12173317324021,0.1249726542713230157320336856,0.1208605913187711957320336856,0.00411206295255182,4.8743010635164825555944867894,55.436848666018870645077315816,59.554592776726228703083223064,741059300
9.37,2,0.0930358105865624266694336933,0.0974518900784081,0.0948980001276327,0.0931492640493417,0.090593817389507,0.121674346100292,0.1249121178187066054161062052,0.1208000548661547854161062052,0.00411206295255182,4.8725668218956755555944867888,55.422184245041518922616268311,59.545288644396073000417587031,741851100
9.38,2,0.0929830060991372573018268457,0.0973969438100522,0.0948481123338708,0.0930963951689488,0.0905460100670725,0.121615603676331,0.1248516701201490667294957743,0.1207396071675972467294957743,0.00411206295255182,4.8708351228913625555944867899,55.407501430899911656084200955,59.5359726675795873954763964,742642800
9.39,2,0.0929303182906129031056343902,0.0973421178567483,0.094798329841239,0.093043643109742,0.0904983045427504,0.121556959788777,0.1247913245729297546853003241,0.1206792616203779346853003241,0.00411206295255182,4.86910635030732555559448679,55.392832987192378492175748712,59.526668574784589060310346381,743434600
9.40,2,0.0928777492777088628063698961,0.097287414688528,0.094748655179051,0.092991009991022,0.0904507029951599,0.121498424442182,0.1247310912637772016711858752,0.1206190283112253816711858752,0.00411206295255182,4.8673807931070515555944867892,55.378182127060127074089360019,59.517378466811191540886339316,744226200
9.41,2,0.0928253052056514978241266225,0.0972328399532187,0.0946990940541249,0.0929385019655091,0.0904032116360478,0.121439983068852,0.1246709558330371191519454956,0.1205588928804852991519454956,0.00411206295255182,4.8656580399167475555944867888,55.363537735693265650959750648,59.508094520958463704616675299,745018000
9.42,2,0.0927729892722403545076783021,0.0971783972412046,0.0946496501155452,0.0928861222349024,0.0903558337258495,0.121381646741334,0.1246109294738617680819439997,0.1204988665213099480819439997,0.00411206295255182,4.8639384113966055555944867899,55.348908863408783112770352432,59.498823096434174458125726623,745809700
9.43,2,0.0927207878465111750186453823,0.0971240722823899,0.0946003091516289,0.0928338571516152,0.0903085556754262,0.121323397869485,0.1245509941108438008129663537,0.1204389311582919808129663537,0.00411206295255182,4.8622213897243485555944867892,55.334284925206347925641957959,59.489556854498065345337654857,746601500
9.44,2,0.0926687149063150688746593525,0.0970698794613971,0.0945510856051239,0.092781720710544,0.0902613915378358,0.121265247367279,0.1244911611553544135552489302,0.1203790982028025935552489302,0.00411206295255182,4.8605073018116805555944867894,55.319680206738213080391161249,59.480305989086267845764638931,747393200
9.45,2,0.0926167451216754562238217058,0.0970157935137489,0.0945019542693937,0.0927296875508235,0.0902143160100887,0.121207198435566,0.1244314329265923872531984562,0.1203193699740405672531984562,0.00411206295255182,4.8587962140987525555944867895,55.305113173496646702450717929,59.471083976835453888526750978,748184900
9.46,2,0.0925649121689074438206315270,0.0969618476299162,0.094452948392467,0.0926777913898355,0.0901673628671599,0.12114923539504,0.1243717949151444446132683576,0.1202597319625926246132683576,0.00411206295255182,4.8570877109214925555944867893,55.290525279066829181916494522,59.461848207882458877683954768,748976600
9.47,2,0.0925131929481480177610923129,0.096908019649693,0.0944040458714138,0.0926260090995478,0.0901205090383277,0.121091386362323,0.1243122744491234293133291547,0.1202002114965716093133291547,0.00411206295255182,4.8553825751726645555944867891,55.275960303403689866137650776,59.452630119068119794288278974,749768400
9.48,2,0.0924615898379984597123464429,0.0968543106874097,0.0943552478775608,0.0925743430614622,0.0900737569621252,0.121033615006814,0.1242528352609376677723235899,0.1201407723083858477723235899,0.00411206295255182,4.8536797678623005555944867897,55.261394007316741421396055554,59.443412812466711496813446765,750560100
9.49,2,0.0924101086676421567500755096,0.0968007277887964,0.0943065615133559,0.0925227991118706,0.0900271125315965,0.120975955858437,0.1241935121073486688427732707,0.1200814491547968488427732707,0.00411206295255182,4.8519802846982725555944867899,55.246849530614414889713920408,59.434212391335857814686987291,751351800
9.50,2,0.0923587434852319326734884018,0.0967472638086172,0.0942579796900041,0.0924713712916678,0.089980569844112,0.120918375052896,0.1241342708972947068698197103,0.1200222079447428868698197103,0.00411206295255182,4.850283149043602555594486789,55.232309131460772790396192486,59.425016675572219185390128896,752143600
9.51,2,0.0923075007493793934674273911,0.0966939263202196,0.0942095100370195,0.0924200660673413,0.0899341354223599,0.120860904171679,0.1240751434592912763256096630,0.1199630805067394563256096630,0.00411206295255182,4.8485892727180935555944867897,55.217789008623842723962529109,59.415836743875458735804650097,752935300
9.52,2,0.0922563722153328446984144548,0.0966407065514922,0.0941611438381831,0.0923688751840854,0.0898878010674609,0.12080352854323,0.1240161148265282685493543263,0.1199040518739764485493543263,0.00411206295255182,4.8468982269542195555944867897,55.203282883084588863718184505,59.406668350051881148741211799,753727000
9.53,2,0.0922053664192161074586404884,0.0965876125796086,0.0941128892262898,0.0923178071884332,0.0898415753816032,0.12074623457573,0.1239571716992966914326711951,0.1198451087467448714326711951,0.00411206295255182,4.8452096307433835555944867894,55.188785432412982608077058353,59.397507912257197682562761261,754518700
9.54,2,0.0921544627049447655338353874,0.096534624873261,0.0940647267253819,0.0922668413991113,0.0897954377388975,0.12068905555894,0.1238983466673763135473535268,0.1197862837148244935473535268,0.00411206295255182,4.8435244177140035555944867897,55.174300040531300217096703716,59.388357089150519617389527579,755310500
9.55,2,0.0921036921703813774283154993,0.09648177357615,0.0940166865342423,0.0922160089519046,0.0897494193302444,0.120631962537884,0.1238396118473544022815579873,0.1197275488948025822815579873,0.00411206295255182,4.84184178906514555559448679,55.159825977569947883831258258,59.379216028312449937963621787,756102200
9.56,2,0.0920530227211721701213257135,0.0964290265527361,0.0939687365721461,0.0921652777133217,0.0897034880770006,0.120574956012891,0.1237809666196519537071771448,0.1196689036671001337071771448,0.00411206295255182,4.840161727047178555594486789,55.14536280796660389205837593,59.370084415951780290164018464,756894000
9.57,2,0.0920024864086354430260271519,0.0963764165366724,0.0939209096272956,0.0921146797737661,0.089657676124152,0.120518053842173,0.1237224299758952838872591393,0.1196103670233434638872591393,0.00411206295255182,4.8384847757301195555944867898,55.130916377472424637815365973,59.360966048674955951497070504,757685600
9.58,2,0.0919520504100260815176630163,0.0963239101808187,0.0938731724068357,0.0920641822704667,0.0896119506632457,0.12046124272694,0.1236639874634904489532729693,0.1195519245109386289532729693,0.00411206295255182,4.8368105210776505555944867899,55.116502765185458578185643588,59.351873052224062293808747777,758477400
9.59,2,0.0919017350695057469736045185,0.0962715280140869,0.093825545493701,0.0920138055723941,0.0895663321173079,0.120404526889885,0.1236056440208930979010335386,0.1194935810683412779010335386,0.00411206295255182,4.8351391045661045555944867893,55.102083402331841613502226918,59.342777039823070783913570241,759269200
9.60,2,0.0918515317114646710371067397,0.0962192611756979,0.093778020080874,0.0919635409933589,0.0895208118539435,0.120347901481155,0.1235473944938433793121586201,0.1194353315412915593121586201,0.00411206295255182,4.8334703785368135555944867898,55.087666536491086702442414433,59.33368417404239242927334324,760060900
9.61,2,0.0918014482459286712820603154,0.0961671175855998,0.0937306041418047,0.0919133964530329,0.0894753978463592,0.120291366368549,0.1234892390284914646506391803,0.1193771760759396446506391803,0.00411206295255182,4.8318043471766715555944867894,55.073260051315028792768311288,59.324600215157274473452376746,760852600
9.62,2,0.0917514752905652139480982567,0.0961150882169153,0.0936832887028602,0.0918633625576422,0.0894300807540574,0.120234932220729,0.1234311879738239815372998893,0.1193191250212721615372998893,0.00411206295255182,4.8301413069623065555944867902,55.058872967869813414226937757,59.315531495587930199190879042,761644400
9.63,2,0.0917016226838567013877035579,0.0960631826752722,0.0936360834226557,0.0918134491576668,0.0893848704805382,0.120178591852248,0.1233732344858526758204567712,0.1192611715333008558204567712,0.00411206295255182,4.8284810618278975555944867893,55.044501069724855845480932331,59.306475087841581865983593141,762436100
9.64,2,0.0916518681185416186436658512,0.0960113781251959,0.0935889655184492,0.0917636339186425,0.0893397447441019,0.120122331304057,0.1233153638189244613579998373,0.1192033008663726413579998373,0.00411206295255182,4.8268231893416005555944867893,55.030135350873579678463950631,59.297424761735588786987787853,763227800
9.65,2,0.0916022345760921116573096678,0.0959596984765956,0.0935419589526289,0.0917139398500662,0.0892947266067566,0.120066175957123,0.1232576021748225193564999622,0.1191455392222706993564999622,0.00411206295255182,4.8251684401292115555944867895,55.015778062803347577236193537,59.288381492305811200247338376,764019500
9.66,2,0.0915527183214452040741273333,0.0959081395021043,0.0934950595500547,0.0916643632123204,0.0892498123811434,0.12001011190758,0.1231999355124375248907260064,0.1190878725598857048907260064,0.00411206295255182,4.8235164119425785555944867899,55.001444870711222603403128304,59.279357086955257047334238061,764811300
9.67,2,0.0915033115519125247164172189,0.0958566932432908,0.0934482594042715,0.0916148961932016,0.0892049943070666,0.119954135102563,0.1231423595054448846561799738,0.1190302965528930646561799738,0.00411206295255182,4.8218669808416315555944867901,54.987111649818346549033069074,59.270333991270926936780419891,765603000
9.68,2,0.0914540128957840407492124037,0.0958053587469434,0.0934015576137947,0.0915655374193269,0.089160271062902,0.119898257596366,0.1230848861693322986292571816,0.1189728232167804786292571816,0.00411206295255182,4.820220491044737555594486789,54.972796325890228597091181921,59.261325004978309039373573403,766394800
9.69,2,0.0914048227640620241061530138,0.0957541356827021,0.0933549538997435,0.0915162873021998,0.0891156431116636,0.119842458135819,0.1230274942541441793831113378,0.1189154313015923593831113378,0.00411206295255182,4.8185763337855115555944867891,54.958496630047602231272585999,59.252328997410161640865764309,767186400
9.70,2,0.0913557503539549837682405583,0.0957030341095362,0.0933084583723202,0.0914671550502446,0.0890711197130398,0.119786760914823,0.1229702082918834064503406035,0.1188581453393315864503406035,0.00411206295255182,4.8169352118540675555944867895,54.944205968078030417761969313,59.24334050826782577476607226,767978200
9.71,2,0.0913067854362263545800029906,0.0956520435211866,0.0932620605762532,0.0914181304217505,0.0890266906763387,0.119731158534689,0.1229130205234870300286204193,0.1188009575709352100286204193,0.00411206295255182,4.8152969029696255555944867896,54.929927445080752490027857662,59.234361995285920665098820005,768769900
9.72,2,0.0912579363596223460911904109,0.095601171965646,0.0932157686102798,0.0913692217756446,0.0889823644112627,0.119675641943747,0.1228559221854381162859748857,0.1187438592328862962859748857,0.00411206295255182,4.8136611560759185555944867888,54.915664162433926753281262495,59.225395939346024217643427794,769561700
9.73,2,0.0912091861102462645818225190,0.0955504024273475,0.0931695655093351,0.0913204120772825,0.0889381239337003,0.119620211983881,0.1227989135270372964624165870,0.1186868505744854764624165870,0.00411206295255182,4.8120279783148835555944867901,54.901407630936444555314085052,59.216436116543473974232408137,770353300
9.74,2,0.0911605515266606470147685715,0.0954997521779306,0.0931234685953201,0.0912717181857606,0.0888939861530399,0.11956488017275,0.1227420066634515496808260554,0.1186299437108997296808260554,0.00411206295255182,4.8103977167604885555944867899,54.887160185099014315756105661,59.207483912627449992959028897,771145100
9.75,2,0.0911120330360819225278504236,0.0954492210152368,0.0930774777160978,0.0912231405288165,0.0888499515470713,0.119509628463274,0.1226851835532864000360986404,0.1185731206007345800360986404,0.00411206295255182,4.8087698545648535555944867892,54.872932177956228951861810657,59.198547348298560574950978277,771936800
9.76,2,0.0910636208354907886251308942,0.0953988000553645,0.0930315840375509,0.0911746692914764,0.0888060103506351,0.119454483687458,0.1226284707038950750591150003,0.1185164077513432550591150003,0.00411206295255182,4.8071451511077115555944867888,54.858715409425355097826642394,59.189619735030539624894700236,772728600
9.77,2,0.0910153034181438587756056881,0.0953484768309556,0.0929857751418685,0.0911262929529648,0.0887621510925333,0.119399418938087,0.1225718407910774450957105434,0.1184597778385256250957105434,0.00411206295255182,4.8055228236083895555944867899,54.844511727733540984225811142,59.18070311691438654985311858,773520300
9.78,2,0.0909671135619947068221358394,0.0952982844991775,0.0929400842355295,0.0910780443312069,0.0887184066400327,0.119344443355227,0.1225153041082218715929746406,0.1184032411556700515929746406,0.00411206295255182,4.8039031669507425555944867896,54.830314448195664388776614451,59.171792333555123090510216306,774312000
9.79,2,0.0909190170458186746567315615,0.0952481887436234,0.0928944770512051,0.0910298891632464,0.088674742779285,0.119289556004599,0.1224588585257055963486278149,0.1183467955731537763486278149,0.00411206295255182,4.8022861201255725555944867894,54.816135084881982294483134403,59.162895842091312179056575823,775103700
9.80,2,0.0908710355758987343907762818,0.0951982117325527,0.0928489758059998,0.0909818491818364,0.0886311812919179,0.119234768976427,0.1224025169017539242786237665,0.1182904539492021042786237665,0.00411206295255182,4.8006720514939005555944867888,54.801968571111271010601416192,59.154009595431685373816608426,775895500
9.81,2,0.0908231590059548588469587438,0.095148342221475,0.092803569304037,0.0909339142283237,0.0885877120679218,0.119180051352019,0.1223462479457786962560425123,0.1182341849932268762560425123,0.00411206295255182,4.79906006464640655559448679,54.787776641065797187389815535,59.14510644782746914903434001,776687200
9.82,2,0.0907753871776924681920863182,0.0950985814128491,0.092758258796159,0.0908860841442208,0.0885443349972223,0.119125442104856,0.1222900906511739630569355156,0.1181780276986221430569355156,0.00411206295255182,4.7974512766615445555944867896,54.773641969992320504584568544,59.136245758991353660842037116,777478900
9.83,2,0.0907277185318104419003680657,0.0950489268189977,0.0927130418428436,0.0908383573683251,0.0885010485668011,0.119070914729742,0.1222340184437498813901701284,0.1181219554911980613901701284,0.00411206295255182,4.7958449262448535555944867892,54.759508318114144072076488111,59.127387132649459256137604381,778270700
9.84,2,0.0906801641916220141175226858,0.0949993898973817,0.0926679299494791,0.0907907450375143,0.0884578639614926,0.119016478210912,0.1221780407038024620166102977,0.1180659777512506420166102977,0.00411206295255182,4.79424128212201955559448679,54.7453864158750071127573981,59.118538150681754196782265904,779062400
9.85,2,0.0906327125278222050504171096,0.0949499588034157,0.0926229113191815,0.0907432355083018,0.0884147695855405,0.118962126991221,0.1221221514658673216136072131,0.1180100885133155016136072131,0.00411206295255182,4.7926401733950765555944867895,54.731278299260548515482058644,59.109700444403307800682541973,779854100
9.86,2,0.0905853646636253832140534016,0.0949006345906252,0.0925779870529526,0.0906958299052718,0.0883717666110344,0.118907859014529,0.1220663487134792862738928257,0.1179542857609274662738928257,0.00411206295255182,4.7910415422965525555944867897,54.717179811330161544336473164,59.100871021668350259609645174,780645800
9.87,2,0.0905381193246245823691502404,0.0948514163026392,0.0925331562416742,0.0906485269524632,0.0883288538092948,0.118853683453318,0.1220106415818053516832652663,0.1178985786292535316832652663,0.00411206295255182,4.7894456505297045555944867899,54.703101462117701417404620619,59.092057303377304038742514811,781437600
9.88,2,0.0904909870769052223788370991,0.0948023145368529,0.0924884295297719,0.0906013372288463,0.0882860418063511,0.118799600648908,0.1219550307834443924355776957,0.1178429678308925724355776957,0.00411206295255182,4.7878525185089865555944867895,54.689022800747490301659419988,59.08324433407066198758507537,782229300
9.89,2,0.0904439557805841470951744415,0.0947533168626216,0.0924437945334102,0.0905542485797339,0.0882433184943537,0.11874560290944,0.1218995081990321210830961348,0.1177874452464803010830961348,0.00411206295255182,4.7862619136317455555944867891,54.674965416811899861065295383,59.074448071754881669239680166,783021100
9.90,2,0.0903970284269901541796141552,0.0947044262741004,0.0923992542933335,0.0905072640001027,0.0882006869148971,0.118691690157479,0.1218440738573011949697024407,0.1177320109047493749697024407,0.00411206295255182,4.7846738367211115555944867897,54.660923434129653150058941134,59.065664215911793551558281202,783812700
9.91,2,0.0903502023965988252389312596,0.0946556403064807,0.0923548063911042,0.0904603808672337,0.0881581444916616,0.118637866959148,0.1217887322371905548144969757,0.1176766692846387348144969757,0.00411206295255182,4.7830884160892335555944867889,54.646881641765025462424271994,59.05688154140784225460781322,784604500
9.92,2,0.0903034867390002671530981072,0.09460696814306,0.0923104600561731,0.0904136082417527,0.0881157003314542,0.118584136667543,0.1217334870118576615775252607,0.1176214240593058415775252607,0.00411206295255182,4.7815057569643215555944867892,54.632860128860423622345608612,59.048114595380341471242913761,785396200
9.93,2,0.0902568629111922279875061632,0.0945583903986543,0.0922661959492931,0.090366927558045,0.0880733359146254,0.118530476135723,0.1216783143735322817018908214,0.1175662514209804617018908214,0.00411206295255182,4.779925177303998555594486789,54.618844955263043338479813646,59.03935382890821093137631391,786188000
9.94,2,0.0902103511092748335595486128,0.0945099285762816,0.0922220356192047,0.090320359036839,0.0880310715076538,0.118476921729113,0.1216232514175255194672335273,0.1175111884649736994672335273,0.00411206295255182,4.778347739810647555594486789,54.604823565451359191104735558,59.030589095518695792212495972,786979600
9.95,2,0.0901639388484872402740792746,0.0944615690938748,0.0921779655293488,0.0902738901781493,0.0879888946560898,0.118423442677545,0.1215682669199953536384619994,0.1174562039674435336384619994,0.00411206295255182,4.7767725499870845555944867897,54.590835838448990966622080184,59.021850292026203331387294031,787771400
9.96,2,0.0901176269210530953254040680,0.0944133132996352,0.0921339870732228,0.0902275217751656,0.0879468061984467,0.118370054859044,0.1215133767979264164216730360,0.1174013138453745964216730360,0.00411206295255182,4.7752000638213305555944867892,54.57687273029181911556046818,59.013130386730508123807781949,788563100
9.97,2,0.0900714251199562821212119347,0.0943651705921472,0.0920901096944954,0.0901812636328138,0.0879048159847623,0.118316746464792,0.1214585695792735487154151339,0.1173465066267217287154151339,0.00411206295255182,4.7736299526635005555944867894,54.562905381194954872533498008,59.00440863475711895115214603,789354900
9.98,2,0.0900253242389376595443892781,0.0943171322452197,0.0920463247118495,0.0901351065336083,0.0878629148424524,0.118263531722947,0.1214038591805536174896167526,0.1172917962280017974896167526,0.00411206295255182,4.7720626151924355555944867897,54.548959106152829246980077527,58.995703109155960952690553145,790146600
9.99,2,0.0899793109258692483831876749,0.09426918435096,0.0920026182620577,0.0900890371091386,0.0878210894477989,0.118210395416547,0.1213492299102556311760623642,0.1172371669577038111760623642,0.00411206295255182,4.7704976018794585555944867889,54.535018173901720452744250167,58.987002751695930428218167519,790938300
10.00,2,0.0899334083222619547956839152,0.0942213508305538,0.0919590143107628,0.0900430785291358,0.0877793630150172,0.118157358658453,0.1212947037047666793861508307,0.1171826407522148593861508307,0.00411206295255182,4.7689355411557685555944867898,54.521096209987856719322817313,58.978316895306122676057457779,791730000
10.01,2,0.0899210992525086444076591771,0.0942071336744566,0.0919490148926711,0.0900307544489625,0.0877712592437475,0.118103215887777,0.1212402449417453375830610087,0.1171281819891935175830610087,0.00411206295255182,4.7673754125164555555944867894,54.507176847863309330759089276,58.96963455723126800295572549,792521900
10.02,2,0.0899069021873574274076591771,0.0941910309771335,0.0919371181462924,0.0900165400710562,0.087761253380499,0.118049242732523,0.1211858894750182481104795424,0.1170738265224664281104795424,0.00411206295255182,4.76581824309799255559448679,54.493249893509265828061899664,58.96094734315678195493539142,793313600
10.03,2,0.0898927492065473764076591771,0.0941749754069037,0.0919252567837865,0.0900023698312502,0.0877512799049723,0.117995354810481,0.1211316204244604485500310391,0.1170195574719086285500310391,0.00411206295255182,4.7642635493204205555944867892,54.479360834522719042606595038,58.952288831971764825184136737,794105200
10.04,2,0.0898786185479856774076591771,0.0941589447978878,0.091913408682911,0.0899882219409136,0.0877413170722002,0.11794154169746,0.1210774266001766368644973037,0.1169653636476248168644973037,0.00411206295255182,4.7627110106168525555944867893,54.465484056583640024781880253,58.943640653396710957241418931,794897000
10.05,2,0.0898645310734461584076591771,0.0941429610945521,0.0919015958315678,0.0899741172872604,0.0877313858128584,0.117887833303107,0.1210233386609596059665266545,0.1169112757084077859665266545,0.00411206295255182,4.7611615052970045555944867895,54.451622708390537021714885885,58.935004264231336713954839763,795688800
10.06,2,0.0898504756969712214076591771,0.0941270120575367,0.0918898060336304,0.089960044770814,0.0877214750707306,0.11783419717766,0.1209693237511770213632699014,0.1168572607986252013632699014,0.00411206295255182,4.75961409211634355559448679,54.437762669598933849733782038,58.926370257436773912195733391,796480500
10.07,2,0.0898364434059651164076591771,0.0941110894799204,0.091878031125212,0.0899459953679884,0.087711575865291,0.11778065686335,0.1209154051138023327121889178,0.1168033421612505127121889178,0.00411206295255182,4.75806943693701055559448679,54.423929308191383196539587874,58.917756466688593817591283517,797272200
10.08,2,0.0898224632611936814076591771,0.0940952220565157,0.0918662998439604,0.0899319981749876,0.0877017173356051,0.117727200356452,0.1208615717553530644641049480,0.1167495088028012444641049480,0.00411206295255182,4.7565272248189315555944867896,54.410098346088410975137043792,58.909145501709727981885945752,798063900
10.09,2,0.0898084962996028124076591771,0.0940793706012134,0.0918545730464037,0.0899180141812438,0.0876918605137685,0.117673823309564,0.1208078179649870432388825576,0.1166957550124352232388825576,0.00411206295255182,4.7549872921585295555944867891,54.396246105961957915025334718,58.900520276444762663147690494,798855700
10.10,2,0.0897945821895403164076591771,0.0940635754284723,0.0918428910894416,0.0899040831034786,0.0876820451589696,0.117620542144896,0.1207541615633462548369748291,0.1166420986107944348369748291,0.00411206295255182,4.7534501494795915555944867893,54.382447560297833108683549734,58.891934867547244712892015224,799647400
10.11,2,0.0897806900417559854076591771,0.0940478048720539,0.091831222349081,0.0898901740147738,0.0876722403865612,0.117567336229446,0.1207005808263366284935581105,0.1165885178737848084935581105,0.00411206295255182,4.751915174432665555594486789,54.368656113296132493197443004,58.883355937371426437803130035,800439100
10.12,2,0.0897668400387949714076591771,0.0940320798516754,0.09181958778709,0.0898763071222862,0.0876624664457766,0.117514225614084,0.1206470965241686773281498675,0.1165350335716168573281498675,0.00411206295255182,4.7503829620404525555944867899,54.354880271378989189315403719,58.874789101131016567271235526,801230800
10.13,2,0.0897530119726928734076591771,0.094016379931051,0.09180796700904,0.0898624621934087,0.0876527031458916,0.117461204817918,0.1205937024675336422369567260,0.1164816395149818222369567260,0.00411206295255182,4.7488533349923175555944867899,54.341109612475058246463295068,58.866226933314588604221382028,802022600
10.14,2,0.0897392277578944144076591771,0.0940007263864959,0.0917963813329115,0.0898486611693097,0.0876429724697653,0.1174082544176,0.1205403799889031103150514986,0.1164283170363512903150514986,0.00411206295255182,4.7473257585029645555944867901,54.327359185720963973119988204,58.857680882069627341372751041,802814300
10.15,2,0.0897254743822041554076591771,0.0939851069466861,0.0917848185288544,0.0898348910219259,0.0876332614308333,0.117355396309271,0.1204871505442635162928701109,0.1163750875917116962928701109,0.00411206295255182,4.74580084724112755559448679,54.313581261784905062993933757,58.849115634877950015502784283,803606000
10.16,2,0.0897117529067862534076591771,0.0939695225411483,0.0917732795676786,0.0898211528137157,0.0876235711328627,0.117302626666274,0.1204340103431693536141708722,0.1163219473906175336141708722,0.00411206295255182,4.7442784926185415555944867901,54.299853028838443138540909968,58.840587428420296448243093156,804397800
10.17,2,0.0896980541729197834076591771,0.0939539634465982,0.0917617547671946,0.0898074373747893,0.0876138924470833,0.11724992980009,0.1203809433687560678755625010,0.1162688804162042478755625010,0.00411206295255182,4.742758235785836555594486789,54.286134913841713194983104424,58.832067906681514343529391719,805189500
10.18,2,0.0896844062418651444076591771,0.0939384584616857,0.0917502729669582,0.0897937728006267,0.0876042535099062,0.117197325355035,0.1203279702598585619165538989,0.1162159073073067419165538989,0.00411206295255182,4.741240668002079555594486789,54.272426984973086389288695854,58.823556543400674774781281504,805981200
10.19,2,0.0896707820283082774076591771,0.0939229799366992,0.0917388065579774,0.0897801319728844,0.0875946272437319,0.11714479858665,0.1202750753174586943639113665,0.1161630123649068743639113665,0.00411206295255182,4.7397253395235295555944867891,54.258727294779113035038697961,58.815052344390850187871354891,806772900
10.20,2,0.0896571887854212304076591771,0.0939075357718389,0.0917273634809848,0.0897665221535795,0.0875850209511351,0.117092367641929,0.1202222769546252979597495465,0.1161102140020734779597495465,0.00411206295255182,4.7382127778457525555944867895,54.24501644941560757139995756,58.806540696422894602578405357,807564700
10.21,2,0.0896436259706617704076591771,0.0938921247120575,0.0917159425212815,0.089752942799508,0.0875754341292844,0.117040012144423,0.1201695547649286158135662091,0.1160574918123767958135662091,0.00411206295255182,4.7367023983675985555944867896,54.231349744786515719717330812,58.798062346258730175155264462,808356400
10.22,2,0.0896300959554245874076591771,0.0938767495057724,0.0917045464674486,0.0897393962849565,0.0875658691926548,0.116987742764989,0.1201169195100446952721375729,0.1160048565574928752721375729,0.00411206295255182,4.7351945093883765555944867891,54.217685636405102545809004912,58.789586788037313231153502284,809148200
10.23,2,0.0896165986827046834076591771,0.0938614100588978,0.0916931752653812,0.0897258825528505,0.087556326124177,0.116935558443363,0.1200643701284679853705263598,0.1159523071759161653705263598,0.00411206295255182,4.7336890804981925555944867897,54.20404076612524087742248806,58.781126135455803426993896631,809939800
10.24,2,0.0896031417304981404076591771,0.0938461136261118,0.091681836209556,0.0897124091904271,0.087546812550911,0.116883449522472,0.1200118972235830534297759590,0.1158998342710312334297759590,0.00411206295255182,4.7321858425038435555944867893,54.190405783676887832197803452,58.772673843682399609240908346,810731600
10.25,2,0.0895897055413854434076591771,0.0938308412213425,0.0916705103535189,0.0896989566164174,0.0875373089312297,0.116831433386944,0.1199595175082035855148057023,0.1158474545556517655148057023,0.00411206295255182,4.7306852741921735555944867898,54.176760350481485363575824284,58.764214664893131541826173772,811523300
10.26,2,0.0895763119130126534076591771,0.0938156142891887,0.0916592191813062,0.0896855466550486,0.0875278371288221,0.116779498783316,0.1199072204855051189672915159,0.1157951575329532989672915159,0.00411206295255182,4.7291870748513125555944867892,54.163150325429204229203906564,58.755782195756419743802621108,812315100
10.27,2,0.0895629387604427444076591771,0.0938004102002662,0.0916479401027922,0.0896721571944522,0.0875183750711019,0.116727631276475,0.1198549909407851153401111181,0.1157429279882332953401111181,0.00411206295255182,4.7276908086121395555944867895,54.149542828179605813558654208,58.747352964021153899111717459,813106800
10.28,2,0.0895496083342206414076591771,0.0937852524922746,0.0916366966947569,0.0896588105123066,0.0875089450748518,0.116675866558486,0.1198028653671812152964056820,0.1156908024146293952964056820,0.00411206295255182,4.7261975209260385555944867898,54.135965740332216891906399081,58.738946193042010675505007065,813898500
10.29,2,0.0895363080981908624076591771,0.0937701276581661,0.0916254754890556,0.0896454940571691,0.087499534627556,0.116624177482122,0.1197508161639750162020173327,0.1156387532114231962020173327,0.00411206295255182,4.7247064210906715555944867894,54.122388716499306196127810453,58.730540602920063000896508249,814690200
10.30,2,0.0895230283033604244076591771,0.0937550257072703,0.0916142665337449,0.0896321980681582,0.0874901340070834,0.116572557636116,0.1196988365764859937849410827,0.1155867736239341737849410827,0.00411206295255182,4.7232173155986955555944867899,54.108797103822128437018120034,58.722125738359912689644154278,815482000
10.31,2,0.0895097801259911654076591771,0.0937399590001651,0.0916030822279544,0.0896189337351646,0.0874807544419001,0.116521040347898,0.1196469603445643504253526295,0.1155348973920125304253526295,0.00411206295255182,4.7217311710256195555944867891,54.095245717644838288918414442,58.713740444332015974201755298,816273700
10.32,2,0.0894965742929316514076591771,0.0937249372581711,0.0915919323313819,0.0896057117981181,0.0874714067103364,0.11646959625951,0.1195951584687463887907091210,0.1154830955161945687907091210,0.00411206295255182,4.7202471565980045555944867895,54.081707319084311010582059421,58.705365743723688577705675252,817065400
10.33,2,0.0894833976791675574076591771,0.0937099474808854,0.0915808038818289,0.0895925191159987,0.0874620777096,0.116418229625743,0.1195434347488563516123540197,0.1154313717963045316123540197,0.00411206295255182,4.7187653811727965555944867896,54.068180865817753257049669764,58.697000764030192739938814661,817857200
10.34,2,0.0894702525010807304076591771,0.0936949921347715,0.0915696993837902,0.0895793579078912,0.0874527696968302,0.116366947490529,0.1194917963119410383279629372,0.1153797333593892183279629372,0.00411206295255182,4.7172860489248465555944867888,54.054638645270336419086496574,58.688625185082892649110861918,818648900
10.35,2,0.0894571286333793474076591771,0.0936800609242504,0.0915586085795472,0.0895662180361562,0.0874434725722711,0.116315745506705,0.1194402384554964549307801206,0.1153281755029446349307801206,0.00411206295255182,4.7158090251373385555944867894,54.041132922232006799950700502,58.680277058684496884308872723,819440600
10.36,2,0.0894440449915326224076591771,0.0936651729015219,0.0915475505589892,0.0895531184393297,0.087434205312171,0.116264626597291,0.1193887647669888641508145933,0.1152767018144370441508145933,0.00411206295255182,4.7143344125836105555944867891,54.027647720211528916990603086,58.671944676611737477567347365,820232300
10.37,2,0.0894309826376756704076591771,0.0936503091205514,0.0915365064136014,0.0895400401564529,0.087424948993114,0.116213591519307,0.1193373753430799406710234536,0.1152253123905281206710234536,0.00411206295255182,4.7128622140328155555944867895,54.014167160046258858272080125,58.663616504814393893384637349,821024100
10.38,2,0.0894179594140537804076591771,0.0936354870033476,0.0915254936027436,0.0895270010515289,0.087415721516477,0.116162627302571,0.1192860578308112639083547552,0.1151739948782594439083547552,0.00411206295255182,4.7113920755987625555944867893,54.000674685269095118080054906,58.655280875757119753157336469,821815800
10.39,2,0.0894049686409999934076591771,0.093620700536117,0.0915145061498059,0.0895139944367451,0.0874065162316536,0.116111753363899,0.1192348314265903065784332917,0.1151227684740384865784332917,0.00411206295255182,4.709924547218016555594486789,53.987222076314322035698769243,58.646974796015910261962870308,822607600
10.40,2,0.0893919977908871974076591771,0.0936059364469192,0.0915035308198639,0.0895010077691976,0.0873973206327786,0.116060949044067,0.1191836750218860690488739695,0.1150716120693342490488739695,0.00411206295255182,4.7084590241757085555944867893,53.973775914473363749901726525,58.638674612774175910710131934,823399200
10.41,2,0.0893790670378717024076591771,0.0935912154655051,0.0914925883795195,0.0894880612476442,0.087388154955483,0.116010229194868,0.1191326041841884359165225001,0.1150205412316366159165225001,0.00411206295255182,4.7069959524475725555944867894,53.960342945709707694706980994,58.630384767756128786753524278,824191000
10.42,2,0.0893661655547203884076591771,0.0935765268233336,0.0914816680969165,0.0894751440316484,0.0873790083960378,0.115959596063057,0.1190816207843462360296709518,0.1149695578317944160296709518,0.00411206295255182,4.7055353856294795555944867899,53.946898329951386725654426045,58.622087188359936166197190596,824982700
10.43,2,0.0893532862193876324076591771,0.093561862937833,0.0914707624260041,0.0894622489904796,0.0873698738602555,0.115909036832789,0.1190307117509694234775893265,0.1149186487984176034775893265,0.00411206295255182,4.7040769492536885555944867896,53.933493679486094679599019032,58.613819656260008907532828628,825774500
10.44,2,0.0893404466913603894076591771,0.0935472414565319,0.0914598890506689,0.0894493938051596,0.087360769065538,0.115858550235052,0.1189798764329771975970741313,0.1148678134804253775970741313,0.00411206295255182,4.7026206246681085555944867901,53.920091202501496178734969527,58.605554781819304960296820061,826566100
10.45,2,0.0893276263995078184076591771,0.0935326425448258,0.0914490281725012,0.0894365578794722,0.087351673451886,0.115808158437794,0.1189291362938589192267896372,0.1148170733413070992267896372,0.00411206295255182,4.7011670267564165555944867899,53.906686760781221094834070048,58.597288945979965338300050168,827357900
10.46,2,0.0893148380763574424076591771,0.0935180779660672,0.0914381915908872,0.0894237539614714,0.0873425998034092,0.115757833019081,0.1188784633407862922827419651,0.1147664003882344722827419651,0.00411206295255182,4.6997153535831535555944867902,53.89331266067387676449331286,58.589046352564643528517102959,828149600
10.47,2,0.0893020877111616694076591771,0.0935035545486461,0.0914273861700894,0.0894109880477135,0.0873335541525583,0.115707597693586,0.1188278815135466738216991896,0.1147158185609948538216991896,0.00411206295255182,4.6982662909727085555944867893,53.879956584059599942581402916,58.580817377286861560336776157,828941400
10.48,2,0.0892893592932143224076591771,0.093489055390445,0.0914165950437035,0.0893982441079678,0.0873245205048374,0.115657427772303,0.1187773655495446981674342839,0.1146653025969928781674342839,0.00411206295255182,4.696819115205034555594486789,53.866610290790727576503664875,58.572596762883772561047252846,829733100
10.49,2,0.0892766599931117784076591771,0.0934745886655298,0.091405826421349,0.089385529321575,0.0873155060751626,0.115607351613875,0.1187269440766591713929373368,0.1146148811241073513929373368,0.00411206295255182,4.6953746464084475555944867892,53.853247085859967855530317325,58.564364341421905995429163828,830524800
10.50,2,0.0892639903640479834076591771,0.0934601540994525,0.0913950800639734,0.0893728442424035,0.0873065114528194,0.115557345487518,0.1186765933702195583914021505,0.1145645304176677383914021505,0.00411206295255182,4.6939322049212015555944867897,53.839925739102975110985966682,58.556163358859010366802984706,831316600
10.51,2,0.0892513495770503964076591771,0.0934457508752702,0.0913843551898722,0.08936018804047,0.0872975358430844,0.115507409779921,0.1186263137893978291558576535,0.1145142508368460091558576535,0.00411206295255182,4.6924918010328155555944867895,53.82661100071076368911615122,58.547968260002112408326367618,832108400
10.52,2,0.0892387498751071344076591771,0.0934313920685464,0.0913736649096905,0.0893475729736924,0.0872885915389783,0.115457567690202,0.1185761289767349790610333356,0.1144640660241831590610333356,0.00411206295255182,4.6910541120521975555944867889,53.813287389143515832547169638,58.539767144366294889933220314,832900100
10.53,2,0.0892261707403093924076591771,0.0934170561290069,0.09136298770808,0.0893349784991412,0.0872796580325189,0.115407790729142,0.1185260097094926104610927307,0.1144139467569407904610927307,0.00411206295255182,4.6896183008095595555944867901,53.799995713738423423190551679,58.531590398364538024127393466,833691800
10.54,2,0.0892136195956022794076591771,0.0934027510752401,0.0913523316384004,0.0893224120488134,0.0872707427904958,0.115358095563577,0.1184759729254116223766220564,0.1143639099728598023766220564,0.00411206295255182,4.6881848525354355555944867897,53.786722609226473429329402603,58.523427842645901798522176876,834483500
10.55,2,0.0892010892503472544076591771,0.093388469917349,0.0913416897453717,0.0893098664233017,0.0872618386481397,0.115308488317559,0.1184260245020764173918925764,0.1143139615495245973918925764,0.00411206295255182,4.6867539356102155555944867889,53.773431587453529285615677038,58.515252881993312601570312184,835275300
10.56,2,0.0891885976208541014076591771,0.093374229663217,0.0913310790713412,0.0892973595607643,0.0872529635780936,0.115258942037185,0.1183761380967747952936834879,0.1142640751442229752936834879,0.00411206295255182,4.6853247953707845555944867901,53.760174876434307399660605302,58.507104080261442390550870578,836067000
10.57,2,0.0891761356967833294076591771,0.0933600223067111,0.0913204916444873,0.0892848824398739,0.0872441085933627,0.115209485950087,0.1183263426411201853313123861,0.1142142796885683653313123861,0.00411206295255182,4.6838982606468145555944867896,53.746937195466098240579778159,58.498969524440736558450701741,836858700
10.58,2,0.0891637034678349084076591771,0.0933458472890845,0.0913099269402232,0.0892724350503177,0.0872352737178149,0.115160104350158,0.1182766224202652872003381149,0.1141645594677134672003381149,0.00411206295255182,4.6824738812410925555944867898,53.733708431821016546338458538,58.490842341148084998411672886,837650400
10.59,2,0.0891512998504369334076591771,0.093331703471484,0.0912993838537044,0.0892600163072027,0.0872264579005867,0.115110795709927,0.1182269758691123788333802816,0.1141149129165605588333802816,0.00411206295255182,4.6810516123168715555944867892,53.720469645769899065842680922,58.482708863786862716412315284,838442200
10.60,2,0.0891389159076788004076591771,0.0933175817606585,0.091288853325539,0.08924761726272,0.087217652227749,0.115061556019475,0.1181773986640171690582285825,0.1140653357114653490582285825,0.00411206295255182,4.6796313300108665555944867899,53.707253707956270706862122116,58.47459299567913563517399058,839233900
10.61,2,0.0891265615560665714076591771,0.0933034926912836,0.0912783459241124,0.0892352478454684,0.087208866661631,0.115012402460094,0.1181279083446342806126861357,0.1140158453920824606126861357,0.00411206295255182,4.678213536797169555594486789,53.694036227393594397717715575,58.466476569066500809016079587,840025600
10.62,2,0.0891142460355786044076591771,0.0932894452205666,0.0912678706401932,0.0892229173066941,0.0872001104870605,0.114963326448959,0.1180784966471431664372585730,0.1139664336945913464372585730,0.00411206295255182,4.6767979959347605555944867896,53.680853838924410552078297293,58.458386316300583498849604241,840817300
10.63,2,0.0891019398355287964076591771,0.0932754096368191,0.0912573977955067,0.0892105960997238,0.0871913541907986,0.11491432377522,0.1180291583275006430127162235,0.1139170953749488230127162235,0.00411206295255182,4.6753845571928685555944867896,53.667690034390248612607092455,58.450310436727580531757141324,841609100
10.64,2,0.0890896823724501824076591771,0.0932614256914188,0.0912469671746975,0.0891983236891575,0.0871826372707321,0.114865401961108,0.1179799022918195224265095797,0.1138678393392677024265095797,0.00411206295255182,4.6739734757128315555944867898,53.65450410671688523591887496,58.442219221938756113151363262,842400800
10.65,2,0.0890774453861939784076591771,0.0932474648243767,0.0912365502508973,0.0891860717803843,0.0871739314653912,0.114816553899907,0.1179307204421397464851725671,0.1138186574895879264851725671,0.00411206295255182,4.6725645195051825555944867898,53.641359763820900762225401066,58.434158971912656914665675614,843192500
10.66,2,0.0890652357646077384076591771,0.093233533838094,0.0912261538594825,0.0891738472696512,0.0871652437040182,0.114767776782702,0.1178816102098080347774300543,0.1137695472572562147774300543,0.00411206295255182,4.6711576149834255555944867899,53.628226362706082441675103782,58.426107592026896551968900848,843984300
10.67,2,0.0890530447757119184076591771,0.093219624324792,0.0912157696255056,0.0891616414143304,0.0871565652768363,0.114719080349777,0.1178325810368956288067845012,0.1137205180843438088067845012,0.00411206295255182,4.6697530326429765555944867896,53.615076323762468316255740951,58.418044858846794897744961082,844776000
10.68,2,0.0890408932337857164076591771,0.0932057568618133,0.0912054181589959,0.0891494750540831,0.0871479170562137,0.114670456724404,0.1177836257707501083993066002,0.1136715628181982883993066002,0.00411206295255182,4.6683505675754375555944867894,53.601962735234704779937786382,58.410009352416682424040076029,845567700
10.69,2,0.0890287610556425064076591771,0.0931919114969996,0.0911950795403394,0.0891373280812322,0.087139278967037,0.114621910709912,0.1177347485165904966471643263,0.1136226855640386766471643263,0.00411206295255182,4.6669503373866705555944867896,53.58886728450037063157463509,58.401987701503598730874905032,846359400
10.70,2,0.0890166673047550844076591771,0.0931781069623838,0.0911847725339701,0.0891252195824976,0.0871306701284474,0.114573431815094,0.1176859394444704207743031385,0.1135738764919186007743031385,0.00411206295255182,4.6655520604694555555944867894,53.575751542452558306286842013,58.393952415871230190512832662,847151200
10.71,2,0.0890045919713222324076591771,0.0931643236684595,0.0911744775826421,0.089113129523677,0.0871220705385224,0.114525033122952,0.1176372109468836741128757452,0.1135251479943318541128757452,0.00411206295255182,4.6641560918425885555944867897,53.562674787353806302388524144,58.385945959143218394789340319,847942900
10.72,2,0.0889925450724566554076591771,0.0931505717732756,0.0911642048765235,0.0891010679340984,0.087113490258729,0.114476718143383,0.1175885668872221134654922185,0.1134765039346702934654922185,0.00411206295255182,4.6627625421840935555944867897,53.549612260931848012646878832,58.377950313170571054798170198,848734700
10.73,2,0.0889805273977283874076591771,0.0931368513057302,0.0911539544764916,0.0890890356042948,0.0871049301115988,0.114428465051102,0.1175399854556192422139045927,0.1134279225030674222139045927,0.00411206295255182,4.6613707866873195555944867895,53.536536880857679254601939075,58.369946551181627349972431142,849526300
10.74,2,0.0889685370379615014076591771,0.0931231611504539,0.0911437252990168,0.0890770306227621,0.0870963882174868,0.114380296676679,0.1174914894309221428382478947,0.1133794264783703228382478947,0.00411206295255182,4.6599814779181665555944867895,53.523493914020087446301429539,58.361966690066334684659051049,850318100
10.75,2,0.0889565760827139704076591771,0.0931095028152776,0.091133518883631,0.0890650550816064,0.0870878667002197,0.114332196251035,0.1174430621079981487787046395,0.1133309991554463287787046395,0.00411206295255182,4.6585941373098355555944867891,53.510446784984564264426770834,58.353984796552257471799627505,851109800
10.76,2,0.0889446333491968964076591771,0.0930958652633942,0.0911233242250905,0.0890530977844018,0.0870793543949541,0.114284168539385,0.1173947078650804585682070691,0.1132826449125286385682070691,0.00411206295255182,4.6572088902894685555944867888,53.497417565015175565326758282,58.346016673862937942656302988,851901600
10.77,2,0.0889327187292636144076591771,0.0930822584364598,0.0911131512964778,0.0890411686350644,0.0870708612370514,0.114236214448497,0.1173464279564402700284243894,0.1132343650038884500284243894,0.00411206295255182,4.6558257727892885555944867902,53.484416513257384593275108728,58.338069681608841770929701985,852693300
10.78,2,0.0889208334841367474076591771,0.0930686836006239,0.0911030013952315,0.0890292688963548,0.0870623885205808,0.114188334052274,0.1172982225012159221087620394,0.1131861595486641021087620394,0.00411206295255182,4.6544447882223575555944867892,53.471397386028294926772424763,58.330110416692363551207724879,853485000
10.79,2,0.0889089854321076764076591771,0.0930551489369548,0.0910928827335741,0.0890174063960985,0.0870539441045407,0.11414053732855,0.1172501017577652728395311924,0.1131380388052134528395311924,0.00411206295255182,4.653066230468980555594486789,53.458419519596839480041832378,58.322181403959076940093547284,854276700
10.80,2,0.0888971554903926244076591771,0.0930416345712762,0.0910827754683478,0.0890055620282411,0.0870455089139143,0.114092802613599,0.1172020433830435311519336833,0.1130899804304917111519336833,0.00411206295255182,4.65168945944807355559448679,53.445445987087664688464500998,58.314256641842721727949360557,855068500
10.81,2,0.0888853447228653994076591771,0.0930281419878756,0.0910726811147248,0.0889937368579536,0.087037084044776,0.11404514188968,0.1171540594048891147543475858,0.1130419964523372947543475858,0.00411206295255182,4.6503148197318255555944867893,53.432463803589002495945402611,58.306326391867352626289015502,855860200
10.82,2,0.0888735711201238794076591771,0.093014689242179,0.0910626177588817,0.0889819488977728,0.087028687540432,0.113997556069497,0.1171061513666478817794731575,0.1129940884140960617794731575,0.00411206295255182,4.6489423555338385555944867901,53.41951063365481622554056124,58.298417783587580612106311106,856651900
10.83,2,0.0888618155261787714076591771,0.0930012571371241,0.0910525662343743,0.0889701789683494,0.0870203002521696,0.113950044979523,0.1170583184259993260723936204,0.1129462554734475060723936204,0.00411206295255182,4.6475720427234075555944867899,53.406550860325376442564244557,58.290505129189703112547722354,857443600
10.84,2,0.0888500882479664704076591771,0.0929878558904763,0.0910425367894529,0.0889584373891888,0.087011932529998,0.113902605525108,0.1170105578478383957118149101,0.1128984948952865757118149101,0.00411206295255182,4.6462038029455445555944867896,53.393630395863082281065251047,58.282621630782883452251104459,858235400
10.85,2,0.0888383988632702684076591771,0.09297449503452,0.0910325389867563,0.0889467337497539,0.0870035939937527,0.113855235900437,0.1169628681611807927922319301,0.1128508052086289727922319301,0.00411206295255182,4.6448375940596535555944867894,53.380689384849415432396711152,58.27472413795217261450185383,859027100
10.86,2,0.0888267174594786284076591771,0.0929611447422615,0.0910225430295137,0.0889350381009559,0.0869952547245864,0.113807940123557,0.1169152523417335143895966284,0.1128031893891816943895966284,0.00411206295255182,4.64347350131346055559448679,53.367790187399709736477044561,58.266857540782075094726341121,859818800
10.87,2,0.0888150741960662124076591771,0.0929478355956846,0.0910125795298015,0.0889233806390478,0.086986944948863,0.11376072871223,0.1168677219691966647412692525,0.1127556590166448447412692525,0.00411206295255182,4.6421118564409375555944867901,53.354906864820899916579030223,58.259002764639887737534825836,860610600
10.88,2,0.0888034479678212254076591771,0.0929345455198513,0.091002626442645,0.0889117402330809,0.0869786435656154,0.11371357500193,0.1168202496259312946936907627,0.1127081866733794746936907627,0.00411206295255182,4.6407518739845865555944867901,53.34199763477124479142675601,58.251130497765046083805726875,861402300
10.89,2,0.0887918495241958804076591771,0.0929212859547794,0.0909926952378965,0.0889001276456158,0.0869703613672566,0.113666498203597,0.1167728549114643771470722700,0.1126607919589125571470722700,0.00411206295255182,4.6393941154294955555944867888,53.329137349992736434172628236,58.243294120953456885716677329,862194100
10.90,2,0.0887802891925351194076591771,0.092908066924515,0.0909827959693075,0.0888885532165914,0.0869621087234495,0.113619489089715,0.1167255289547728399055541671,0.1126134660022210199055541671,0.00411206295255182,4.6380383266395735555944867893,53.316250144888597777937446081,58.235439187357158393233092757,862985700
10.91,2,0.0887687357953581504076591771,0.0928948575462026,0.0909728977836015,0.0888769857305071,0.0869538544482901,0.113572557729838,0.1166782807425121465261653698,0.1125662177899603265261653698,0.00411206295255182,4.6366847650635355555944867896,53.303415020151921009250324362,58.22762237609263388273952994,863777500
10.92,2,0.0887572212502973684076591771,0.0928816893988638,0.0909630322892515,0.0888654571439175,0.0869456305278026,0.113525692753994,0.1166311000147580408815148334,0.1125190370622062208815148334,0.00411206295255182,4.6353331367762025555944867895,53.290555284867457472085033314,58.219788700011173942086326537,864569300
10.93,2,0.0887457326216407784076591771,0.0928685497092654,0.0909531867423493,0.0888539545053362,0.0869374240398435,0.113478899491734,0.1165839916530577569373800983,0.1124719287005059369373800983,0.00411206295255182,4.6339835816236015555944867891,53.277729651082023939022750833,58.211980326660618830749147674,865361000
10.94,2,0.0887342628270874454076591771,0.0928554314761194,0.0909433541708069,0.0888424707238256,0.0869292279226928,0.113432180633045,0.1165369581024372144129164007,0.1124248951498853944129164007,0.00411206295255182,4.6326361696505655555944867891,53.2649319007910969610403526,58.204192685891190965639336066,866152600
10.95,2,0.0887228199309917844076591771,0.0928423425090967,0.0909335424133696,0.0888310138735742,0.0869210502796312,0.113385528461181,0.1164899919244186471981862650,0.1123779289718668271981862650,0.00411206295255182,4.6312906877604035555944867891,53.252106130054711584332281251,58.196385709019921750950387898,866944400
10.96,2,0.0887114039437286644076591771,0.0928292832801194,0.09092375197091,0.0888195839649696,0.0869128911500145,0.113338956191564,0.1164431063438557258325424969,0.1123310433913039058325424969,0.00411206295255182,4.6299475148172655555944867895,53.239319699709979818406640127,58.188607525421416714271444379,867736200
10.97,2,0.0887000155975716804076591771,0.0928162538479367,0.0909139829310038,0.0888081817311784,0.0869047512958533,0.113292444497608,0.1163962820489912597648439959,0.1122842190964394397648439959,0.00411206295255182,4.6286060975800605555944867892,53.226522100507782497308975125,58.180822323069048641334112532,868527900
10.98,2,0.0886886449765780564076591771,0.0928032448945077,0.0909042260043135,0.0887967972441657,0.0868966208178336,0.113246011019547,0.1163495363451198173953133988,0.1122374733925679973953133988,0.00411206295255182,4.6272669318089595555944867895,53.213764075359704852655184114,58.173066120276664762784242515,869319600
10.99,2,0.0886773013102417884076591771,0.0927902651948328,0.0908944899944208,0.0887854397446805,0.0868885089853032,0.113199642257786,0.1163028560481103437040752857,0.1121907930955585237040752857,0.00411206295255182,4.6259296398064295555944867892,53.200982985279182593505718313,58.165294190076004850450474918,870111400
11.00,2,0.0886659842594497664076591771,0.0927773144270198,0.0908847746078926,0.0887741088931961,0.0868804154872119,0.113153338722247,0.1162562416573342800634748833,0.1121441787047824600634748833,0.00411206295255182,4.6245942358784085555944867897,53.188244244652572080156951545,58.157553626877726074023361655,870903100
11.01,2,0.0886546939985352194076591771,0.0927643932587782,0.0908750805407765,0.0887628048642584,0.0868723405264608,0.113107114531251,0.1162097073068026632741290440,0.1120976443542508432741290440,0.00411206295255182,4.6232611249344865555944867888,53.175485719712306840407261594,58.149799237499708558787036528,871694800
11.02,2,0.0886434314270739514076591771,0.0927515024600036,0.0908654085911859,0.0887515285585401,0.0868642850319576,0.113060965923127,0.1161632492649910456900632221,0.1120511863124392256900632221,0.00411206295255182,4.6219302000743625555944867899,53.162773044207079396329805706,58.142078391714652177968698321,872486600
11.03,2,0.0886321865363712424076591771,0.0927386314092898,0.0908557481658117,0.0887402699551414,0.0868562390109169,0.113014875875551,0.1161168501502429342251185356,0.1120047871976911142251185356,0.00411206295255182,4.6206009633502575555944867894,53.150069417620996959860873824,58.134365115201081075835038585,873278300
11.04,2,0.0886209683177641344076591771,0.0927257897652944,0.0908461089512899,0.0887290380563639,0.0868482114936356,0.112968863025993,0.1160705289267342111867314220,0.1119584659741823911867314220,0.00411206295255182,4.619273958045791555594486789,53.137355780186853699733990008,58.126645094271208965795846937,874070000
11.05,2,0.0886097766893101804076591771,0.0927129769611191,0.0908364904085817,0.0887178327801651,0.0868402024259478,0.112922913490452,0.1160242717001094674085115867,0.1119122087475576474085115867,0.00411206295255182,4.6179487861170025555944867898,53.124673360508490211590953592,58.118948430003326900507037475,874861800
11.06,2,0.0885986017157206154076591771,0.0927001832192042,0.0908268827878686,0.0887066441791406,0.0868322018882071,0.112877032305314,0.1159780831634223324096111638,0.1118660202108705124096111638,0.00411206295255182,4.6166255820099735555944867901,53.111973159447621134716751917,58.111239700035823475562791763,875653500
11.07,2,0.0885874643151158044076591771,0.092687429709011,0.0908173072862357,0.0886954931969197,0.0868242308516835,0.11283122557102,0.1159319701531653948031740801,0.1118199072006135748031740801,0.00411206295255182,4.6153045415757905555944867891,53.099319691657414826833494531,58.103565115751332357357713668,876445200
11.08,2,0.0885763424056472794076591771,0.0926746940618799,0.0908077415625302,0.0886843577247259,0.086816267235124,0.112785486230444,0.1158859248368171702182171388,0.1117738618842653502182171388,0.00411206295255182,4.6139854404292415555944867891,53.08664937587586410509313224,58.095879154503179061662563243,877236900
11.09,2,0.0885652381254309754076591771,0.0926619783374707,0.0907981877038023,0.0886732399032824,0.086808313206659,0.11273981192391,0.1158399449289752588130266195,0.1117278819764234388130266195,0.00411206295255182,4.61266821309837055559448679,53.074009372374965708508015689,58.088215815182732418933729103,878028700
11.10,2,0.0885541704810970574076591771,0.0926493022333006,0.0907886654348438,0.0886621587623974,0.0868003878233879,0.112694221438981,0.1157940498941441577357629171,0.1116819869415923377357629171,0.00411206295255182,4.6113534172001565555944867897,53.061362184696835108021896019,58.080547504489111517949760654,878820400
11.11,2,0.0885431201404519174076591771,0.0926366451285717,0.0907791541620165,0.0886510949463023,0.0867924717567183,0.112648678886869,0.1157482031466893261146067101,0.1116361401941375061146067101,0.00411206295255182,4.6100400046333745555944867894,53.048745152638213040521202443,58.072902216721070380354642288,879612100
11.12,2,0.0885320954915564704076591771,0.0926240166338964,0.0907696635229777,0.0886400568532869,0.0867845734320014,0.112603218836411,0.1157024395707405722129241485,0.1115903766181887522129241485,0.00411206295255182,4.6087289747547295555944867888,53.036119812183832446248347729,58.065251187194995238298485873,880403800
11.13,2,0.0885211071301406204076591771,0.0926114262527497,0.0907602030481331,0.0886290550920023,0.0867767034848355,0.11255780945339,0.1156567276840782748081793165,0.1115446647315264548081793165,0.00411206295255182,4.60741942566506455559448679,53.023520401198616200426742179,58.057620017191856416506927589,881195600
11.14,2,0.0885101254431557744076591771,0.0925988456512114,0.0907507444303802,0.0886180600132879,0.0867688322928939,0.112512488917956,0.1156111046556907625039456109,0.1114990417031389425039456109,0.00411206295255182,4.6061124221774595555944867888,53.010922762328907025920425247,58.049990161555482447535933176,881987300
11.15,2,0.0884991711145172884076591771,0.092586294520267,0.0907413073874088,0.0886070923262823,0.0867609805920359,0.112467227711604,0.1155655416731927247370334636,0.1114534787206409047370334636,0.00411206295255182,4.6048071388778765555944867898,52.998354866077520545155184357,58.042382625699098449014387953,882779000
11.16,2,0.0884882421359346524076591771,0.0925737713300781,0.0907318904159732,0.0885961500202458,0.0867531463981306,0.112422039639721,0.1155200524810979580287041154,0.1114079895285461380287041154,0.00411206295255182,4.6035039695176315555944867901,52.993763423333863360039695586,58.040509764386313794724981537,883570800
11.17,2,0.0884773396457694504076591771,0.0925612768664632,0.090722494328372,0.0885852342349284,0.0867453308774243,0.112376914546207,0.1154746269578439855548729497,0.1113625640052921655548729497,0.00411206295255182,4.6022026241353185555944867897,52.981277709452584441762231851,58.032961968775616569451525851,884362500
11.18,2,0.0884664534158575824076591771,0.0925488011088226,0.0907131091303749,0.0885743347296931,0.0867375238156656,0.11233185890994,0.1154292712295662571326772898,0.1113172082770144371326772898,0.00411206295255182,4.6009032782317905555944867891,52.968778003569320982112347072,58.025404712510240348639750485,885154200
11.19,2,0.0884555945846200924076591771,0.0925363549433382,0.090703745734423,0.0885634626565437,0.0867297363911332,0.112286864923206,0.1153839778741469900220886722,0.1112719149215951700220886722,0.00411206295255182,4.5996057191790355555944867889,52.956307725981188654651367564,58.017869430972775896957177726,885945900
11.20,2,0.0884447611438853584076591771,0.0925239366241696,0.0906944024208241,0.0885526160048598,0.0867219666193711,0.112241940202486,0.1153387544434116358901832228,0.1112266914908598158901832228,0.00411206295255182,4.5983101633209165555944867892,52.943823499867246775439170167,58.010324704407650384734589564,886737700
11.21,2,0.0884339529388889484076591771,0.092511545981139,0.0906850790454396,0.0885417946196882,0.0867142143714812,0.112197084313602,0.1152936004984144257164421321,0.1111815375458626057164421321,0.00411206295255182,4.5970165980825635555944867894,52.931373353774387826522384707,58.002805052151006964511452146,887529400
11.22,2,0.0884231620348289994076591771,0.0924991751265175,0.0906757677464712,0.0885309905565509,0.0867064717289316,0.112152299019406,0.1152485175265613556186300276,0.1111364545740095356186300276,0.00411206295255182,4.59572506607501955559448679,52.918925921910806106296834687,57.995287879543796069378378642,888321200
11.23,2,0.0884123975082859144076591771,0.0924868328227998,0.0906664773122351,0.0885202129030967,0.0866987478052087,0.112107574849171,0.1152034963696035203664938442,0.1110914334170517003664938442,0.00411206295255182,4.5944353049337795555944867895,52.906499360732043961198384825,57.987786512400354912185528738,889112800
11.24,2,0.0884016581082820294076591771,0.0924745181709983,0.0906572068694578,0.0885094604068226,0.086691041373539,0.11206292194722,0.1151585471352069805599842234,0.1110464841826551605599842234,0.00411206295255182,4.5931476042221465555944867898,52.894060065168095523689388328,57.980276483114194127037322425,889904600
11.25,2,0.0883909351424604054076591771,0.0924622221747297,0.0906479474473624,0.0884987243647715,0.0866833437565877,0.112018332061942,0.1151136612637114232083354828,0.1110015983111596032083354828,0.00411206295255182,4.5918617187239155555944867893,52.881660291607655753850669749,57.972795589623366019970460085,890696300
11.26,2,0.0883802471411005094076591771,0.0924499636466566,0.0906387178841115,0.08848802332982,0.0866756735327466,0.111973812307901,0.1150688465227899960061507702,0.1109567835702381760061507702,0.00411206295255182,4.5905778709665305555944867889,52.869247241509683497297660206,57.965305655867597869712693636,891488100
11.27,2,0.0883695665573951434076591771,0.0924377148609777,0.0906294904792973,0.0884773297215685,0.0866680031470253,0.111929359001873,0.1150240982647303497533079326,0.1109120353121785297533079326,0.00411206295255182,4.5892959278028405555944867898,52.856873998795999181793550871,57.957844942055195123875802866,892279800
11.28,2,0.0883589211526856214076591771,0.0924255034499464,0.0906202928904611,0.0884666713352122,0.0866603604199222,0.111884966991761,0.1149794123058101573058458663,0.1108673493532583373058458663,0.00411206295255182,4.5880157693780295555944867898,52.844483211650701954857197475,57.950372391445231057718087386,893071500
11.29,2,0.0883482918457513174076591771,0.0924133106793445,0.0906111064085672,0.0884560290662618,0.0866527262721459,0.111840647213335,0.1149347989222017825560117908,0.1108227359696499625560117908,0.00411206295255182,4.5867376900827505555944867898,52.83212823613480352613912317,57.942925977275809596677065857,893863200
11.30,2,0.0883376877020220174076591771,0.0924011451760708,0.0906019396855922,0.0884454119912019,0.0866451098052742,0.111796386632832,0.1148902453900302002317896266,0.1107781824374783802317896266,0.00411206295255182,4.5854613254048345555944867893,52.819754008672391848048339726,57.935466567780636162274353204,894655000
11.31,2,0.0883271096403333854076591771,0.0923890081778074,0.0905927939841924,0.0884348210299886,0.0866375119642524,0.111752194331808,0.1148457608293861821270804016,0.1107336978768343621270804016,0.00411206295255182,4.5841869366156365555944867893,52.807397864066981824350755084,57.9280206661581771659043712,895446700
11.32,2,0.0883165477261712764076591771,0.0923768898038462,0.0905836594485294,0.0884242462359932,0.0866299228273368,0.111708072370733,0.1148013469555201853468540721,0.1106892840029683653468540721,0.00411206295255182,4.5829145728534625555944867897,52.795077832159097497023365158,57.920601145957794715387527364,896238400
11.33,2,0.0883060098784271764076591771,0.0923647976061494,0.0905745436553325,0.0884136955377638,0.0866223503478578,0.111664009826334,0.1147569931162378041819654700,0.1106449301636859841819654700,0.00411206295255182,4.5816439289554215555944867891,52.782738610446946988186799433,57.913168652133952711984846003,897030100
11.34,2,0.0882954880893313934076591771,0.092352723736552,0.0905654387811012,0.0884031609177656,0.0866147865329599,0.111620011687819,0.1147127040246725415694213365,0.1106006410721207215694213365,0.00411206295255182,4.5803751399428425555944867895,52.770439415049057292977928134,57.90576551867775887669425681,897821900
11.35,2,0.0882850023511418284076591771,0.0923406884047022,0.0905563650600462,0.0883926623926362,0.0866072514238582,0.111576083132037,0.1146684855606816376586100316,0.1105564226081298176586100316,0.00411206295255182,4.5791083742612275555944867898,52.75812811760590230332353395,57.898354145282756501083862633,898613700
11.36,2,0.0882745328104962204076591771,0.0923286714663693,0.090547302372397,0.0883821800848031,0.0865997251674555,0.111532216869005,0.1146243297365541320723834779,0.1105122667840023120723834779,0.00411206295255182,4.5778434030795135555944867888,52.745845634033456789659250911,57.890964135351543435776515484,899405300
11.37,2,0.0882640781507290904076591771,0.092316671689222,0.0905382495101822,0.0883717126759951,0.0865922064698552,0.111488415381883,0.1145802389917790969174551389,0.1104681760392272769174551389,0.00411206295255182,4.5765802962839145555944867895,52.733557006760323864752688134,57.883570325526357524032427168,900197100
11.38,2,0.0882536583721847744076591771,0.0923047091148589,0.0905292265392594,0.0883612801909461,0.086584715380065,0.111444678803228,0.1145362141591228267706445109,0.1104241512065710067706445109,0.00411206295255182,4.5753190777314275555944867896,52.721300971571076861063020024,57.876200464513804700833624156,900988900
11.39,2,0.0882432548406976934076591771,0.0922927651201297,0.090520214860637,0.0883508639727671,0.0865772332653694,0.111401008424007,0.1144922558796677942355953282,0.1103801929271159742355953282,0.00411206295255182,4.5740597657877125555944867901,52.709030040516410179639812488,57.868820465791341263286959809,901780600
11.40,2,0.0882328761746519064076591771,0.0922808482784706,0.0905112230718107,0.0883404726503517,0.086569768778736,0.111357402504668,0.1144483627149723776012029339,0.1103362997624205576012029339,0.00411206295255182,4.5728023192444525555944867899,52.696799122744400817305651369,57.861469743631414455125589651,902572300
11.41,2,0.0882225122867895314076591771,0.09226894853553,0.090502241142389,0.0883300961241412,0.086562311844581,0.111313862515226,0.1144045357840989326795578629,0.1102924728315471126795578629,0.00411206295255182,4.5715467701604225555944867889,52.684554731886652017439309797,57.854109901322698364894493288,903364000
11.42,2,0.0882121745491255834076591771,0.0922570771168421,0.0904932803217676,0.0883197457800182,0.086554873872663,0.111270383664328,0.1143607706912131739367256933,0.1102487077386613539367256933,0.00411206295255182,4.5702929926042465555944867897,52.672315272018091039778191034,57.84675427182872975760828786,904155800
11.43,2,0.0882018616542516204076591771,0.0922452329158236,0.0904843395271266,0.08830942030898,0.0865474535777571,0.111226971770525,0.1143170732135295282123082377,0.1102050102609777082123082377,0.00411206295255182,4.569041152080926555594486789,52.660119080573914827535382386,57.839430140316555596286393191,904947500
11.44,2,0.0881915646679817284076591771,0.0922334068409977,0.0904754096906552,0.0882991107659458,0.0865400420384629,0.111183622796899,0.1142734390001282921958734817,0.1101613760475764721958734817,0.00411206295255182,4.5677911239457945555944867899,52.647897657669734711571259923,57.832088539152856839562429892,905739200
11.45,2,0.0881812915095341714076591771,0.0922216066068856,0.090466498550443,0.0882888250797909,0.0865326472072387,0.111140330465923,0.1142298620473620956398721785,0.1101177990948102756398721785,0.00411206295255182,4.5665427362070225555944867895,52.635712412913505205785732911,57.824773671271729420038153744,906530900
11.46,2,0.0881710442447756954076591771,0.0922098346968742,0.0904576086133488,0.0882785653189015,0.0865252711759566,0.111097106624746,0.1141863542826509999811476679,0.1100742913300991799811476679,0.00411206295255182,4.565296330560025555594486789,52.623523660488812282869829596,57.817456698622520095519392662,907322700
11.47,2,0.0881608107929769944076591771,0.0921999679722228,0.0904506167640075,0.0882683193878162,0.0865179018725453,0.111108044126768,0.1141970411098191750315137852,0.1100308583944473350315137852,0.00416618271537184,4.5595849684875298671489703285,52.62006422319839918487533877,57.797298619156311830200033585,908114400
11.48,2,0.0881506041467459274076591771,0.092190458792574,0.0904439753853417,0.0882581002949869,0.0865105523287508,0.111128451609524,0.1142172043801156214001528154,0.1099874759116675614001528154,0.00422972846844806,4.5577618770893145609218250264,52.618101425439053500431473376,57.788307181442019470659413746,908906100
11.49,2,0.0881404212987162664076591771,0.0921809757975596,0.090437353140168,0.0882479050293799,0.0865032195567382,0.111148926430059,0.1142374356149190365738406632,0.1099441613933947565738406632,0.00429327422152428,4.5559416935228043937390745691,52.616167112206233196478514296,57.779329081546004931008161908,909697900
11.50,2,0.0881302533921362184076591771,0.0921715098866143,0.0904307409510106,0.0882377247234431,0.0864958947120592,0.111169462069718,0.1142577279827482456338548013,0.1099009080081477656338548013,0.00435681997460048,4.5541242210961036646308277554,52.614273171187017984936884877,57.770373123967876980221534173,910489600
11.51,2,0.0881201100449392204076591771,0.0921620708495669,0.0904241486306942,0.0882275690068385,0.0864885874473855,0.111190062946195,0.1142780862410662346556807593,0.1098577205133895346556807593,0.0044203657276767,4.5523095951161297261669614663,52.612375247264638544204275519,57.761407309203332775703366627,911281300
11.52,2,0.0881099826973734524076591771,0.092152649959389,0.0904175674750917,0.088217429309376,0.0864812892154424,0.111210724717019,0.1142985057462797660068282023,0.1098145942655268660068282023,0.0044839114807529,4.5504976815693670393560731014,52.610525596832904011115300756,57.752469388098348511745464768,912073100
11.53,2,0.0880998798218553364076591771,0.0921432559081686,0.0904110061990992,0.0882073141138039,0.0864740085218002,0.111231453228032,0.1143189926448138418720386196,0.1097715354109847318720386196,0.00454745723382911,4.5486886555535439032282714634,52.608674621719289762399563076,57.743523514777567143537022524,912864800
11.54,2,0.0880898018576325254076591771,0.0921338887865789,0.0904044649161054,0.0881972238599054,0.0864667458289714,0.111252238473564,0.1143395369410519811240367177,0.1097285339541466511240367177,0.00461100298690533,4.5468822297309946971233174712,52.606834862618423574511097284,57.734579048347597511163536088,913656500
11.55,2,0.0880797374248429124076591771,0.0921245375605201,0.090397932614633,0.0881871471539411,0.0864594897658529,0.111273090950431,0.1143601487411199463913031018,0.1096856000011383963913031018,0.00467454873998155,4.5450786926365082609057381653,52.605050782830150992259049647,57.725667729122861857680354482,914448300
11.56,2,0.0880697078151164184076591771,0.0921152235677297,0.0903914306549499,0.0881771053135054,0.0864522616725833,0.11129401086257,0.1143808289942928481490080495,0.1096427345012350881490080495,0.00473809449305776,4.5432780704804555147497127059,52.603254515726121822440637613,57.716740651772958314778690866,915240000
11.57,2,0.0880596838717536714076591771,0.0921059170234761,0.0903849292747641,0.0881670691463432,0.0864450323793606,0.111314981752442,0.1144015602143692703692126313,0.1095999199682352903692126313,0.00480164024613398,4.5414798613357002168509316557,52.601507079061562529499058044,57.707842401549573350030816406,916031700
11.58,2,0.0880496845876188234076591771,0.0920966375181931,0.0903784480868566,0.0881570576684799,0.0864378209245712,0.111336019736248,0.1144223591922078497070555965,0.1095571731929976697070555965,0.00486518599921018,4.539684545240550854987876452,52.599750369127998449044802238,57.698930546393854569727974679,916823400
11.59,2,0.0880397088822897274076591771,0.0920873839401232,0.0903719860017274,0.0881470697981758,0.0864306262487464,0.111357123972495,0.1144432250488056973604143762,0.1095144932965192973604143762,0.0049287317522864,4.5378920960290517281906558988,52.598020643582233747632874926,57.69003130227334444620941864,917615200
11.60,2,0.0880297578219911494076591771,0.0920781568712064,0.090365543623483,0.0881371066029558,0.0864234494415912,0.111378280536438,0.1144641438889832545966919930,0.1094718663836206545966919930,0.0049922775053626,4.5361021146492651622592628329,52.596336320489090897373367111,57.681158467281183406864024568,918406900
11.61,2,0.0880198213996613394076591771,0.0920689466814454,0.0903591113442033,0.088127158063555,0.0864162805059312,0.111399500749364,0.1144851266918192435273784754,0.1094293034333804335273784754,0.00505582325843881,4.5343149146442590505979923786,52.594638292583491187477888588,57.672268994972477456100058324,919198600
11.62,2,0.0880098994616408454076591771,0.0920597534144186,0.0903526892294542,0.0881172240261266,0.0864091193099205,0.111420790266708,0.1145061791115918457771604559,0.1093868101000768157771604559,0.00511936901151503,4.5325306570128219077552100124,52.592993214915128172128762297,57.663410931157518621357076683,919990300
11.63,2,0.0880000121475390094076591771,0.0920505967112582,0.0903462969422664,0.0881073246548393,0.0864019860396398,0.111442133757931,0.1145272865133313009381421317,0.1093443717487400509381421317,0.00518291476459125,4.5307489215095598440126518988,52.591345955217308772227230864,57.654544890503097360672163646,920782100
11.64,2,0.0879901395240173644076591771,0.0920414572018525,0.0903399151343383,0.0880974399920468,0.0863948607592661,0.111463548395424,0.1145484653837206676003258586,0.1093020048660532076003258586,0.00524646051766746,4.5289701794588038063143812342,52.589712563897189291780432265,57.645681975355260497830846185,921573800
11.65,2,0.0879802802166238864076591771,0.0920323327727077,0.090333541713898,0.0880875686616209,0.0863877421144064,0.111485013087058,0.1145696945704794260901153908,0.1092596882997357460901153908,0.00531000627074368,4.5271938239079832556689954238,52.58812397894338242401094589,57.636845313019658331522690627,922365500
11.66,2,0.0879704555122563754076591771,0.0920232453311792,0.0903271986099351,0.088077731976418,0.0863806514395644,0.11150654448429,0.1145909914802299272458973039,0.1092174394564100472458973039,0.00537355202381988,4.5254203525357305178764873042,52.586539956266535838212727399,57.628005213006736452939453323,923157200
11.67,2,0.0879606454035772704076591771,0.092014174506848,0.0903208654735775,0.0880679099047024,0.0863735687245645,0.111528133237398,0.1146123460587808745405547548,0.1091752482818847745405547548,0.0054370977768961,4.5236494763263139187368497164,52.584968243209998114435246069,57.619167628885781086460257536,923949000
11.68,2,0.0879508487369888704076591771,0.0920051193365633,0.0903145413631346,0.0880581012914695,0.0863664928358754,0.111549784859764,0.1146337637832919187388519355,0.1091331202533196187388519355,0.0055006435299723,4.5218813512044323516543777835,52.583440033484044311307267215,57.61035505919070161192570733,924740700
11.69,2,0.0879410774332379414076591771,0.0919960915931897,0.0903082380728446,0.0880483180720031,0.0863594357301674,0.111571494491239,0.1146552402081879678225672154,0.1090910509251394578225672154,0.00556418928304851,4.5201158488293731424290643434,52.581903958385650126927182705,57.601530375697697551624587647,925532400
11.70,2,0.0879313197771271654076591771,0.0919870796361334,0.0903019439834012,0.0880385485168197,0.0863523856992576,0.111593264881287,0.1146767776757480716710653813,0.1090490426396233416710653813,0.00562773503612473,4.5183530353181115900910181986,52.580416016391118869719495885,57.592734213211192749655988396,926324200
11.71,2,0.0879215854692657584076591771,0.0919780934302392,0.0902956690808515,0.0880288023383578,0.0863453524767997,0.111615103087602,0.1146983835878771355175183215,0.1090071027986761855175183215,0.00569128078920095,4.5165931217352628035627911469,52.578926726296339310353245663,57.58393040287230715700880759,927115900
11.72,2,0.0879118754312215764076591771,0.0919691333514219,0.0902894137622271,0.0880190804593092,0.0863383370066152,0.111636993435697,0.1147200422934925806144717295,0.1089652157512154206144717295,0.00575482654227716,4.5148356587259448931261193515,52.577449549273803626606422535,57.575129242413460121914079678,927907600
11.73,2,0.0879021800196759554076591771,0.0919601901656709,0.0902831688145494,0.0880093732245957,0.0863313296546707,0.111658948151171,0.1147417656892155357534510006,0.1089233933938621557534510006,0.00581837229535338,4.5130809861188983733293682923,52.576030614351120196415445367,57.566363971153240521968099152,928699300
11.74,2,0.0878925189360605344076591771,0.0919512832676252,0.0902769536534054,0.0879997003596739,0.0863243501673834,0.111680957415603,0.1147635446402031232644131921,0.1088816265917733632644131921,0.00588191804842976,4.5113288412357719755983444878,52.574585642192652064535622037,57.557573535238883882044084526,929491100
11.75,2,0.0878828611736488914076591771,0.0919423819668278,0.0902707376092018,0.0879900308200059,0.086317367521092,0.111703031909701,0.1147853887503012813367459291,0.1088399249487954813367459291,0.0059454638015058,4.5095794982221401877115293815,52.573176826953436508754174221,57.548802952910232718636172712,930282800
11.76,2,0.0878732268723598604076591771,0.0919335061159108,0.0902645405553507,0.0879803847700704,0.0863104019010679,0.111725162350646,0.1148072894359191204080380743,0.1087982798813369404080380743,0.00600900955458218,4.5078327101918413086990317716,52.571806373889538583184671589,57.540054154022790419263882147,931074600
11.77,2,0.0878636159492889724076591771,0.0919246559964375,0.0902583627941123,0.087970762126862,0.0863034532450152,0.111747359179045,0.1148292571418524024807580032,0.1087567018341941824807580032,0.00607255530765822,4.50608877538189569113072854,52.570437780218466784909966096,57.531300212569767300774858826,931866400
11.78,2,0.0878540202567366294076591771,0.091915823033388,0.0902521957710817,0.087961154732745,0.0862965134159256,0.111769610584256,0.1148512797661081298404728685,0.1087151787053735198404728685,0.00613610106073461,4.5043473461113527960152170865,52.569077949813329732152820081,57.522546559579103275062359792,932658000
11.79,2,0.0878444478587124754076591771,0.0919070154806347,0.0902460477606626,0.087951570661563,0.0862895905081866,0.11179192157998,0.1148733626081073501339065938,0.1086737157942967001339065938,0.00619964681381065,4.5026085732130973815481879719,52.567766587593941850787119413,57.513822062196146983029130156,933449700
11.80,2,0.0878348888219154374076591771,0.091898223246691,0.0902399086918186,0.0879419999679016,0.0862826745968466,0.111814288156139,0.1148955013087395068327319361,0.1086323087418524568327319361,0.00626319256688705,4.5008723308234123143640522781,52.566452922862404068987116817,57.505089793771684573178283987,934241500
11.81,2,0.0878253541358641204076591771,0.0918894577721728,0.090233790025534,0.0879324536546807,0.0862757767052061,0.11183672265394,0.1149177086016771092835658651,0.1085909702817138492835658651,0.00632673831996326,4.4991389827508115414068732024,52.565151830031186478535655809,57.496360238936401837953572433,935033300
11.82,2,0.0878158425815984534076591771,0.0918807172295821,0.0902276899545979,0.0879229305014537,0.0862688956331182,0.111859207710298,0.1149399670713405778609365043,0.1085496829983011178609365043,0.00639028407303946,4.4974080290913079293110618267,52.56390248118108634871592547,57.487662644511463699846202247,935824900
11.83,2,0.0878063453644815084076591771,0.0918719934778024,0.0902216003581003,0.087913421702859,0.08626202259544,0.111881762499699,0.1149622955971196845791579733,0.1085084657710040045791579733,0.00645382982611568,4.4956800097152036418981223932,52.562644481124799629738488509,57.478952243637488574410545366,936616700
11.84,2,0.0877968702665704124076591771,0.0918632932826745,0.090215528022008,0.0879039350504437,0.0862551654038567,0.111904357513053,0.1149846649247285572440655736,0.1084672893455366572440655736,0.0065173755791919,4.4939540855646003556949089795,52.561399409816992902058672828,57.470245763824572739531924445,937408400
11.85,2,0.0877873995656137254076591771,0.0918546002535206,0.0902094565756889,0.0878944528003447,0.0862483063345635,0.111927031809532,0.1150071135182183979321732290,0.1084261921859502979321732290,0.0065809213322681,4.4922313575690046133788554689,52.560205476358188131336398263,57.461570044584646284231749603,938200200
11.86,2,0.0877779730395791204076591771,0.0918459530681114,0.0902034247168804,0.0878850147790373,0.0862414852340142,0.111949751798674,0.1150296091581206878563050627,0.1083851420727763778563050627,0.00664446708534431,4.4905109017242824971026296198,52.558996931841805906258836298,57.452877913226283139343087058,938991900
11.87,2,0.0877685496820121784076591771,0.0918373112904168,0.0901973920294392,0.0878755799300614,0.0862346610656477,0.111972535963221,0.1150521689054144783059724521,0.1083441560669939483059724521,0.00670801283842053,4.4887932058071043058963402341,52.557815064962672056212148937,57.44419913887510823496007212,939783600
11.88,2,0.0877591495597914354076591771,0.0918286946831932,0.09019137829593,0.0878661683447662,0.0862278539406337,0.111995374542114,0.1150747836953891224110954173,0.1083032251038923724110954173,0.00677155859149675,4.4870780091482809599341664724,52.556679112539069115418450839,57.435548175619549021373174502,940575400
11.89,2,0.0877497723790813384076591771,0.0918201029985207,0.0901853832881622,0.087856779728958,0.0862210635845199,0.112018268864907,0.1150974548488257679307918948,0.1082623505042528079307918948,0.00683510434457296,4.4853653486010301906419148544,52.555528568730105175754003606,57.426880565173565729572810733,941367100
11.90,2,0.0877404094886473424076591771,0.0918115279005173,0.0901793986899054,0.0878474054208524,0.0862142813551852,0.112041228414731,0.1151201915528451599937508349,0.1082215414551959899937508349,0.00689865009764917,4.4836554863726245125679508599,52.554403751873129670276066986,57.418225663239460670126269448,942158800
11.91,2,0.0877310598814073404076591771,0.0918029680971698,0.0901734232287204,0.087838044412139,0.0862075062639053,0.112064245084319,0.1151429856607119200644222181,0.1081807898099865400644222181,0.00696219585072538,4.4819481880919001979724992504,52.553324422712958547957114944,57.409598303703867394545369344,942950500
11.92,2,0.0877217332701248704076591771,0.0917944332437426,0.0901674665793674,0.0878287064274258,0.086200748054796,0.112087316717503,0.1151658353552162037565454808,0.1081400937514146237565454808,0.00702574160380158,4.4802434007152735994254369064,52.552229908205235276317143333,57.400953925207791196510157221,943742300
11.93,2,0.0877124287157287164076591771,0.0917859224965352,0.0901615279175657,0.0878193905264964,0.0861940058070722,0.112110446093873,0.1151887433854870927838694478,0.1080994560286092927838694478,0.0070892873568778,4.4785412020151226103310589487,52.551165629262731008830489159,57.392325894315435091963553364,944534000
11.94,2,0.0877031392852268144076591771,0.0917774289823594,0.090155600389469,0.0878100897679043,0.0861872725986415,0.112133635288575,0.1152117115862105927723841485,0.1080588784762565727723841485,0.00715283310995402,4.4768416435669535297194741782,52.550136234733449723509151389,57.383717624400615730695130737,945325700
11.95,2,0.0876938728990261394076591771,0.0917689602579704,0.0901496915710993,0.087800812081715,0.0861805563788476,0.11215687347231,0.1152347293990849978376125083,0.1080183505360547678376125083,0.00721637886303023,4.4751444219133538721390480733,52.549099740743379245223104241,57.375098519880361130333384178,946117400
11.96,2,0.0876846186900135994076591771,0.0917605060206671,0.0901437911789457,0.0877915465875634,0.0861738462865274,0.112180177376461,0.1152578131864110762561943201,0.1079778885703046262561943201,0.00727992461610645,4.4734500048153449633897734759,52.548084498402915490009286642,57.366488996128305367795624514,946909200
11.97,2,0.0876753874467312624076591771,0.0917520768499288,0.090137909811602,0.0877823040871478,0.0861671531425055,0.112203540448292,0.1152809567693296593152916226,0.1079374864001469893152916226,0.00734347036918267,4.4717582142772655081275728666,52.547117556922110674102463324,57.357909252641687275669167531,947700900
11.98,2,0.0876661712944006844076591771,0.091743664730218,0.0901320394725704,0.0877730766960868,0.0861604690814516,0.112226959068944,0.1153041562521125966552347538,0.1078971401298537266552347538,0.00740701612225887,4.4700689377103760209008117272,52.546139804386856510886688477,57.349315794078476058056726563,948492600
11.99,2,0.0876569860225419224076591771,0.0917352852387918,0.0901261957580725,0.0877638802231551,0.0861538099311165,0.112250426332016,0.1153274052768669094755396942,0.1078568434015318294755396942,0.00747056187533508,4.4683819919900818007395988546,52.545183379293951714103513649,57.340732568945830613041872207,949284400
12.00,2,0.0876478049021066764076591771,0.0917269122529546,0.0901203525643027,0.0877546879067094,0.0861471489487586,0.112273961001035,0.1153507216846797893135415867,0.1078166140562684893135415867,0.0075341076284113,4.4666978872415223354224156926,52.544239352923652203388725127,57.33215245438877692460363578,950076100
12.01,2,0.0876386456502768174076591771,0.0917185630457202,0.0901145271830908,0.087745517485537,0.0861405038919924,0.112297549427714,0.1153740924390544807960818761,0.1077764390575669807960818761,0.0075976533814875,4.4650162490122128155406505209,52.543341378760170287266662824,57.323600783440038805334157122,950867800
12.02,2,0.0876295004638052074076591771,0.0917102295684631,0.0901087115845532,0.087736361146875,0.0861338669668085,0.112321184993547,0.1153975106452776723088196960,0.1077363115107139523088196960,0.00766119913456372,4.4633368787987856753330166987,52.542434559751101940105207409,57.315037169373770504635234642,951659600
12.03,2,0.0876203782716745024076591771,0.0917019215471838,0.0901029155133589,0.0877272278305946,0.086127247131758,0.11234489005363,0.1154209989849110656940253210,0.1076962540972711356940253210,0.00772474488763993,4.4616604253957542405995070682,52.541553140458835418145210077,57.306486288874500247360913672,952451300
12.04,2,0.0876112779944806884076591771,0.0916936370678362,0.0900971370740574,0.0877181164559755,0.0861206433247275,0.11236864076285,0.1154445335612169519995070629,0.1076562429205008019995070629,0.00778829064071615,4.4599862032276624582841848293,52.54070250382103596464261009,57.297952902235490572282829721,953243000
12.05,2,0.0876022016261511924076591771,0.0916853791017491,0.0900913792565003,0.0877090290193766,0.0861140575606098,0.112392465005202,0.1154681423455495050717410431,0.1076163059517571350717410431,0.00785183639379237,4.4583150126304031950214610628,52.539862591471286524229261468,57.28942131587444956467167043,954034800
12.06,2,0.0875931272339448534076591771,0.0916771243791238,0.0900856188093388,0.0876999435613106,0.086107467898379,0.112416325640936,0.1154917874093218444456107502,0.1075764052624532744456107502,0.00791538214686857,4.4566457660456261822371422884,52.539025172821004574823888394,57.28088659564475531003821126,954826500
12.07,2,0.0875840766652073574076591771,0.0916688957367135,0.0900798785877041,0.0876908819557653,0.086100896230412,0.11244024985759,0.1155154967211443518505320193,0.1075365688211995718505320193,0.00797892789994478,4.4549792637306465020838962662,52.538208952259149009705336898,57.272361789383391322834449002,955618200
12.08,2,0.0875750479872378504076591771,0.0916606911953985,0.0900741566307829,0.0876818422676829,0.0860943406399686,0.112464236426535,0.1155392689847022440476938302,0.1074967953316812440476938302,0.008042473653021,4.453315467564408750778924958,52.537442220288731325305062062,57.263867996161046515177020725,956409900
12.09,2,0.0875660321940443834076591771,0.091652501093148,0.0900684432947792,0.087672815480089,0.0860877921283202,0.112488267032526,0.1155630855593464401565281535,0.1074570661532492401565281535,0.0081060194060972,4.4516538425472815245394303242,52.536659977752548967584082881,57.255357511992452341809605694,957201700
12.10,2,0.0875570392796549664076591771,0.0916443359940088,0.0900627491619037,0.0876638115991989,0.0860812607198572,0.112512357474478,0.1155869626036803863600015676,0.1074173974445069663600015676,0.00816956515917342,4.4499948506047900139568006457,52.535894446805256536912896921,57.246853806839916605050359437,957993400
12.11,2,0.0875480593738158484076591771,0.0916361860837383,0.0900570644360067,0.0876548207427225,0.0860747365503934,0.112536509872873,0.1156109018950146929594031355,0.1073777909827650529594031355,0.00823311091224964,4.4483385416687737068095173611,52.535185480430800745738954596,57.238386525857139211415234351,958785100
12.12,2,0.0875391020523503064076591771,0.0916280606422736,0.0900513984150476,0.0876458524981605,0.0860682292254627,0.112560715252271,0.1156348947878698711931744532,0.1073382381225440211931744532,0.00829665666532585,4.446684667080112902127689272,52.534461082797049709848285138,57.229902373355296625027973322,959576800
12.13,2,0.0875301566652033114076591771,0.0916199489064944,0.0900457403538586,0.0876368962024704,0.0860617280999862,0.112584970932309,0.1156589382285152215054334460,0.1072987358101131515054334460,0.00836020241840207,4.4450331383715085200854955407,52.533748361573246297029095856,57.221421632154160023941236221,960368600
12.14,2,0.0875212331215724924076591771,0.0916118611900019,0.0900401005839236,0.0876279617769338,0.086055243113139,0.112609287973754,0.1156830436315428803343869831,0.1072592954600646103343869831,0.00842374817147827,4.4433842815625632921087426844,52.533066929590741199819631809,57.212958604899032661531043977,961160300
12.15,2,0.0875123242919349034076591771,0.0916037899963402,0.0900344716265998,0.0876190420833336,0.0860487671445279,0.112633656241962,0.1157072006074823606748207926,0.1072199066829278806748207926,0.00848729392455448,4.4417377980325102735802144248,52.532416459467559983832773768,57.204513406076076025795521369,961952000
12.16,2,0.0875034363669507464076591771,0.0915957417317458,0.0900288599058676,0.0876101433198792,0.0860423064101171,0.112658081585241,0.1157314152252734161189565680,0.1071805755476427161189565680,0.0085508396776307,4.4400938606593026550912990435,52.531763476225230133394142225,57.196060901110721164792697638,962743700
12.17,2,0.0874945610714084434076591771,0.0915877077852184,0.090023256828402,0.0876012572012677,0.0860358526422898,0.112682554820842,0.1157556780078569275934323934,0.1071412925771500275934323934,0.0086143854307069,4.4384521969608254652548962207,52.531123826757600526232312553,57.187613216194358953174486987,963535500
12.18,2,0.0874857085951143374076591771,0.0915796988725574,0.0900176731276091,0.0875923939297316,0.0860294160608959,0.112707090476698,0.1157800038489069413163918665,0.1071020726651238213163918665,0.00867793118378312,4.436813232625035867892510196,52.530500399223837574966312107,57.179172084350845244728739303,964327200
12.19,2,0.0874768689443189704076591771,0.091571704612796,0.0900120984400606,0.0875835434993344,0.0860229866775479,0.112731677987395,0.1158043818277668144534669243,0.1070629048909074744534669243,0.00874147693685934,4.4351766538138159451568087309,52.529921815588361239539025943,57.170759268927579944413035034,965118900
12.20,2,0.0874680509666246994076591771,0.0915637342548397,0.0900065420321322,0.0875747147684678,0.0860165733681188,0.112756328380541,0.1158288232887194858830894074,0.1070238005987839258830894074,0.00880502268993556,4.4335427845325588608692960661,52.52934621274747593251707275,57.162343160677684036247574786,965910700
12.21,2,0.0874592456562751854076591771,0.0915557780931014,0.0900009942156404,0.0875658987203933,0.086010167133284,0.11278102208688,0.1158533083363165602713685960,0.1069847398933047902713685960,0.00886856844301177,4.4319110538342816436428718793,52.528778897832149631678651821,57.153928338234278911606625156,966702400
12.22,2,0.0874504620209052614076591771,0.091547845673057,0.0899954645533969,0.0875571043737301,0.0860037770090089,0.112805774035589,0.1158778522243780471784300120,0.1069457380282900771784300120,0.00893211419608797,4.4302818977243730516732267356,52.528231785752491907029039693,57.145523288123534858580520459,967494100
12.23,2,0.0874417011015823674076591771,0.0915399377616607,0.0899899538296246,0.0875483327708153,0.0859974040549101,0.112830576321934,0.1159024470803544130363516963,0.1069067871311902230363516963,0.00899565994916419,4.4286550896865430051345397916,52.52771539991390882286592035,57.137136166322241192691904564,968285800
12.24,2,0.0874329429057592264076591771,0.0915320347099823,0.0899844424125956,0.0875395638947214,0.0859910282712729,0.112855439832775,0.1159271030993353253972353999,0.1068678973970949353972353999,0.00905920570224039,4.4270309208042208030569198489,52.527203783607478627113076313,57.128747241261850612742515058,969077600
12.25,2,0.0874242054870375314076591771,0.0915241543082352,0.0899789481096593,0.0875308158210659,0.0859846677508611,0.112880356079098,0.1159518124189468692981365066,0.1068290609636302692981365066,0.0091227514553166,4.4254091648526163388446620294,52.526710984017825491305880547,57.120367302385562121092244831,969869300
12.26,2,0.0874154915743498234076591771,0.0915162989987533,0.0899734733802196,0.087522091282109,0.0859783252430154,0.112905316710211,0.1159765667794166143466362971,0.1067902695710237943466362971,0.00918629720839282,4.4237895842223215326719454925,52.526221220016826985873776227,57.111984771616924452444355882,970661100
12.27,2,0.0874067892948643624076591771,0.0915084574798638,0.089968006939608,0.0875133783905405,0.0859719888774403,0.112930338703475,0.1160013827539321757007880223,0.1067515397924631357007880223,0.00924984296146904,4.4221726527158231427344607978,52.525780216065534406122877763,57.103633526156220439284848475,971452900
12.28,2,0.0873981095696448514076591771,0.0915006404576235,0.0899625595108201,0.0875046880807421,0.0859656696054665,0.112955415329073,0.1160262539910046013712803783,0.1067128652764593513712803783,0.00931338871454525,4.4205581873919851708752235892,52.525339873459523675850993856,57.095277656973940147690191746,972244500
12.29,2,0.0873894416714330334076591771,0.0914928373472165,0.089957120525914,0.0874960096123739,0.0859593567036384,0.112980551227511,0.1160511847594965061004264362,0.1066742502918750361004264362,0.00937693446762147,4.4189463095603688612253902225,52.524914577726524253228206204,57.086927866538866260910080248,973036300
12.30,2,0.0873807951843501254076591771,0.0914850571166254,0.0899516989696811,0.0874873525812446,0.0859530597845838,0.113005728252119,0.1160761572373567999694680111,0.1066356770166591299694680111,0.00944048022069767,4.4173365076724306212537900209,52.524497615741404175703279632,57.078579652673974127513041821,973828000
12.31,2,0.0873721613080794944076591771,0.0914772916489513,0.0899462867419669,0.087478708176306,0.0859467700540091,0.113030966433944,0.1161011911607408490754269135,0.1065971651869669590754269135,0.00950402597377389,4.4157293461430158035302998652,52.524130690220943669136546656,57.070263859082215694771136776,974619800
12.32,2,0.0873635400948394034076591771,0.0914695407224098,0.0899408836376674,0.08747007644984,0.0859404875808868,0.11305625792326,0.1161262786775441857740931650,0.1065587069506940957740931650,0.00956757172685009,4.4141245990415343014592148755,52.523752000112370102958113607,57.061934210905985989625973537,975411500
12.33,2,0.0873549493500305884076591771,0.0914618218965071,0.0899355072329052,0.0874614752289603,0.085934230208957,0.113081594745037,0.1161514124309937307345004988,0.1065202949510674307345004988,0.0096311174799263,4.4125220546275944408405278906,52.523384488767789205533240383,57.053608215471311247550875041,976203200
12.34,2,0.0873463612567759344076591771,0.091454107732806,0.0899301301057958,0.0874528766628682,0.085927970103984,0.113106989193322,0.1161766037506370617460981456,0.1064819405176345417460981456,0.00969466323300252,4.4109220364844695742441157935,52.523039913398516812845429426,57.045294429793127992327070875,976994900
12.35,2,0.0873377956784979604076591771,0.0914464183557594,0.0899247723972818,0.0874443006392089,0.0859217271701125,0.113132447701689,0.1162018597690375700396803558,0.1064436507829588300396803558,0.00975820898607874,4.4093247479606701359086919442,52.522715180652582805265879409,57.036990344617451902962456926,977786700
12.36,2,0.0873292515528007724076591771,0.0914387518002606,0.0899194321586825,0.087435746094291,0.0859155003600872,0.113157944474968,0.1162271546387320539877459857,0.1064053998995771039877459857,0.00982175473915495,4.4077294475965534516342491811,52.522428579102097172549875894,57.02871056465614837756159902,978578400
12.37,2,0.0873207189882709584076591771,0.0914310986466588,0.089914099986711,0.0874272031246388,0.0859092797868065,0.113183493540385,0.1162525020502308410885382754,0.1063672015579996710885382754,0.00988530049223117,4.4061365266119928739906643879,52.522123421369482316487359321,57.020411895306440567574555939,979370100
12.38,2,0.0873121989223358454076591771,0.0914234599857106,0.089908776988425,0.0874186726688229,0.0859030664051518,0.113209099239031,0.1162779063806151825686732094,0.1063290601353078125686732094,0.00994884624530737,4.4045461094167522696123486432,52.521848156491714235085052989,57.012130830632288737342304955,980161900
12.39,2,0.0873036993495704414076591771,0.0914158439539069,0.0899034713165545,0.0874101627311673,0.0858968682356961,0.113234765215387,0.1163033715566737664748422645,0.1062909795582901664748422645,0.0100123919983836,4.4029583075206829910691788268,52.521591762802786523008873871,57.003858960304031381550180714,980953600
12.40,2,0.0872952232645673584076591771,0.0914082527420719,0.0898981851781008,0.0874016763099164,0.0858906882928709,0.113260468295058,0.1163288744951519678173540534,0.1062529367436921678173540534,0.0100759377514598,4.4013724586528749049955660212,52.521363020976795657507381857,56.995603635653700586247165029,981745300
12.41,2,0.0872867575886256184076591771,0.0914006742577306,0.0898929064967046,0.0873932003104203,0.0858845134981517,0.113286237404589,0.1163544436835142314457917850,0.1062149601789782314457917850,0.010139483504536,4.3997893779347199583355734246,52.52113414760491220879196375,56.987343018731844958924214918,982537000
12.42,2,0.0872783033896839584076591771,0.0913931089736849,0.089887635761222,0.08738473580192,0.0858783449368434,0.113312055444974,0.1163800620502302577040525200,0.1061770327926180577040525200,0.0102030292576122,4.3982085753185134233494258001,52.52092212251984497370280559,56.979090483153397245398878784,983328800
12.43,2,0.0872698715890763024076591771,0.0913855677889723,0.0898823838866835,0.0873762937190676,0.0858721935596011,0.113337921204919,0.1164057287656748908833010369,0.1061391537549864908833010369,0.0102665750106884,4.3966300260528886526070000266,52.520729878068604459444626038,56.970848303765524434860812985,984120500
12.44,2,0.0872614522547760974076591771,0.0913780407988391,0.0898771409842681,0.0873678641177247,0.0858660494382286,0.113363835985275,0.1164314447847922157757702374,0.1061013240210275157757702374,0.0103301207637647,4.3950537565106075395125912254,52.520542650621503996935242912,56.962605278884391302520095958,984912200
12.45,2,0.0872530523081518554076591771,0.0913705353261201,0.0898719143926822,0.0873594539277004,0.0858599195184165,0.113389810919307,0.1164572214901801494223384484,0.1060635549733392494223384484,0.0103936665168409,4.3934800917947194098661922354,52.520402061771785207005800726,56.954392696513141552303585871,985703900
12.46,2,0.0872446658720336164076591771,0.0913630452639331,0.0898666980208556,0.0873510572646576,0.085853797931649,0.113415839736324,0.1164830524023931999320025351,0.1060258401324760999320025351,0.0104572122699171,4.3919088452984117246764004589,52.520260870173902917952269988,56.946174917063884234225160987,986495700
12.47,2,0.0872362896846620924076591771,0.0913555668134022,0.0898614880856639,0.0873426708628594,0.0858476814279507,0.113441907225667,0.1165089221880107651921150114,0.1059881641650174651921150114,0.0105207580229933,4.3903395767671848365130927758,52.520125268642914092685395535,56.937957095019522371922750354,987287400
12.48,2,0.0872279358691087414076591771,0.0913481129935782,0.0898562976218505,0.0873343068601609,0.0858415821608784,0.113468038409074,0.1165348563084317544697391372,0.1059505525323622544697391372,0.0105843037760695,4.3887730146320124768020757074,52.520012116093605113011760273,56.929751332468078350949015515,988079100
12.49,2,0.0872196035476359944076591771,0.0913406823772215,0.0898511252178078,0.0873259643777543,0.0858354992672663,0.113494217596299,0.1165608390337055909651307416,0.1059129895045598909651307416,0.0106478495291457,4.3872087072786351065519466524,52.51991506509319146083988336,56.921553286540180508017965757,988870800
12.50,2,0.0872112814597745304076591771,0.0913332635606829,0.0898459594854606,0.0873176321414384,0.0858294214884964,0.113520441276688,0.1165868664578781555114302634,0.1058754711756562555114302634,0.0107113952822219,4.3856465418253516459368847727,52.519851289677250351915050848,56.913376174386843767606289796,989662600
12.51,2,0.0872029717818196544076591771,0.0913258592581014,0.0898408031544627,0.0873093123301624,0.0858233510190423,0.113546724737495,0.1166129539541539927624549836,0.1058380129188558927624549836,0.0107749410352981,4.3840869576976572587783943084,52.51978124071769080035743828,56.905189466795236604990084609,990454300
12.52,2,0.0871946834543679814076591771,0.0913184782483278,0.0898356650191208,0.0873010138954258,0.0858172968258687,0.11357306287792,0.1166390967317582393140398323,0.1058006099433838393140398323,0.0108384867883744,4.3825298166655965680635612595,52.519733296434588658751548049,56.89701493562170877974067456,991246100
12.53,2,0.0871864173455397834076591771,0.0913111207144648,0.0898305452779355,0.0872927377064074,0.0858112597935618,0.113599436035602,0.1166652751472344482183921703,0.1057632426057838482183921703,0.0109020325414506,4.3809745550012367643837739067,52.519699659099994220917975894,56.888847228045228868517171314,992037800
12.54,2,0.0871781516304534214076591771,0.0913037656750444,0.0898254229647786,0.0872844619116109,0.0858052180859744,0.11362586950578,0.1166915137487052156334345113,0.1057259354541784156334345113,0.0109655782945268,4.3794218749721067143734433314,52.519674270153906704568192654,56.880681041010524789853877902,992829500
12.55,2,0.0871699061770585874076591771,0.0912964328882278,0.0898203178530931,0.0872762064032143,0.0857991916105756,0.11365235910296,0.1167178090433098160269254497,0.1056886849957068160269254497,0.011029124047603,4.3778716755307679325809350133,52.519695632546978107727979506,56.872545898806874447839908864,993621200
12.56,2,0.0871616839274447664076591771,0.0912891248414668,0.0898152324455554,0.0872679741268948,0.0857931833282763,0.113678891653336,0.1167441479526099356500511646,0.1056514781519307356500511646,0.0110926698006792,4.3763235810231761236621714338,52.519710775378441887681100455,56.864401759801645705351114684,994413000
12.57,2,0.0871534720555616124076591771,0.0912818290849082,0.0898101543074791,0.0872597522409612,0.0857871804125618,0.1137054786013,0.1167705414800600934530151360,0.1056143259263046934530151360,0.0111562155537554,4.374777905690735234561215792,52.519732104834054758061841574,56.856257793901969181278771221,995204700
12.58,2,0.0871452714300180064076591771,0.0912745460766199,0.0898050839120423,0.0872515416150816,0.0857811837482193,0.113732108144457,0.1167969778469703800698480485,0.1055772165401387800698480485,0.0112197613068316,4.3732343111144499699339905701,52.519776348112201731787146599,56.848127146913193274340205307,995996400
12.59,2,0.0871370920457294674076591771,0.0912672864600223,0.089800031917719,0.0872433522563599,0.0857752033574154,0.113758798329332,0.1168234754608462167190074187,0.1055401684009384167190074187,0.0112833070599078,4.3716933236461554119331635273,52.519832813723965413025717468,56.840001147341997997619976373,996788200
12.60,2,0.0871289338976277964076591771,0.0912600496798876,0.0897949977842778,0.0872351841597218,0.0857692392500816,0.113785533401148,0.1168500185576554539785250761,0.1055031657446713539785250761,0.0113468528129841,4.3701544906952168595888434637,52.519913855816218077856868953,56.831889726686377320358871886,997579900
12.61,2,0.0871207869073498254076591771,0.0912528260825302,0.0897899718729739,0.0872270272345139,0.0857632813505141,0.113812326048643,0.1168766194820188047815059727,0.1054662209159585047815059727,0.0114103985660603,4.3686181649246080710967209419,52.520026717372309913947548051,56.823798124966259480939307006,998371600
12.62,2,0.0871126413413662674076591771,0.0912456056112698,0.0897849441420114,0.0872188717353373,0.0857573199282078,0.113839167527466,0.1169032691444584629745193889,0.1054293248253219629745193889,0.0114739443191365,4.3670840849556085342352773993,52.520134820491000277534200552,56.815698595882860343540066028,999163300
12.63,2,0.0871045257980672614076591771,0.0912384166032412,0.089779942943354,0.0872107462954567,0.0857513836312651,0.113866048857258,0.1169299595595543524499999648,0.1053924694873416524499999648,0.0115374900722127,4.36555202103840611563892392,52.520250774337501265704467457,56.807601037991709414318162417,999955100
12.64,2,0.0870964313975327554076591771,0.0912312507727352,0.0897749600060657,0.0872026420241234,0.0857454635837196,0.113892987518751,0.1169567079087394228238477628,0.1053556720834505228238477628,0.0116010358252889,4.3640224644004440326689328218,52.520391698891995105903068135,56.799518127179785980478521294,1000747000
12.65,2,0.0870883392813969634076591771,0.0912240889754274,0.0897699762005401,0.0871945400399745,0.0857395409189354,0.113919976310777,0.1169835063276174859420024163,0.1053189247492523859420024163,0.0116645815783651,4.3624951887589948815425060662,52.520544768228145085776492373,56.791440270424782595841927994,1001538000
12.66,2,0.0870802673488460264076591771,0.0912169493236236,0.0897650096537461,0.0871864582640236,0.0857336335725981,0.113947020397901,0.1170103606102310493193596292,0.1052822332787897493193596292,0.0117281273314413,4.3609703591167772584768456137,52.520719567756763441709189245,56.78337469474904376707228523,1002330000
12.67,2,0.0870722064931656854076591771,0.0912098220607211,0.0897600506236893,0.087178387578451,0.0857277324415052,0.113974101646415,0.1170372522939273139226868006,0.1052455792094098139226868006,0.0117916730845175,4.3594474455733882188547351854,52.520914062588210537173405719,56.775320386241717653042534652,1003122000
12.68,2,0.0870641667603933264076591771,0.0912027179156467,0.0897551098538503,0.087170338041545,0.0857218475985076,0.114001239084818,0.1170642007705545305622873217,0.1052089819329607305622873217,0.0118552188375938,4.3579270026799905208718653397,52.521120042388451883047226284,56.767270515176583959074737384,1003914000
12.69,2,0.0870561382691058874076591771,0.0911956266965324,0.0897501771668604,0.0871622997598324,0.0857159691646404,0.114028424340385,0.1170911973173051258628577611,0.1051724327266351258628577611,0.01191876459067,4.3564087795621906255368334794,52.521327322326532867673601759,56.759217503842897204306033379,1004705000
12.70,2,0.0870481298905009494076591771,0.0911885572340932,0.0897452614078802,0.087154281615329,0.0857101060363736,0.11405565578851,0.1171182406192533424530408401,0.1051359302755071424530408401,0.0119823103437462,4.3548927375657708586496324444,52.521551883630633312288599481,56.751173708140284149972432441,1005497000
12.71,2,0.0870401325332306254076591771,0.0911815008279026,0.0897403538908749,0.0871462745056002,0.0857042491256732,0.114082945099586,0.1171453420365450233706991862,0.1050994859397224233706991862,0.0120458560968226,4.3533792011505745727801391144,52.521797145508592050363094086,56.743141476260570474032699264,1006289000
12.72,2,0.0870321463655237884076591771,0.0911744571775903,0.0897354543298119,0.0871382785990802,0.08569839861532,0.114110278845357,0.1171724881391218830527301545,0.1050630862892232830527301545,0.0121094018498986,4.3518677845894016077928805309,52.522056454781164784124890438,56.735116082934994292616590991,1007081000
12.73,2,0.0870241811731461434076591771,0.091167436058595,0.0897305725144154,0.0871303036934679,0.0856925643173067,0.11413765621687,0.1171996784601788295739003228,0.1050267308572040295739003228,0.0121729476029748,4.3503584735249073430276176135,52.522356426741798332340514855,56.727118105667836217609952237,1007872000
12.74,2,0.0870162261602340844076591771,0.091160426962899,0.0897256979508987,0.0871223389797347,0.0856867354368448,0.114165086022113,0.1172269214361123069423860566,0.1049904280800613069423860566,0.012236493356051,4.3488515086576746451187614435,52.522638770306340589771921669,56.71910235630288326521773789,1008664000
12.75,2,0.0870082921990404344076591771,0.0911534408131416,0.0897208415760805,0.0871143953433916,0.0856809228736331,0.114192569133802,0.1172542183207958222564971338,0.1049541792116686222564971338,0.0123000391091272,4.3473469249241754342404911809,52.522950411538894286407551494,56.711105040900007825295102569,1009456000
12.76,2,0.0870003683214051944076591771,0.0911464664688914,0.0897159922636558,0.0871064618029034,0.0856751156602713,0.114220101192942,0.1172815643695863218624967776,0.1049179795073828218624967776,0.0123635848622035,4.3458445854160204418186133474,52.523267288662089149492611602,56.703107732707676246017840442,1010248000
12.77,2,0.0869924664858724024076591771,0.0911395156534734,0.089711161751023,0.0870985503313971,0.0856693257839687,0.114247674836648,0.1173089526337140165532757323,0.1048818220184342165532757323,0.0124271306152798,4.3443442900812621556316093806,52.523599853177145746093401787,56.695118720153940237404285588,1011039000
12.78,2,0.0869845746510012344076591771,0.0911325768836221,0.0897063385689387,0.0870906488727479,0.085663541202631,0.114275306679417,0.1173363993172837885890888367,0.1048457229489278885890888367,0.0124906763683559,4.3428465021489398747095880842,52.523949434772476224606037426,56.687138612858731328082557485,1011831000
12.79,2,0.0869766928486770444076591771,0.0911256495959958,0.089701522168031,0.0870827574588799,0.0856577619621607,0.114302979674023,0.1173638873642814313916273060,0.1048096652428491313916273060,0.0125542221214323,4.3413507320158765459966126579,52.524314063763857818998623773,56.679166382456897806811431294,1012623000
12.80,2,0.0869688320374890384076591771,0.0911187451545156,0.0896967239261396,0.087074887061746,0.0856519990484374,0.114330704852968,0.1173914281975694474716188198,0.1047736603230609474716188198,0.0126177678745085,4.3398573059386054417529078614,52.524715221908900528515847271,56.671218387320321070274136607,1013415000
12.81,2,0.0869609832493525094076591771,0.0911118542984676,0.0896919345964169,0.0870670287023251,0.0856462434963152,0.114358474305863,0.1174190135888670359159838736,0.1047376999612823359159838736,0.0126813136275847,4.3383659872098829145483505755,52.525102543131929393046074388,56.663255855338454633282856634,1014206000
12.82,2,0.0869531434428864954076591771,0.0911049740430179,0.0896871512078446,0.0870591793355276,0.0856404922745284,0.114386289810881,0.1174466452115768245414542932,0.1047017858309159245414542932,0.0127448593806609,4.3368768227847948577872359202,52.525509766026910930731176338,56.655304901792286353788394359,1014998000
12.83,2,0.0869453246133804354076591771,0.0910981168540199,0.0896823862400409,0.0870513509712706,0.0856347574067672,0.114414164214211,0.1174743363395958868025731581,0.1046659312058587868025731581,0.0128084051337371,4.3353901919481217592480453363,52.525941973445725275826265232,56.647369142608524967422357576,1015790000
12.84,2,0.0869375258767541604076591771,0.0910912812989581,0.089677638274204,0.0870435427243959,0.0856290380215955,0.114442081856565,0.1175020712736579653196432547,0.1046301203868446653196432547,0.0128719508868133,4.3339056439646307559823990254,52.526373779400063696865233992,56.639429327610129980419358152,1016581000
12.85,2,0.0869297279502509054076591771,0.0910844481565344,0.089672888102699,0.0870357352886321,0.0856233148264134,0.114470045507775,0.1175298521115728293542174098,0.1045943554716833293542174098,0.0129354966398895,4.3324232379477953625386624669,52.526823316401733283677563502,56.631499495889446717286017406,1017373000
12.86,2,0.0869219509866646854076591771,0.0910776375179383,0.0896681558303286,0.0870279488413487,0.085617608012212,0.114498052347294,0.1175576767361582134529663718,0.1045586343431924134529663718,0.0129990423929658,4.330942912260430445551246741,52.527290922258707585437204204,56.623579996441348322278657616,1018165000
12.87,2,0.0869141940647386564076591771,0.0910708489848053,0.0896634410722907,0.0870201824601656,0.0856119166701818,0.114526117396596,0.1175855601463076459712198339,0.1045229720002656459712198339,0.013062588146042,4.32946509560483478998572645,52.527796743323755600229732574,56.615686127743106374454515202,1018957000
12.88,2,0.0869064469762023924076591771,0.0910640714536311,0.0896587327385945,0.0870124259243636,0.0856062305931253,0.114554215553951,0.1176134768685482345963728817,0.1044873429694300345963728817,0.0131261338991182,4.3279890572353842624765126721,52.52828472823771791638834112,56.607774999645310245675548242,1019748000
12.89,2,0.0868987118830365354076591771,0.0910573079790094,0.0896540338972966,0.08700468139856,0.085600551959131,0.114582372266697,0.1176414524417888210502168102,0.1044517727895944210502168102,0.0131896796521944,4.3265155278035557564279005299,52.528796984506353376275794927,56.599878702995289133996714944,1020540000
12.90,2,0.0868909956144049934076591771,0.0910505646269886,0.0896493506278596,0.0869969557202464,0.0855948876191128,0.114610565323771,0.1176694648806674693391808205,0.1044162394753968693391808205,0.0132532254052706,4.325043876490766192014069182,52.529315071550443589041785128,56.591983496374389480548557814,1021332000
12.91,2,0.0868832903315690384076591771,0.0910438346890749,0.0896446762351541,0.0869892410411252,0.0855892297381457,0.11463882750141,0.1176975467077993500017714057,0.1043807755494525500017714057,0.0133167711583468,4.3235750340169428950350114708,52.529856777552670927130254434,56.58410239017942469567323085,1022124000
12.92,2,0.0868756049102741414076591771,0.0910371258714858,0.0896400184387136,0.0869815462477653,0.0855835872161226,0.114667124843196,0.1177256642568572676890401766,0.1043453473454342676890401766,0.013380316911423,4.3221080349284891912907202347,52.530409168597492372392438128,56.576226235142681461514176301,1022915000
12.93,2,0.0868679303003348894076591771,0.0910304291937687,0.0896353682713522,0.0869738622789451,0.0855779510050968,0.114695459819746,0.1177538196840047138461538278,0.1043099570195055138461538278,0.0134438626644992,4.3206429400105709741854905969,52.530975383670561109010395553,56.568357442565370538245659541,1023707000
12.94,2,0.0868602656252841114076591771,0.0910237445287988,0.0896307256191633,0.0869661882571286,0.0855723202407586,0.114723853934882,0.1177820344759886389789821947,0.1042746260584131389789821947,0.0135074084175755,4.3191803638287651103537336353,52.531560286403240669319574391,56.560499260593198877116833005,1024499000
12.95,2,0.0868526117981238924076591771,0.0910170723658123,0.0896260909845533,0.0869585250964312,0.0855666958504015,0.114752295005245,0.1178102964744042988062136096,0.1042393423037525988062136096,0.0135709541706517,4.3177199570860934115309079915,52.532148321540516463513160712,56.552639886981284745859819661,1025290000
12.96,2,0.0868449778509879934076591771,0.0910104217115071,0.0896214733873416,0.0869508818400011,0.0855610868903033,0.114780781828721,0.1178386047926584276088021626,0.1042041048689305276088021626,0.0136344999237279,4.3162616933991458795600293054,52.532782494926023619802143849,56.544812990668971108646772367,1026082000
12.97,2,0.0868373637060575694076591771,0.0910037922897009,0.0896168725644202,0.0869432584099244,0.0855554932956322,0.114809308728555,0.1178669537482716740819966777,0.1041689080714675740819966777,0.0136980456768041,4.3148054089925167050324858598,52.533403456517377134282330592,56.536972345015078940145569924,1026874000
12.98,2,0.0868297603954943624076591771,0.0909971754493906,0.0896122798778118,0.086935645827427,0.0855499061006481,0.114837885247145,0.1178953525763678204091475990,0.1041337611464875204091475990,0.0137615914298803,4.313351367448654375726759091,52.534036665936939796867743953,56.529137627058338778612352104,1027666000
12.99,2,0.0868221668781629914076591771,0.0909905701940794,0.0896076943439984,0.0869280430501039,0.0855443242759325,0.114866512716876,0.1179238025741957151381482721,0.1040986653912392151381482721,0.0138251371829565,4.3118996049466141639030737647,52.534692178241518284678794107,56.521316702821892972692945901,1028457000
13.00,2,0.0868145831862529974076591771,0.0909839760576235,0.0896031155097674,0.0869204501101839,0.0855387478666533,0.114895176865209,0.1179522894620939075824069347,0.1040636065260612075824069347,0.0138886829360327,4.3104497114198810165054930769,52.535351297758788672432706533,56.513495330147204835402128835,1029249000
13.01,2,0.0868070202786566384076591771,0.0909774048594539,0.089598555207434,0.0869128779799232,0.0855331878579589,0.114923901760085,0.1179808377062831894483247323,0.1040286090171742894483247323,0.0139522286891089,4.3090023867896842593340098709,52.536037498155524089426023418,56.505691284598055172358688935,1030041000
13.02,2,0.0867994761509355044076591771,0.0909708536004209,0.0895940104506859,0.086905324652439,0.0855276422558117,0.114952659021277,0.1180094188396053488818165681,0.1039936443974201488818165681,0.0140157744421852,4.307556814547642785792919265,52.536726429654530272069677796,56.49788624995269674846289093,1030833000
13.03,2,0.0867919337986648844076591771,0.0909643060938425,0.0895894650656317,0.0868977731025704,0.0855220940478491,0.114981472956411,0.1180380565904185667925676191,0.1039587363951571667925676191,0.0140793201952614,4.3061136734767748949123300618,52.537433560591321813829394101,56.490091756582961728001844267,1031624000
13.04,2,0.0867844202174336994076591771,0.0909577886034844,0.0895849453287812,0.0868902503588264,0.085516570275332,0.115010321193874,0.1180667295177730435548487114,0.1039238635694354435548487114,0.0141428659483376,4.3046723483547449124922351011,52.538150493069724440322112272,56.482301800407778176160633482,1032416000
13.05,2,0.0867769074829312054076591771,0.0909512742299734,0.0895804243534593,0.0868827284628436,0.0855110429926027,0.11503923454675,0.1180954674776520040659642270,0.1038890557762382040659642270,0.0142064117014138,4.3032336935081193530809998633,52.538910290459186538281201802,56.474541610701592257726551793,1033208000
13.06,2,0.0867694133937647464076591771,0.0909447798168497,0.0895759189958576,0.0868752252349341,0.0855055300326327,0.115068184732452,0.1181242427929701991773294217,0.1038542853384801991773294217,0.01426995745449,4.3017969150624330833130354288,52.539661965761209632830753806,56.466771868948421846500485652,1033999000
13.07,2,0.0867619310258307984076591771,0.0909382984710431,0.0895714223755119,0.0868677337425507,0.0855000244754883,0.115097173002023,0.1181530564738840922770516699,0.1038195532663178922770516699,0.0143335032075662,4.3003620409721632670098460377,52.54041971444653261670231986,56.459003715272598877628092748,1034791000
13.08,2,0.0867544574909765924076591771,0.0909318278389521,0.089566932151381,0.0868602510940186,0.0854945234420626,0.115126214813904,0.1181819238877155259619312832,0.1037848749270731259619312832,0.0143970489606424,4.2989295104943024187197971714,52.541191800057330433135502535,56.451243269961820989144911894,1035583000
13.09,2,0.0867470035522716074076591771,0.0909253784734058,0.0895624588888085,0.0868527880655325,0.0854890377210727,0.115155303583201,0.1182108388223083340220179115,0.1037502441085897340220179115,0.0144605947137186,4.2974991446793074050772999084,52.541985070778045680834787561,56.4434961172399104623808311,1036375000
13.10,2,0.0867395604376163344076591771,0.0909189411746677,0.0895579934005274,0.0868453358742956,0.0854835585421986,0.115184427523195,0.1182397891774916808004915055,0.1037156487106967808004915055,0.0145241404667949,4.2960705958984485518823470925,52.542780613961930227536147155,56.435747693852295502325554197,1037166000
13.11,2,0.0867321369108209424076591771,0.0909125251820822,0.0895535449383067,0.0868379032948051,0.0854780946923698,0.115213599791774,0.1182687884260203328956384810,0.1036811022061492328956384810,0.0145876862198711,4.2946442491333581849349315629,52.543588969095664420541724773,56.428005972682156410320041309,1037958000
13.12,2,0.0867247231991000114076591771,0.0909061210438651,0.0895491040627412,0.0868304805423582,0.08547263639927,0.115242830092841,0.1182978459364545628318176310,0.1036466139635072628318176310,0.0146512319729473,4.2932203717891572244092324782,52.544421838448377947278874632,56.420279972462569023600019714,1038750000
13.13,2,0.0867173181456611094076591771,0.0908997268042478,0.089544668830397,0.0868230664587518,0.0854671825170385,0.115272095606891,0.1183269388353676167106408668,0.1036121611093441167106408668,0.0147147777260235,4.2917983076060681313138472407,52.545267807223353901863487222,56.412561308722339507795300985,1039542000
13.14,2,0.0867099346310888154076591771,0.0908933556144283,0.0895402524047627,0.0868156739402778,0.085461745954265,0.115301403407946,0.1183560746518711615005600239,0.1035777511727714615005600239,0.0147783234790997,4.2903782712928694750960937719,52.546122519621666843123693347,56.404846367094448993718988123,1040333000
13.15,2,0.0867025698815745994076591771,0.0908870050515835,0.0895358523752607,0.0868083002097451,0.0854563239460116,0.115330763691828,0.1183852634914461055780288426,0.1035433942592702055780288426,0.0148418692321759,4.2889605513659219322828261498,52.546990819406107989893031291,56.397138735035305183898626785,1041125000
13.16,2,0.0866952058142082544076591771,0.0908806566733064,0.089531450311686,0.0868009271621921,0.085450898399526,0.11536016711096,0.1184144953690060278852443806,0.1035090803837539278852443806,0.0149054149852521,4.2875448607891852075299668566,52.547875253268452131182439967,56.389440709070389662445975974,1041917000
13.17,2,0.0866878603514415944076591771,0.0908743285935241,0.0895270643401234,0.0867935727419264,0.085445487271281,0.115389618208968,0.1184437754580006400596814833,0.1034748147196723400596814833,0.0149689607383283,4.2861313467867196534073927721,52.548771812644683264654394101,56.381749010563901584338349672,1042709000
13.18,2,0.0866805245257060434076591771,0.0908680116722836,0.0895226853327339,0.0867862279704438,0.0854400815948938,0.115419112518855,0.1184730989755976532439807985,0.1034405924841930532439807985,0.0150325064914046,4.284719871356100730923701297,52.549699840688273533813277995,56.374079106500115093249384442,1043500000
13.19,2,0.0866732093327903504076591771,0.0908617168257067,0.0895183242177101,0.0867789038569419,0.08543469239164,0.1154486471827,0.1185024634470039384472033130,0.1034064112025231384472033130,0.0150960522444808,4.2833103626153681982745829918,52.550619978147782962139444476,56.366399913341846431150772749,1044292000
13.20,2,0.0866659027318405424076591771,0.0908554323375664,0.089513969290852,0.0867715883458834,0.0854293076180168,0.115478232127082,0.1185318783842818563034029090,0.1033722803867248563034029090,0.015159597997557,4.2819030920806635164686352576,52.551555364400524766664693285,56.35872953323762931973238236,1045084000
13.21,2,0.0866585967553265514076591771,0.090849149949159,0.0895096123054397,0.0867642734600223,0.0854239193087692,0.115507859430934,0.1185613355833823827012641604,0.1033381918327491827012641604,0.0152231437506332,4.2804978237389280113058509345,52.552506177557625423923219156,56.351068343405489292263393461,1045875000
13.22,2,0.0866513193257643634076591771,0.0908428978126153,0.0895052814255451,0.0867569871559248,0.0854185554324119,0.11553753420609,0.1185908411359388450188949562,0.1033041516322294450188949562,0.0152866895037094,4.279094731118235008586222862,52.553469000416369576405340954,56.343413502584835231896037606,1046667000
13.23,2,0.0866440525123048834076591771,0.0908366574856858,0.0895009582208168,0.086749711480876,0.0854131980481352,0.115567242747069,0.1186203807016083596692898683,0.1032701454448227596692898683,0.0153502352567856,4.2776934024136658608796279221,52.554436182638025912705958563,56.335759319074016934984589867,1047459000
13.24,2,0.0866367952374894544076591771,0.0908304288364388,0.0894966425711788,0.0867424453561032,0.0854078460890294,0.11559701218626,0.1186499813920610566542024883,0.1032362003821992566542024883,0.0154137810098618,4.2762946133329765700290817541,52.555429201122478068011606491,56.3281221888591198801766705,1048251000
13.25,2,0.0866295565704942044076591771,0.0908242198735135,0.0894923424970832,0.086735197861842,0.0854025086471502,0.115626811678256,0.1186796126605892923438154904,0.1032022858976512923438154904,0.015477326762938,4.2748974877930917590216703601,52.556431615694345143069729254,56.320489850809851748419836659,1049042000
13.26,2,0.0866223275469384364076591771,0.0908180223752523,0.0894880497886433,0.0867279600227802,0.0853971767589634,0.115656662961147,0.1187092959455214422010224055,0.1031684234295071422010224055,0.0155408725160143,4.2735026389725140508444797388,52.557440905721468818195669212,56.312859775807014068368079674,1049834000
13.27,2,0.0866151189364352594076591771,0.0908118467028666,0.089483774818799,0.0867207426216638,0.0853918612189509,0.11568655377514,0.1187390193565420371151683126,0.1031346010874515371151683126,0.0156044182690905,4.2721097252544386360888981722,52.558465768035921744193684355,56.305239203560573520390633085,1050626000
13.28,2,0.0866079088847672574076591771,0.0908056713459136,0.0894794960887947,0.0867135237776252,0.085386540157939,0.115716495109342,0.1187687931257688475708705906,0.1031008291036021475708705906,0.0156679640221667,4.2707190387830635165979412993,52.559511005636149965107691661,56.297631730461789915895253488,1051418000
13.29,2,0.0866007184637339374076591771,0.0907995168407079,0.0894752341465897,0.08670632458816,0.0853812346850756,0.115746470524959,0.1187986015415349122266721518,0.1030670917662920122266721518,0.0157315097752429,4.2693301284679319097328814423,52.560559025451736202160753711,56.290023759847852575837558995,1052209000
13.30,2,0.0865935474440122084076591771,0.0907933834275726,0.089470989244111,0.0866991448236656,0.0853759445823687,0.11577649348251,0.1188284580649514081091044387,0.1030334025366323081091044387,0.0157950555283191,4.2679433789570946821281296799,52.561620322992476176714482374,56.282423334952970722625973599,1053001000
13.31,2,0.0865863760464525224076591771,0.0907872514565454,0.0894667417429583,0.0866919646808724,0.0853706500581179,0.115806568717406,0.1188583667431736400352329364,0.1029997654617783400352329364,0.0158586012813953,4.2665589052086613483320514947,52.56270307698829027203677092,56.274836906689398193580006077,1053793000
13.32,2,0.0865792240424369174076591771,0.0907811403601035,0.08946251108713,0.0866848039552729,0.0853653709193438,0.115836685488315,0.1188883175200008040969496497,0.1029661704855293040969496497,0.0159221470344715,4.2651764181493246397704534055,52.563795085821656299372005977,56.267255018221587599263000202,1054584000
13.33,2,0.0865720816521613344076591771,0.0907750399423714,0.0894582870922303,0.0866776528551371,0.0853600973858032,0.115866832392537,0.1189182986442466874129127135,0.1029326058566988874129127135,0.0159856927875478,4.263795580148014990682048774,52.564886951206614720751479472,56.259670470208255376951655553,1055376000
13.34,2,0.0865649576110540594076591771,0.0907689596430044,0.0894540792093538,0.0866705201265456,0.0853548382150231,0.115897029138384,0.1189483301420582469130980102,0.1028990916014342469130980102,0.016049238540624,4.2624169639272432128022962386,52.56600251658498023250763967,56.252101831722496429198488656,1056168000
13.35,2,0.0865578431753149864076591771,0.0907628907355676,0.0894498787234641,0.0866633970150358,0.085349584663946,0.115927276680889,0.1189784126637335681846045357,0.1028656283700333681846045357,0.0161127842937002,4.2610405871322961727656068818,52.567157209143131033052484274,56.244561466534955925378143507,1056960000
13.36,2,0.0865507491924282414076591771,0.0907568438582323,0.0894456962840903,0.0866562943813196,0.0853443476046489,0.11595756845734,0.1190085400222237095325361348,0.1028322099754473095325361348,0.0161763300467764,4.2596662715329183583504621445,52.568295073064243555459066543,56.237004802328807977416399511,1057751000
13.37,2,0.0865436636584074454076591771,0.0907508068467323,0.0894415197382842,0.0866492002067725,0.0853391150298319,0.115987900506503,0.1190387078345751945553568598,0.1027988320347225945553568598,0.0162398757998526,4.2582938905823579066084822263,52.569448293441656931735850302,56.229457704690072934217160794,1058543000
13.38,2,0.0865365874582554484076591771,0.090744780341848,0.0894373497381033,0.0866421153774765,0.0853338878368612,0.116018265787994,0.1190689090874494943959917783,0.1027654875345206943959917783,0.0163034215529288,4.2569232423789263588579166462,52.570612265899936717127523088,56.221916682898067914969051729,1059335000
13.39,2,0.0865295198102219694076591771,0.0907387641643225,0.0894331861155287,0.0866350391107279,0.0853286652542778,0.116048681595541,0.1190991610581767791409245338,0.1027321937521717791409245338,0.016366967306005,4.255554820897275528193408408,52.571789046319482137936650536,56.214382980630639617380859678,1060127000
13.40,2,0.0865224725991666284076591771,0.0907327701375781,0.08942904070518,0.0866279833058796,0.0853234591926388,0.116079145546678,0.1191294617787623909244027330,0.1026989487196811909244027330,0.0164305130590812,4.2541885687741762531203001886,52.572980941406454430459883446,56.206858521054623164508494262,1060918000
13.41,2,0.0865154337844951434076591771,0.090726785762855,0.0894249010194559,0.0866209359076541,0.085318257607832,0.116109645151773,0.1191597983313740118978315996,0.1026657395192165118978315996,0.0164940588121575,4.2528241149565999411074213121,52.574183218448392894678863023,56.199339848183364907067145507,1061710000
13.42,2,0.0865084033989361664076591771,0.090720811471391,0.0894207675007126,0.0866138969488202,0.0853130605437512,0.116140191820524,0.1191901821341961640448932112,0.1026325775689625640448932112,0.0165576045652336,4.2514617855670899447246486558,52.575395931208798737931512991,56.191826745882968323332532876,1062502000
13.43,2,0.0865013934019189954076591771,0.0907148591630992,0.0894166520599424,0.0866068784033911,0.0853078799854958,0.116170783221587,0.1192206112729926503234377320,0.1025994609546827503234377320,0.0166211503183099,4.250101524782439157376277342,52.576628717487236344442900129,56.184327026498298347244094874,1063294000
13.44,2,0.0864943918261957324076591771,0.0907089164557762,0.0894125423259822,0.0865998682895253,0.0853027039622713,0.116201408098855,0.1192510740667657227869256765,0.1025663779953795227869256765,0.0166846960713862,4.2487429969823523372579979314,52.577864855404693520243381212,56.176827561779697711365757161,1064085000
13.45,2,0.0864873995945635314076591771,0.0907029849148373,0.0894084398752485,0.0865928675311453,0.085297533409008,0.116232084805767,0.1192815889127906694025151548,0.1025333470883283694025151548,0.0167482418244623,4.2473867282255713510042215045,52.57911623229427753031485904,56.169337478896216758854143572,1064877000
13.46,2,0.0864804257764533494076591771,0.0906970733295239,0.0894043535079452,0.0865858852087419,0.085292377417166,0.116262804843148,0.1193121476241931898709503868,0.1025003600466546898709503868,0.0168117875775385,4.2460324829910657131633135406,52.580382976275587141341447072,56.161857107060813828053706555,1065669000
13.47,2,0.0864734624408769924076591771,0.0906911736239975,0.0894002751591574,0.0865789133816554,0.0852872280570157,0.11629356447821,0.1193427461889966961520234430,0.1024674128583818961520234430,0.0168753333306148,4.24468014535979572276538284,52.58166428392537284959128269,56.154385923084115136656876832,1066460000
13.48,2,0.0864665173280867674076591771,0.0906852934355686,0.0893962124770811,0.0865719597995769,0.0852820930891404,0.116324360357138,0.1193733815223469687760987980,0.1024345024386560687760987980,0.0169388790836909,4.2433296259728511647760040051,52.582945297131746440214641881,56.146912052190051735250771459,1067252000
13.49,2,0.0864595705805923174076591771,0.0906794131559284,0.0893921458642542,0.0865650045808008,0.0852769526426879,0.116355200655652,0.1194040611110438133094344661,0.1024016362742766133094344661,0.0170024248367672,4.2419811383268464466640063552,52.584243633796657880034540722,56.139449525831691590009419044,1068044000
13.50,2,0.0864526432669509994076591771,0.0906735540701111,0.0893880966165198,0.0865580688195766,0.0852718278227231,0.11638609046853,0.1194347907899747145262336982,0.1023688202001313145262336982,0.0170659705898434,4.2406348485946555153734530906,52.585553956827051406587661529,56.131993928029548667349001633,1068836000
13.51,2,0.0864457362017395974076591771,0.090667716573736,0.0893840651402683,0.0865511533314744,0.0852667194555937,0.116417017755347,0.1194655585402319299676482077,0.1023360421973124299676482077,0.0171295163429195,4.2392904114755691291000347734,52.586881070057898790831338331,56.124549447868262470582472686,1069627000
13.52,2,0.0864388264537008664076591771,0.0906618780190137,0.0893800287984426,0.0865442351572734,0.085261604592818,0.116447991834706,0.1194963728847207650276746029,0.1023033107887249650276746029,0.0171930620959958,4.2379480701484521544781624818,52.588217825698958172294726497,56.117110136612278671083479943,1070419000
13.53,2,0.0864319461275960984076591771,0.0906560702105266,0.0893760194063211,0.0865373464408852,0.0852565153890098,0.116479002428046,0.1195272246614777396685505254,0.1022706168124056396685505254,0.0172566078490721,4.236607561158032511682015378,52.589567312009627983176779014,56.109678728200588671044255164,1071211000
13.54,2,0.0864250650023530124076591771,0.0906502631344412,0.0893720069607278,0.0865304569243841,0.0852514215969076,0.116510057053033,0.1195581203364944799620359371,0.1022379667343462799620359371,0.0173201536021482,4.2352690687569645265115863022,52.590928180242986664809509786,56.102254001013666937537550124,1072002000
13.55,2,0.0864181922911562274076591771,0.0906444657535725,0.0893680004350981,0.08652357583219,0.0852463324515581,0.1165411480569,0.1195890525748343748213010724,0.1022053532196099748213010724,0.0173836993552244,4.2339323818304046332055886144,52.592293909220285791884269165,56.094830873979202622220763593,1072794000
13.56,2,0.0864113387736005954076591771,0.0906386890690311,0.0893640108411258,0.0865167139570429,0.085241258756291,0.116572281217844,0.1196200275354759912353219984,0.1021727824271752912353219984,0.0174472451083007,4.2325976758357380491252946348,52.593675633976606629750119127,56.087418228401859739781304353,1073586000
13.57,2,0.0864044936255942824076591771,0.0906329225562804,0.0893600276648206,0.0865098604616514,0.0852361896843676,0.116603465680786,0.1196510539908370375014905776,0.1021402631294602375014905776,0.0175107908613768,4.2312652010998678296534880847,52.5950717838825055660819262,56.080014613063655107711820759,1074378000
13.58,2,0.0863976677718107604076591771,0.0906271767330244,0.0893560614343959,0.0865030262840112,0.0852311361842992,0.116634689218859,0.1196821200889289927788111391,0.1021077834744758927788111391,0.0175743366144531,4.2299346171039381118417891642,52.596483676788998743307749599,56.072621402539825102535980394,1075169000
13.59,2,0.0863908500642631684076591771,0.0906214400778956,0.0893521006389564,0.086496200262541,0.0852260871049835,0.116665941723591,0.1197132153257122523470654477,0.1020753329581829523470654477,0.0176378823675293,4.2286056219450279510729815955,52.597897244125782072914504547,56.065227460878015933191024773,1075961000
13.60,2,0.0863840417512444374076591771,0.0906157147339408,0.0893481474319851,0.0864893836470559,0.0852210437066779,0.116697248751611,0.1197443653174027133105210133,0.1020429371967973133105210133,0.0177014281206054,4.227278948489311132312639976,52.599332636177927881993409517,56.057848545651846557012143132,1076753000
13.61,2,0.0863772426846303764076591771,0.0906100001178432,0.0893442012405646,0.0864825762892511,0.0852160058514834,0.116728597848034,0.1197755575967084585016104428,0.1020105837230267585016104428,0.0177649738736817,4.2259542385907965221951753882,52.600770922102900184583474085,56.050469615547678994471365718,1077545000
13.62,2,0.0863704608240666204076591771,0.0906043039727716,0.0893402698182271,0.0864757861584787,0.0852109815191218,0.116759982396345,0.1198067858217400058828416463,0.1019782661949820058828416463,0.017828519626758,4.2246313095833710141248829523,52.602227805322801372728929367,56.043103586327997776463724789,1078336000
13.63,2,0.0863636992391764364076591771,0.0905986297150354,0.0893363565916091,0.0864690163281053,0.085205973793293,0.116791412163143,0.1198380598727337943630841883,0.1019459944928996943630841883,0.0178920653798341,4.223310443530609393067337268,52.603689802282621645719687311,56.035739298113002746034054599,1079128000
13.64,2,0.0863569358529716974076591771,0.0905929550008624,0.0893324392272296,0.0864622446942206,0.0852009605803844,0.11682288066514,0.1198693724909241287081062893,0.1019137613580138287081062893,0.0179556111329103,4.2219914314998126876354380165,52.605172025470527745736835739,56.028389224992259769049635276,1079920000
13.65,2,0.0863501906984418174076591771,0.0905873000406631,0.0893285379457543,0.0864554913142437,0.0851959619480764,0.116854391932977,0.1199007284101882736136429010,0.1018815715242016736136429010,0.0180191568859866,4.2206744081221910348808054006,52.606657641451572320965364734,56.021039591329919075780450744,1080712000
13.66,2,0.0863434547719314274076591771,0.0905816555824542,0.0893246435054198,0.0864487471735394,0.0851909688919599,0.116885939326888,0.1199321206722718414645672595,0.1018494180332091414645672595,0.0180827026390627,4.2193591730741089761216889367,52.60815655709440249464821687,56.013698635925958687069887011,1081503000
13.67,2,0.0863367270331403514076591771,0.0905760211527541,0.0893207554429284,0.086442011230539,0.0851859803806564,0.116917539132586,0.1199635655367983304558628035,0.1018173171446593304558628035,0.018146248392139,4.2180461911750783779924997073,52.609670208117019769620695669,56.00636717703224607469561654,1082295000
13.68,2,0.0863300174784346924076591771,0.0905704059870186,0.0893168830038849,0.0864352934937988,0.0851810064328773,0.116949169036313,0.1199950410262685968466286299,0.1017852468810533968466286299,0.0182097941452152,4.216734831831759971919044232,52.611195196391574941056677778,55.999042978442832464536360177,1083087000
13.69,2,0.0863233081041912284076591771,0.0905647923096032,0.0893130084227581,0.0864285759377409,0.0851760290331642,0.11698083650951,0.1200265539875656629793214701,0.1017532140892743629793214701,0.0182733398982913,4.2154252902085471104711993934,52.612723280778421435698978953,55.991719180629184374814463394,1083878000
13.70,2,0.0863166259434529224076591771,0.0905592074199683,0.089309159009087,0.0864218856283739,0.0851710752576105,0.117012547764571,0.1200581115823869989973107685,0.1017212259310193989973107685,0.0183368856513676,4.2141177704885798222618648711,52.614264465372742463070283129,55.98440379400987740590180787,1084670000
13.71,2,0.0863099429193066794076591771,0.0905536233837254,0.0893053068385266,0.0864151944545461,0.085166117005114,0.117044308353663,0.1200897183849727106836496047,0.1016892869805288106836496047,0.0184004314044439,4.212812402729833459860917544,52.615825242388466385091482904,55.977102040483115587089916934,1085462000
13.72,2,0.0863032782070314654076591771,0.090548058903299,0.08930147062351,0.0864085216149199,0.085161173484352,0.117076103730926,0.1201213605113775844481481842,0.1016573833538574844481481842,0.0184639771575201,4.2115087882021937279242798932,52.617396618189341017864085782,55.969806922533013112839114764,1086254000
13.73,2,0.0862966215184621344076591771,0.090542503644185,0.0892976400395072,0.0864018568087842,0.0851562344045934,0.117107933108112,0.1201530368135133918204990678,0.1016255139029171918204990678,0.0185275229105962,4.2102068930310075733960151212,52.61896705969911357317847207,55.962509056956981831444264854,1087045000
13.74,2,0.0862899839557424044076591771,0.0905369691949366,0.0892938266850113,0.0863952111518212,0.0851513108914664,0.117139809832097,0.1201847610349058493665591070,0.1015936923712333493665591070,0.0185910686636725,4.2089071099548978629105343059,52.620557929594048434331392283,55.955225610641521349191666,1087837000
13.75,2,0.0862833446937201444076591771,0.0905314344921861,0.0892900095065593,0.0863885637934836,0.0851463821043344,0.117171728172108,0.1202165267135201254671253238,0.1015619122967715254671253238,0.0186546144167486,4.2076092528658464898721325709,52.622163258062854471593214616,55.947951879207992798278188168,1088629000
13.76,2,0.0862767344085321024076591771,0.0905259300905959,0.0892862190686849,0.0863819454473162,0.0851414787666196,0.117203683041894,0.1202483298328888461310028595,0.1015301696630639461310028595,0.0187181601698249,4.2063132057161708068506867938,52.623775007763293584972851538,55.940681397232525354490933578,1089421000
13.77,2,0.0862701222752007574076591771,0.0905204251592447,0.0892824245503035,0.0863753252507518,0.0851365700255975,0.11723567588604,0.1202801707610768320218325515,0.1014984648381757320218325515,0.0187817059229011,4.205018978065793139646189815,52.625395214000216626071362139,55.933415838521748318277570092,1090212000
13.78,2,0.0862635283581788734076591771,0.0905149402598934,0.0892786465229791,0.086368723292711,0.0851316759799977,0.117267719893926,0.1203120633973673152897453263,0.1014668117213899152897453263,0.0188452516759774,4.203726967115463354893052718,52.627034527689359525285745425,55.926163640612177332157671053,1091004000
13.79,2,0.0862569325490056124076591771,0.0905094545446808,0.0892748641486197,0.0863621194402113,0.0851267765066129,0.117299794945185,0.1203439869064096412471755763,0.1014351894773561412471755763,0.0189087974290535,4.20243657499200480516115238,52.62867776538952725787389406,55.918912849089445567097632817,1091796000
13.80,2,0.0862503547398410934076591771,0.0905039883142807,0.0892710977376346,0.0863555336096707,0.0851218915316025,0.117331911695482,0.1203759526462023601939919458,0.1014036094640724601939919458,0.0189723431821299,4.2011481260937239514590862031,52.630332179988297079842783045,55.911669173106951930824393183,1092588000
13.81,2,0.0862437970993495344076591771,0.0904985435526076,0.0892673492836402,0.0863489679723979,0.0851170232359831,0.11736406474031,0.1204079552851065361670024527,0.1013720663499003361670024527,0.0190358889352062,4.1998614666960525252126607088,52.631996087141837463327427234,55.904431370108364737250053361,1093379000
13.82,2,0.0862372464888411804076591771,0.0904931073747764,0.08926360591142,0.0863424093736812,0.0851121584747174,0.11739626203577,0.1204400023250375270378927243,0.1013405676367552270378927243,0.0190994346882823,4.198576810728688040970241375,52.633674280480699710614803623,55.897203231004691495098704771,1094171000
13.83,2,0.0862307040397376554076591771,0.0904876806948366,0.0892598685446591,0.0863358589463217,0.0851072983902481,0.117428497297523,0.1204720875177211645505811070,0.1013091070763625645505811070,0.0191629804413586,4.1972939782073642033877506857,52.635364502748622755575732822,55.889983065132933931657673465,1094963000
13.84,2,0.0862241706443915394076591771,0.0904822646326741,0.0892561383128454,0.0863293175837604,0.0851024438856239,0.117460776994178,0.1205042173672442065469377236,0.1012776911728094065469377236,0.0192265261944348,4.1960131544761019594092518378,52.637065507596050319349033649,55.88276972537130952953514899,1095754000
13.85,2,0.0862176553360017264076591771,0.0904768678723121,0.0892524239095717,0.0863227943302117,0.0850976040146346,0.117493090653005,0.1205363817106586893532482452,0.1012463097631478893532482452,0.0192900719475108,4.1947340474035131756691559138,52.638779711436708285595371799,55.875565447307782224288445219,1096546000
13.86,2,0.0862111479710395624076591771,0.0904714804966077,0.0892487154272314,0.0863162790297773,0.0850927686309242,0.117525445288001,0.1205685872119179376692460038,0.1012149695113307376692460038,0.0193536177005872,4.1934568469134141779674557538,52.64050238311287464727065785,55.868366210580750320081768746,1097338000
13.87,2,0.0862046487530712064076591771,0.0904661024059507,0.089245012775718,0.0863097718862717,0.0850879379478166,0.117557832206331,0.1206008251803382687054950465,0.1011836617266749687054950465,0.0194171634536633,4.1921813030517188864783305178,52.642227958490529791993579083,55.861167638647380180448714911,1098130000
13.88,2,0.0861981686117488744076591771,0.0904607452408547,0.0892413276050164,0.0863032838426753,0.0850831229177692,0.117590271191393,0.1206331157938440683919565034,0.1011524065871044683919565034,0.0194807092067396,4.1909079928889896002318890076,52.643976414790553070963506417,55.853985770924696385654068254,1098921000
13.89,2,0.0861916954703446974076591771,0.0904553963346001,0.0892376472578458,0.0862968028075332,0.0850783114587718,0.117622745980485,0.1206654423579083520607469940,0.1011211873980925520607469940,0.0195442549598158,4.1896364371778982126324263419,52.645729940511876006749260255,55.846806317021324373087472668,1099713000
13.90,2,0.0861852313621073394076591771,0.0904500576967615,0.0892339737531872,0.0862903308165735,0.0850735056159645,0.117655255788811,0.1206978041586732598758695280,0.1010900034457811598758695280,0.0196078007128921,4.1883666144835610762498194043,52.647487981888176913880705148,55.839628847683946561351571895,1100505000
13.91,2,0.0861787752469842174076591771,0.0904447284768549,0.089230306249931,0.0862838668284753,0.0850687043574066,0.11768780609907,0.1207302066461456416432069870,0.1010588601801774416432069870,0.0196713464659682,4.1870986799528140844883633115,52.649262999674561700426855634,55.832463548598031533343653118,1101297000
13.92,2,0.0861723371948992184076591771,0.0904394186041354,0.0892266546866746,0.0862774209254424,0.0850639177746498,0.117720392355077,0.1207626456137660765827926187,0.1010277533947215765827926187,0.0197348922190445,4.1858325120922271307523531855,52.651052190406388955698453585,55.825308224060065340283701355,1102088000
13.93,2,0.0861659070925082414076591771,0.0904341182672603,0.0892230092613855,0.0862709829817978,0.0850591357513332,0.117753023734603,0.1207951298916290517719536327,0.1009966919195083517719536327,0.0197984379721207,4.1845683628810055140718978277,52.652850503246229324552916414,55.818158531156854869751582072,1102880000
13.94,2,0.0861594860464102474076591771,0.0904288281868616,0.0892193707039745,0.0862645541054901,0.0850543594046896,0.11778568912669,0.1208276484010194263325587263,0.1009656646758226263325587263,0.0198619837251968,4.183305913952982587016874118,52.654649064988129831021170541,55.811007386919694726602337526,1103672000
13.95,2,0.0861530720453699354076591771,0.0904235466986532,0.0892157373594024,0.0862581322828311,0.0850495867302835,0.117818398571731,0.1208602111184534122173226048,0.1009346816401803122173226048,0.0199255294782731,4.1820454501299282697614612179,52.656468387693034936731996337,55.803871563827164613513245031,1104463000
13.96,2,0.0861466759183688494076591771,0.0904182844115417,0.0892121198457913,0.0862517283560081,0.0850448285795232,0.117851145199871,0.1208928115488283924143765968,0.1009037363174789924143765968,0.0199890752313494,4.180786784356477834565883885,52.658278035205609387933549229,55.796726024543852480588861151,1105255000
13.97,2,0.0861402888009604924076591771,0.0904130323522592,0.0892085091990573,0.0862453334497646,0.0850400760863419,0.117883926359023,0.1209254467288294264159489763,0.1008728257444039264159489763,0.0200526209844255,4.1795298307555677959785076025,52.660112728768666962329287698,55.789599603590108157324374601,1106047000
13.98,2,0.0861339096531602424076591771,0.0904077895930175,0.0892049045005652,0.0862389465228479,0.0850353282186453,0.117916745316246,0.1209581198914673705703439565,0.1008419531539656705703439565,0.0201161667375017,4.1782746809617428586552548512,52.661960555089577306149963011,55.782482392234507240312651374,1106839000
13.99,2,0.0861275485364964434076591771,0.0904025666272291,0.0892013162528488,0.0862325776490559,0.0850305950593585,0.117949613911568,0.1209908432360895754167821952,0.1008111307455115754167821952,0.020179712490578,4.1770216834762115371444911096,52.663822223551712544164368332,55.775374743011017299529993155,1107630000
14.00,2,0.0861211952811621114076591771,0.0903973524714026,0.089197733481508,0.0862262166461799,0.0850258664353692,0.117982509376672,0.1210235936252489819438286777,0.1007803353815948819438286777,0.0202432582436541,4.1757701744755845896419069378,52.665691724326985608842033065,55.768272185814237967909453021,1108422000
14.01,2,0.0861148489855061954076591771,0.0903921467067632,0.0891941557768272,0.0862198626114694,0.085021141452992,0.118015445586247,0.1210563849108824284852129439,0.1007495809141520284852129439,0.0203068039967304,4.1745205498042318827819134195,52.667570876472162203883200304,55.761175952678361672548761019,1109214000
14.02,2,0.0861085117106494014076591771,0.0903869514205815,0.0891905852351065,0.0862135176085585,0.0850164221848958,0.118048423180818,0.1210892178062848760063338925,0.1007188680564782760063338925,0.0203703497498066,4.1732728289121893099688056726,52.669458247755005141981114326,55.754084857794790884769492056,1110006000
14.03,2,0.0861021922876863934076591771,0.0903817752766123,0.089187030529099,0.0862071904793111,0.0850117174819484,0.118081436905361,0.1211220873623078016897679979,0.1006881918594249016897679979,0.0204338955028829,4.1720268690324332237724605788,52.67135951572219590818082407,55.747003745634048380888930634,1110797000
14.04,2,0.0860958808786798184076591771,0.0903766086628756,0.0891834820557926,0.0862008713737928,0.0850070175031886,0.118114493745613,0.1211550002252938514945714805,0.1006575589693348514945714805,0.020497441255959,4.1707828595842955175971732575,52.673270062980004067205350641,55.7399286588785342757543914,1111589000
14.05,2,0.0860895772786665864076591771,0.0903714510219654,0.0891799392667189,0.0861945600867906,0.0850023220523467,0.118147583619358,0.1211879463000265191225889357,0.1006269592909912191225889357,0.0205609870090353,4.1695405103767485172429365499,52.675185162284538825485650395,55.732855893192229165874337428,1112381000
14.06,2,0.0860832917224613594076591771,0.0903663126568736,0.0891764124737772,0.0861882668656001,0.0849976413856309,0.11818070794235,0.1212209273612767855332127960,0.1005963945991652855332127960,0.0206245327621115,4.1682998712688660893441615367,52.677113028802616141642793821,55.725792267002619351497766628,1113172000
14.07,2,0.0860770140327317024076591771,0.0903611837389851,0.0891728918572296,0.086181981520478,0.0849929653221806,0.118213877233502,0.1212539535788476441032155204,0.1005658750636600441032155204,0.0206880785151876,4.1670612326196951808449114177,52.679058277291727611855886172,55.718741437996158665932875717,1113964000
14.08,2,0.0860707441426957484076591771,0.0903560640719358,0.0891693772295589,0.0861757039845611,0.084988293803985,0.118247087785248,0.1212870212408858899607348986,0.1005353969726219899607348986,0.0207516242682639,4.1658244871080804964011086751,52.681007979932392064310978473,55.711692732368833885700908866,1114756000
14.09,2,0.0860644822863339404076591771,0.0903509533814217,0.0891658683252789,0.086169434492115,0.0849836270741326,0.118280325029669,0.1213201157790822592695260895,0.1005049457577420592695260895,0.0208151700213402,4.164589216398360550561118788,52.682963363579498198801435221,55.704647489419280256071782468,1115548000
14.10,2,0.0860582272501174374076591771,0.0903458511027835,0.0891623645885173,0.0861631718281312,0.0849789639264075,0.118313607611224,0.1213532558071383824844804252,0.1004745400327220824844804252,0.0208787157744163,4.1633559527494280479808642365,52.684938067362587168373539861,55.697616724254043616722826096,1116339000
14.11,2,0.0860519911408064514076591771,0.0903407691298462,0.0891588779218574,0.0861569281141334,0.084974316491097,0.118346928797592,0.1213864350122284653657303590,0.1004441734847359653657303590,0.0209422615274925,4.1621245143277875032087105021,52.686919120774052861847870128,55.690589765003593127732460116,1117131000
14.12,2,0.0860457617822589744076591771,0.0903356948830376,0.0891553957544552,0.0861506911591315,0.0849696725859444,0.118380277673726,0.1214196420472381912025037286,0.1004138347666693912025037286,0.0210058072805688,4.1608945750781908096489527036,52.688904728647460849976875564,55.683565359876996352219268958,1117923000
14.13,2,0.0860395513706956874076591771,0.0903306411032996,0.0891519308359516,0.0861444731742188,0.0849650444307474,0.118413669199056,0.1214528923074405854688750808,0.1003835392737956854688750808,0.0210693530336449,4.1596665750583571311230950841,52.690878559583980423551037982,55.676529542363490248898351842,1118715000
14.14,2,0.0860333478398174124076591771,0.0903255956286217,0.0891484710130056,0.0861382620783819,0.0849604199531674,0.1184471012647,0.1214861832610947361039973693,0.1003532844743735361039973693,0.0211328987867212,4.158440440754869496244037323,52.692896242485965724422885625,55.669528911653521661582766853,1119506000
14.15,2,0.0860271531131429234076591771,0.0903205603336454,0.0891450181688996,0.0861320597974852,0.0849558010877148,0.118480572369909,0.1215195134740889181775489098,0.1003230689342915181775489098,0.0211964445397974,4.1572161300991066899773540196,52.694913162671608586316652276,55.662526205292292470551823228,1120298000
14.16,2,0.0860209652608222384076591771,0.0903155331848766,0.0891415702787506,0.0861258643993252,0.0849511859108027,0.118514079647523,0.1215528800103435211208436582,0.1002928897174700211208436582,0.0212599902928735,4.1559935579942041465617585363,52.696945166700521845189404721,55.655534765584242838152840126,1121090000
14.17,2,0.0860147852430476414076591771,0.0903105149713084,0.0891381281401343,0.0861196768452653,0.0849465753923822,0.118547618144425,0.1215862779475945106890629905,0.1002627419016447106890629905,0.0213235360459498,4.154772582443320650962825473,52.698978411555709582344835521,55.648543114257378207149932537,1121881000
14.18,2,0.0860086230566759344076591771,0.0903055161767402,0.0891347022454039,0.0861135071443529,0.0849419795500598,0.118581201280724,0.1216197210639525828121684413,0.1002326392649264828121684413,0.0213870817990261,4.1535535971758900965848499502,52.701032257455707057299650739,55.641567218337673768751641701,1122673000
14.19,2,0.0860024686985728074076591771,0.0903005265241248,0.0891312823260371,0.0861073452812554,0.0849373883770328,0.118614821736421,0.1216532016855112962877412051,0.1002025741334090962877412051,0.0214506275521022,4.1523363813663243768321270876,52.703091183423563693931286105,55.634594242538997861222008521,1123465000
14.20,2,0.0859963221289572854076591771,0.090295545755522,0.0891278681325904,0.0861011912161432,0.0849328018419736,0.118648473266035,0.1216867135618901544249779109,0.1001725402567117544249779109,0.0215141733051784,4.151120754970036817504649725,52.705161789324789684373069003,55.627629868393970661192334734,1124257000
14.21,2,0.0859901924797376034076591771,0.0902905832296543,0.0891244690322536,0.0860950540920606,0.0849282290963992,0.118682161885898,0.1217202630326648657115120047,0.1001425439744101657115120047,0.0215777190582547,4.1499068986181353387765970257,52.707237469782132645096642645,55.620668439493454478568851483,1125048000
14.22,2,0.0859840605142728984076591771,0.0902856196881571,0.0891210657751026,0.0860889146489084,0.0849236508886555,0.118715887981577,0.1217538498113560187801232829,0.1001125850000252187801232829,0.0216412648113308,4.148694803119209780512496029,52.709314610348380302208666816,55.613706935758447908878739668,1125840000
14.23,2,0.0859779473646282924076591771,0.0902806762691471,0.0891176795076648,0.0860827940445214,0.0849190883849936,0.118749650618808,0.1217874737022717637777506853,0.1000826631378646637777506853,0.0217048105644071,4.1474844618827349276779213345,52.711412253983364185625579075,55.606761388236877982772657219,1126632000
14.24,2,0.0859718509910579624076591771,0.0902757511850887,0.0891143084507879,0.0860766902366666,0.0849145395515687,0.11878345712653,0.1218211419677936992697377644,0.1000527856503103992697377644,0.0217683563174833,4.1462760819762687004470521031,52.713522788316354749767359631,55.599825279820081632551159959,1127424000
14.25,2,0.0859657514882954584076591771,0.09027082427564,0.0891109324524854,0.0860705832958036,0.0849099844672009,0.118817301243031,0.1218548476467325476247088119,0.1000229455761731476247088119,0.0218319020705594,4.145069462992048533058601695,52.715643325222994851518407199,55.592896342017481778835763071,1128215000
14.26,2,0.0859596706941555244076591771,0.0902659170665711,0.0891075730468547,0.0860644950863775,0.0849054450046678,0.11885117288799,0.1218885814164342608371851019,0.0999931335927985608371851019,0.0218954478236357,4.1438643368713366161039583928,52.717768174163670806948838865,55.585969984606967906082013905,1129007000
14.27,2,0.0859535966302160624076591771,0.0902610181333504,0.0891042188176635,0.0860584136153592,0.0849009091792445,0.118885088550098,0.1219223593571271972712868669,0.0999633657804151972712868669,0.021958993576712,4.1426611632943870049659059149,52.719885231083899287660709007,55.579035694655793888609320061,1129799000
14.28,2,0.0859475304274795274076591771,0.0902561283022959,0.0891008705995017,0.0860523400151302,0.0848963781315896,0.118919039444784,0.1219561727187164682679903633,0.0999336333889283682679903633,0.0220225393297881,4.1414596906050850254444371019,52.722026230623327799962688777,55.572120412128894341885907909,1130590000
14.29,2,0.0859414819246125924076591771,0.090251257187126,0.0890975380143321,0.0860462841363551,0.084891861720617,0.118953018614569,0.1219900148837638256105174697,0.0999039298008995256105174697,0.0220860850828643,4.1402597282434054089653584749,52.724184032074314314276691018,55.565218279497144655392373224,1131382000
14.30,2,0.0859354302399343494076591771,0.0902463842962712,0.0890942005788019,0.0860402250718886,0.0848873390474031,0.118987038324633,0.1220238973951194690940012669,0.0998742665591788690940012669,0.0221496308359406,4.1390616059032886433071514737,52.726341414368894419760738588,55.558314554541707837662190158,1132174000
14.31,2,0.0859293971760207994076591771,0.0902415313287384,0.0890908800001074,0.0860341846508941,0.0848828319493058,0.119021094466468,0.1220578169043476357504453191,0.0998446403153309357504453191,0.0222131765890167,4.1378652266747594866655066611,52.728515551037889667581742735,55.551423820856691543341867189,1132966000
14.32,2,0.0859233809606281064076591771,0.0902366967832804,0.0890875747851638,0.0860281610989665,0.0848783386600872,0.11905519489298,0.1220917812074631579868674226,0.0998150588653701579868674226,0.022276722342093,4.1366708129128089676533237147,52.730698986411545927062807671,55.544539652339076632236624278,1133757000
14.33,2,0.0859173613968947084076591771,0.0902313818197086,0.0890837861019173,0.0860221341946151,0.0848738389663966,0.119075634110589,0.1221120757509152678085100888,0.0997855004861617678085100888,0.0223265752647535,4.1354777413111032768619909159,52.730840958454082182063770585,55.537655385595649278959605093,1134549000
14.34,2,0.0859113596387382644076591771,0.0902245890641186,0.0890785165845716,0.0860161251175538,0.0848693540560609,0.119053244189926,0.1220895155660832115264036544,0.0997559869396601115264036544,0.0223335286264231,4.1342866343193404429044079459,52.724606758038318418087381201,55.530789484914931252250927273,1135341000
14.35,2,0.0859053665863071634076591771,0.0902178068570246,0.0890732545817223,0.0860101247568341,0.0848648748262176,0.119030906689109,0.1220670080314172359915327215,0.0997265167998412359915327215,0.022340491231576,4.133097450100579656371963085,52.718376023197374835929992481,55.523925031492213379499709098,1136133000
14.36,2,0.0858993791402996454076591771,0.0902110311457536,0.0890679960487504,0.0860041300093748,0.0848603981818449,0.119008594469264,0.1220445258834194534945852566,0.0996970628032073534945852566,0.0223474630802121,4.1319094066287809726474400528,52.712149015975654481956418122,55.51706277597769759347709961,1136924000
14.37,2,0.0858934104905018694076591771,0.0902042762941294,0.0890627553575074,0.0859981540810465,0.0848559373368456,0.118986340459045,0.1220221025322555596022270341,0.0996676583599238596022270341,0.0223544441723317,4.1307234600503055555523430905,52.705917862041992009414886652,55.510195403712208577118447656,1137716000
14.38,2,0.0858874385741493804076591771,0.0901975198915497,0.0890575101053922,0.0859921748821801,0.0848514702095568,0.118964135853427,0.1219997283964247410712790353,0.0996382938884899410712790353,0.0223614345079348,4.1295393348910048660952695995,52.69971343771004758392686171,55.503349229896919198896199304,1138508000
14.39,2,0.0858814843149692414076591771,0.0901907825825775,0.089052280944942,0.0859862133620182,0.0848470177572003,0.118941971561575,0.1219773951113926943007849565,0.0996089610243715943007849565,0.0223684340870211,4.1283567905402728244503987392,52.693520711044948289774117426,55.49651169845041128937001636,1139300000
14.40,2,0.0858755466508854454076591771,0.0901840631816574,0.0890470666985499,0.0859802684571897,0.0848425789243581,0.118919844102875,0.1219550991575677101876385528,0.0995796562479769101876385528,0.0223754429095908,4.1271757251848531620435370303,52.687337441478717873608223085,55.489680982029926311855202923,1140091000
14.41,2,0.0858696067706422614076591771,0.0901773432843838,0.0890418489697318,0.0859743213334993,0.0848381348847615,0.118897766113367,0.1219328525212642102611499155,0.0995503915456204102611499155,0.0223824609756438,4.1259964812230033666531659136,52.681155475953550179589038507,55.482849945297272409268040295,1140883000
14.42,2,0.0858636845387352184076591771,0.0901706429202698,0.0890366477958969,0.0859683918796665,0.0848337055350306,0.118875741277421,0.1219106595839048284766654062,0.0995211712987244284766654062,0.0223894882851804,4.1248191831888621964749759483,52.674998475830343571127790607,55.476038535209083638189011162,1141675000
14.43,2,0.0858577589888909274076591771,0.0901639405105366,0.0890314416061355,0.0859624591038504,0.0848292698911987,0.118853753153469,0.1218885031611211648283761778,0.0994919783229209648283761778,0.0223965248382002,4.1236433378021700857476804978,52.668836466354311598060089134,55.469221708166611128437961027,1142467000
14.44,2,0.0858518610815330964076591771,0.090157267400555,0.0890262617536624,0.0859565540042296,0.084824858959293,0.118831811142449,0.1218663937423369878144495472,0.0994628231076335878144495472,0.0224035706347034,4.1224692445784203870411564388,52.662690033070510769758181137,55.462416689963254841671432007,1143258000
14.45,2,0.0858459608504046194076591771,0.0901505936384474,0.0890210782944177,0.0859506465780044,0.0848204427443363,0.118809917226009,0.1218443322629607420963758005,0.0994337065882707420963758005,0.02241062567469,4.1212969293307229937596988948,52.656552771036182972010243248,55.45561803951969684623439734,1144050000
14.46,2,0.0858400772559454014076591771,0.0901439379531743,0.0890159099651537,0.0859447558087363,0.0848160402376867,0.118788063781691,0.1218223117590802364096680744,0.0994046218009204364096680744,0.0224176899581598,4.120126191573339690868882465,52.650427221262811388635284493,55.448828044877898774118440585,1144842000
14.47,2,0.0858342002952589624076591771,0.0901372903854702,0.0890107468143715,0.0859388716813305,0.0848116414320207,0.118766252582788,0.1218003336556062736537394639,0.0993755701704931736537394639,0.0224247634851131,4.1189570711425598858375364717,52.644287117065447165529853057,55.4420244276783278307647929,1145633000
14.48,2,0.0858283310601744644076591771,0.0901306523955611,0.0890055903100378,0.0859329952889478,0.0848072474282444,0.118744494121317,0.1217784084893963571386835886,0.0993465622338465571386835886,0.0224318462555498,4.1177898689127719580054218325,52.638175925855568794289024605,55.435243803503435967345328508,1146425000
14.49,2,0.0858224693582449854076591771,0.0901240232027426,0.0890004396791634,0.0859271264389064,0.0848028580413962,0.118722771561606,0.1217565194080571005574031246,0.0993175811385873005574031246,0.0224389382694698,4.1166241011140927740069496284,52.632075117687782962473446537,55.428470804987488154816237663,1147217000
14.50,2,0.0858166242814472664076591771,0.09011741241111,0.0889953045335337,0.0859212742342705,0.0847984823822347,0.118701099092152,0.1217346809268876597597002450,0.0992886414000145597597002450,0.0224460395268731,4.1154601825948456596421127033,52.625985155304664091820468461,55.421705542279976971787404777,1148009000
14.51,2,0.0858107868269168074076591771,0.0901108108505147,0.0889901757106645,0.085915429661197,0.0847941114445862,0.118679472394014,0.1217128884098124796409344336,0.0992597383820524796409344336,0.02245315002776,4.1142979795568839674807879325,52.619908223422747132678980794,55.414949957715432867022428268,1148800000
14.52,2,0.0858049569551415144076591771,0.0901042182212513,0.0889850529184902,0.0859095926801254,0.0847897451965346,0.11865788401804,0.1216911344020255993124210982,0.0992308646298955993124210982,0.02246026977213,4.1131372774513831317616886806,52.613834389948620215268168689,55.408195779353581523142167978,1149592000
14.53,2,0.0857991327939920114076591771,0.0900976329215878,0.0889799345628932,0.0859037614166435,0.0847853817712866,0.118636341805225,0.1216694266841107367589355257,0.0992020279241273367589355257,0.0224673987599834,4.1119782981912825050546918279,52.607768659668804815316432991,55.401447096698969212183207982,1150384000
14.54,2,0.0857933271523700884076591771,0.0900910679836081,0.088974833683547,0.085897948695273,0.0847810340009581,0.118614851475258,0.1216477714273501528116326924,0.0991732344360298528116326924,0.0224745369913203,4.1108212175864178187856038917,52.601721854596837692564583108,55.394712963865410941166831285,1151176000
14.55,2,0.0857875280849812224076591771,0.0900845106619138,0.0889697375426175,0.0858921425561526,0.084776689933257,0.118593390741788,0.1216261459144248316438588866,0.0991444614482843316438588866,0.0224816844661405,4.1096653838491845607329063155,52.595654274094733264364645435,55.387960166002760340760057981,1151967000
14.56,2,0.0857817256826749814076591771,0.0900779519282749,0.0889646371194149,0.085886333078048,0.0847723396544934,0.11857198535003,0.1216045755600507232615440655,0.0991157343756065232615440655,0.0224888411844442,4.108511524073199651070778259,52.589625663419650936675864692,55.381238860258092702221986098,1152759000
14.57,2,0.0857759507918110814076591771,0.0900714220362036,0.0889595626749664,0.0858805511449349,0.0847680140561629,0.118550616706525,0.1215830428381890561797338370,0.0990870356919579561797338370,0.0224960071462311,4.1073591351900583620594444821,52.583599571653003661501516881,55.374518484860132965192174663,1153551000
14.58,2,0.0857701725601451574076591771,0.0900648906550256,0.0889544838860882,0.0858747658669458,0.084763682255893,0.118529301363393,0.1215615632326121652702225239,0.0990583808811108652702225239,0.0225031823515013,4.1062086597928040462687818673,52.577584033724749174683410451,55.367805551218293725326487091,1154342000
14.59,2,0.0857644117979135004076591771,0.0900583780275331,0.0889494210030389,0.0858689980796942,0.0847593650967681,0.118508021980509,0.1215401201204829601710387310,0.0990297533202278601710387310,0.0225103668002551,4.1050596206878555971030855317,52.571580910646899255602931349,55.361101961893962379806052538,1155134000
14.60,2,0.0857586576890271894076591771,0.0900518734167211,0.0889443632962551,0.0858632369539014,0.0847550517569556,0.118486781389011,0.1215187159567579538583555116,0.0990011554642658538583555116,0.0225175604924921,4.1039120872201813403623483184,52.565577438570427938887775761,55.35439684279801219200119635,1155926000
14.61,2,0.0857529110075968324076591771,0.0900453779999036,0.0889393119504685,0.0858574832646221,0.0847507430189324,0.118465591094309,0.1214973622811854677279813041,0.0989725988529729677279813041,0.0225247634282125,4.1027663889948551962207493877,52.559595282233136021674565753,55.347708346489256217521125379,1156718000
14.62,2,0.0857471710103465544076591771,0.0900388909653235,0.0889342661613147,0.085851736267674,0.0847464381459136,0.118444449174045,0.1214760571445061505828669304,0.0989440815370898505828669304,0.0225319756074163,4.1016224691853220045428157788,52.553618893054958831628500937,55.341023321978810008059250008,1157509000
14.63,2,0.0857414485646908034076591771,0.0900324228519156,0.0889292364750983,0.0858460068437238,0.08474214802594,0.118423345652117,0.1214547909447563254306762481,0.0989155939146529254306762481,0.0225391970301034,4.1004800517312425770640061334,52.547622433774639749549081346,55.334320031446317965304788507,1158301000
14.64,2,0.0857357325385623854076591771,0.0900259625518539,0.0889242117913381,0.0858402838471294,0.0847378615207188,0.118402281805734,0.1214335645709645017364974970,0.0988871368746905017364974970,0.022546427696274,4.0993391611170309423972201318,52.541663824962881453408155745,55.327647603021553935584070001,1159093000
14.65,2,0.0857300231146309914076591771,0.0900195105941859,0.088919192646403,0.0858345674607831,0.0847335788204682,0.118381267544031,0.1214123879449497670906454731,0.0988587203390219670906454731,0.0225536676059278,4.0982000805975012643639620152,52.5357135685836257013810287,55.320980815720555759212799775,1159885000
14.66,2,0.0857243212706839464076591771,0.0900130678253285,0.0889141798940072,0.0858288586636646,0.0847293009114698,0.11836029905356,0.1213912572853814780763983957,0.0988303405263163780763983957,0.0225609167590651,4.097062700861142030742713222,52.529779872871289703583469274,55.314326710215570652307980454,1160676000
14.67,2,0.0857186358017458914076591771,0.0900066425171326,0.0889091818132756,0.0858231662615238,0.0847250366067516,0.118339360891501,0.1213701574477830810405991211,0.0988019822920973810405991211,0.0225681751556857,4.0959265870662975673334665944,52.523844257612770549281797384,55.307669895706924105599431237,1161468000
14.68,2,0.0857129579630588334076591771,0.0900002268977499,0.0889041906396097,0.0858174814989388,0.0847207771581461,0.11831848137629,0.1213491164623593329052851451,0.0987736736665695329052851451,0.0225754427957898,4.0947925412347997407706332128,52.517924605786046931755435398,55.301025005871326373449747603,1162260000
14.69,2,0.0857072766228470084076591771,0.0899938089428857,0.0888991943559414,0.085811793230559,0.0847165114275339,0.118297635532546,0.1213281089495546442974082054,0.0987453892701775442974082054,0.0225827196793771,4.0936598353115999303939739954,52.512004729177466309441886521,55.294378791844815323434589688,1163051000
14.70,2,0.0857016218150483204076591771,0.0899874191750967,0.0888942234920306,0.0858061315269476,0.0847122694926854,0.11827683577854,0.1213071483855485178076675932,0.0987171425791007178076675932,0.0225900058064478,4.0925288543764089760680159866,52.506101989146429763581550334,55.287745731319416471366057459,1163843000
14.71,2,0.0856959644636414424076591771,0.0899810283969361,0.0888892488576102,0.0858004672766262,0.0847080222493065,0.118256080160347,0.1212862317988794697655875684,0.0986889306218775697655875684,0.0225973011770019,4.0913995123187692303626360651,52.500194510937794265197320512,55.281107307322907834140893753,1164635000
14.72,2,0.0856903236025791074076591771,0.0899746554749746,0.0888842893264074,0.0857948195367586,0.0847037887617219,0.118235362887203,0.1212653540609955552227167066,0.0986607482699563552227167066,0.0226046057910392,4.090271661232129019077827071,52.494308345486204449738550684,55.274485741987066810604716645,1165427000
14.73,2,0.0856846902658214184076591771,0.0899682918935516,0.0888793363898948,0.0857891793303713,0.0846995600600956,0.118214697325825,0.1212445282335279974179933509,0.0986326085849677974179933509,0.0226119196485602,4.0891456743202843975963727253,52.488433679373157473228108696,55.267872448523746905231862242,1166218000
14.74,2,0.0856790523773691704076591771,0.0899619248470296,0.0888743772495452,0.0857835345667388,0.0846953240608166,0.11819406321461,0.1212237336205534284479362989,0.0986044908709892284479362989,0.0226192427495642,4.0880209577043419353655909473,52.482559145945900042489332511,55.261258174536929162255404759,1167010000
14.75,2,0.0856734419711971254076591771,0.0899555871443592,0.0888694447213965,0.0857779173189,0.0846911128440156,0.118173481067223,0.1212029918685051920435680590,0.0985764167744532920435680590,0.0226265750940519,4.0868981305245753089123358203,52.476703644610406189273200544,55.254658553026924762135433326,1167802000
14.76,2,0.0856678280079762704076591771,0.0899492472486166,0.0888645072755889,0.0857722965096748,0.0846868953395808,0.118152938260538,0.1211822892615687368375717541,0.0985483725795460368375717541,0.0226339166820227,4.0857767988674646285183435016,52.470853309571658392545065459,55.248062072180513474907808894,1168594000
14.77,2,0.0856622315216959484076591771,0.0899429262889212,0.0888595860482835,0.0857666931987025,0.0846826926141974,0.118132436416359,0.1211616281582038620728508067,0.0985203606447267620728508067,0.0226412675134771,4.084657029313543841127677194,52.465014748845220013331394838,55.241474300353242239544029541,1169385000
14.78,2,0.0856566415096971904076591771,0.089936613386302,0.0888546701675283,0.0857610963699069,0.0846784936588125,0.118111979652909,0.1211410122946970302318817308,0.0984923847062824302318817308,0.0226486275884146,4.0835389279151804077489342968,52.459167157593659249206263075,55.234877484317470391636154212,1170177000
14.79,2,0.0856510579326727324076591771,0.0899303084362348,0.0888497595357948,0.0857555059839328,0.0846742984410709,0.118091566104432,0.1211204398030262590307119167,0.0984644428961904590307119167,0.0226559969068358,4.0824224401730940598079213303,52.453350588409393838050240012,55.228305698267997331249572034,1170969000
14.80,2,0.0856454918786254044076591771,0.0899240221637781,0.0888448648851154,0.0857499331423044,0.0846701180694749,0.118071184796343,0.1210999000898342843717282513,0.0984365246210942843717282513,0.02266337546874,4.0813072616256157174788174567,52.447526305307933391091359009,55.221726227313644088186412425,1171761000
14.81,2,0.0856399212001557194076591771,0.0899177332726242,0.0888399649261332,0.0857443556706144,0.0846659303765723,0.118050861260935,0.1210794179288725094092911367,0.0984086546547446094092911367,0.0226707632741279,4.0801941010040562741659177947,52.44172587565499034660449504,55.215165420756328395687777719,1172552000
14.82,2,0.0856343679487484744076591771,0.0899114633024912,0.0888350812054952,0.0857387956472384,0.0846617574476718,0.118030579687454,0.1210589782709859753459547196,0.0983808179479870753459547196,0.0226781603229989,4.0790825261975340556692151849,52.435937797205545065982219263,55.208613796192630991950409151,1173344000
14.83,2,0.0856288211217805994076591771,0.0899052008051466,0.0888302022818753,0.0857332420561361,0.0846575882736437,0.118010327891579,0.1210385685399789575457606002,0.0983530019246254575457606002,0.0226855666153535,4.0779721759401893610188184292,52.430150781535684193379296301,55.202062000815286584181766793,1174136000
14.84,2,0.0856232818067932654076591771,0.0898989475717655,0.0888253299533328,0.085727695986175,0.0846534239502439,0.117990125965522,0.1210182088785755604634687397,0.0983252267273842604634687397,0.0226929821511913,4.0768636262942251371587907272,52.424354125960163869771865319,55.195500538808339500961466425,1174927000
14.85,2,0.0856177587840857874076591771,0.0898927121640345,0.0888204727884166,0.0857221662283614,0.0846492732753451,0.117969967188742,0.1209978928693662704212073490,0.0982974859388537704212073490,0.0227004069305125,4.0757566924300172507235431602,52.418590451061627470706767899,55.188965777950410105531612813,1175719000
14.86,2,0.0856122323045602824076591771,0.0898864746305843,0.0888156108425971,0.0857166330095144,0.0846451164826105,0.117949846803488,0.1209776150614451279549015065,0.0982697741081280279549015065,0.0227078409533171,4.074651217206244595117370847,52.412829397500314237221053262,55.182432008096616048211549188,1176511000
14.87,2,0.0856067221490178884076591771,0.089880255207044,0.0888107643583218,0.085711116134557,0.0846409733837853,0.117929776797642,0.1209573881418427040413614675,0.0982421039222377040413614675,0.022715284219605,4.0735475630952079553058483894,52.407082820565002279340738627,55.175909065184546296241479304,1177303000
14.88,2,0.0856012183682504614076591771,0.0898740432013617,0.0888059226503351,0.0857056056421482,0.0846368340243292,0.117909736420013,0.1209371909990983846460493360,0.0982144542697219846460493360,0.0227227367293764,4.072445124313727197923386867,52.401342242527110326984856029,55.169390149335587478077610892,1178094000
14.89,2,0.0855957320858826834076591771,0.0898678504870557,0.0888010975989292,0.0857001126694778,0.0846327095482101,0.117889746561656,0.1209170449261577790124050227,0.0981868464435267790124050227,0.022730198482631,4.0713445098754012163742814012,52.395610655773181621049537994,55.162877391074359559001267065,1178886000
14.90,2,0.0855902420834645524076591771,0.0898616553406686,0.0887962674874,0.0856946159722206,0.08462857871786,0.117869793872608,0.1208969358232865667999732022,0.0981592663439174667999732022,0.0227376694793691,4.0702453148682289308327111528,52.389891552205929032484096422,55.15637403619288787453794339,1179678000
14.91,2,0.0855847685740643424076591771,0.0898554782769287,0.0887914528372068,0.0856891357880938,0.0846244617777313,0.11784988593194,0.1208768719811297631936050180,0.0981317222615393631936050180,0.0227451497195904,4.0691477758173280727244826431,52.384161573760809149120650291,55.149860046256831799879266958,1180470000
14.92,2,0.0855793014289172984076591771,0.0898493091920435,0.0887866435512668,0.0856836619759811,0.0846203485934215,0.117830023985246,0.1208568542921379749096039130,0.0981042150888427749096039130,0.0227526392032952,4.0680519173051571298280773096,52.378457247163670817013719983,55.143366486213468001186584177,1181261000
14.93,2,0.0855738405564024314076591771,0.0898431475535728,0.0887818391038276,0.0856781944441499,0.0846162390798899,0.117810195413678,0.1208368701268032320847289197,0.0980767321963197320847289197,0.0227601379304835,4.066957376538598860339185715,52.372763167910063296045317052,55.136880494251498191327673164,1182053000
14.94,2,0.0855683871688866654076591771,0.0898369951474041,0.0887770412874439,0.0856727344064454,0.0846121344576529,0.117790416576967,0.1208169358974476476763080467,0.0980492899962927476763080467,0.0227676459011549,4.0658646227116897252664052583,52.367081050285857187160770811,55.130403210365474573951244513,1182845000
14.95,2,0.0855629491379871954076591771,0.0898308594759017,0.0887722576111254,0.085667289744084,0.0846080426145762,0.117770676488409,0.1207970408861229090709357405,0.0980218777708130090709357405,0.0227751631153099,4.064773347793447050409728782,52.361409065472005431473474313,55.123933286943965451087993357,1183636000
14.96,2,0.0855575183724620524076591771,0.0898247323278252,0.0887674798702557,0.0856618523559568,0.0846039554561793,0.117750972135422,0.1207771817957431484486565058,0.0979944922227950484486565058,0.0227826895729481,4.0636834563449617291734514053,52.355733068399989259337023218,55.117458744593414174916913791,1184428000
14.97,2,0.0855520840473253854076591771,0.0898186031506763,0.0887626975189399,0.0856564114038772,0.0845998621508829,0.117731311887998,0.1207573666231567436998292164,0.0979671413490870436998292164,0.0227902252740697,4.0625951764746834929833796483,52.350061096201621734437791188,55.110986267958013397896577049,1185220000
14.98,2,0.0855466760712295264076591771,0.0898125020499842,0.0887579406692894,0.0856509968329701,0.0845957926503979,0.117711699816596,0.1207376004872399627183794490,0.0979398302685652627183794490,0.0227977702186747,4.0615086538432658563878789932,52.344418449114989904198164369,55.104537302232777271976015102,1186012000
14.99,2,0.0855412644050073904076591771,0.0898063986277871,0.0887531789299034,0.0856455785674367,0.0845917168854908,0.117692127220414,0.1207178736318470565500573080,0.0979125492250840565500573080,0.022805324406763,4.0604236079733471184170582398,52.338778987340234517546510872,55.098089779042719593087404022,1186803000
15.00,2,0.0855358590312297254076591771,0.0898003027394253,0.0887484221626626,0.0856401666020211,0.0845876448574498,0.117672589932769,0.1206981822370072676550684607,0.0978852943986725676550684607,0.0228128878383347,4.0593399284464651992450965478,52.333143967185461023979199724,55.091644841205538877327150262,1187595000
15.01,2,0.0855304700506763934076591771,0.0897942248467922,0.0887436808359799,0.0856347710498208,0.084583586685896,0.117653097765114,0.1206785364735385634636350292,0.0978580759601486634636350292,0.0228204605133899,4.058257905650712397902102718,52.327525072442960450885246392,55.08521224267029011010516429,1188387000
15.02,2,0.0855250884091576974076591771,0.0897881556381052,0.0887389456445713,0.0856293828456048,0.084579533312101,0.117633643815141,0.1206589291185892708639487990,0.0978308866866610708639487990,0.0228280424319282,4.0571773316822750401880695917,52.321890910256147802171361877,55.078765379793671641940804446,1189179000
15.03,2,0.0855197120675333264076591771,0.0897820934282683,0.0887342149098188,0.0856239999477461,0.0845754827009198,0.117614238327971,0.1206393703524558026957721407,0.0978037367585057026957721407,0.0228356335939501,4.0560984972007972082556649282,52.31628754110814924301053975,55.072343294389748365170320213,1189970000
15.04,2,0.0855143430599806814076591771,0.0897760396708473,0.088729490091746,0.0856186243929027,0.0845714368954721,0.117594864570254,0.1206198435029364486983520268,0.0977766095034811486983520268,0.0228432339994553,4.0550209235984984447823226092,52.31068953592322607588300064,55.065924647136519058380670913,1190762000
15.05,2,0.0855089903473726804076591771,0.0897700038595165,0.0887247806904643,0.085613265152875,0.0845674048739991,0.117575537329679,0.1206003636802591411458860624,0.0977495200318153411458860624,0.0228508436484438,4.0539450427671818586905944355,52.305101542958047906060143454,55.059513104229291831140699326,1191554000
15.06,2,0.0855036429272444024076591771,0.0897639746756255,0.0887200753937396,0.0856079112117811,0.0845633756270394,0.117556248128144,0.1205809220166971366678311320,0.0977224594757814366678311320,0.0228584625409157,4.0528705996808011546364028847,52.29952666029505347899132494,55.053111478983884041232333764,1192345000
15.07,2,0.0854983028337930424076591771,0.0897579545314378,0.088715376620232,0.0856025646062986,0.084559351197671,0.117537007685251,0.1205615293097317773090420939,0.0976954386328608773090420939,0.0228660906768709,4.0517979026800548203982294006,52.293961155973539575684233504,55.046716380972807878849978292,1193137000
15.08,2,0.0854929690279112354076591771,0.0897519419953513,0.0887106829447154,0.0855972242960531,0.0845553305518993,0.11751780481564,0.1205421743310772450198279519,0.0976684462747676450198279519,0.0228737280563096,4.0507266291138761817760668233,52.288390647576046306125154613,55.040315767542360456077676485,1193929000
15.09,2,0.0854876415071537014076591771,0.0897459369201619,0.0887059942263414,0.0855918902785964,0.0845513136936358,0.117498635373869,0.1205228529329002482518169301,0.0976414782536685482518169301,0.0228813746792317,4.0496566591712305645699079922,52.28283234152704682608914256,55.033924385662962121865690705,1194721000
15.10,2,0.0854823293561472424076591771,0.0897399489196288,0.0887013200852051,0.0855865716496335,0.0845473097249252,0.117479514036076,0.1205035801181361441223520718,0.0976145495724990441223520718,0.0228890305456371,4.0485884216701908621840480278,52.27729706081158886966549942,55.027551172624197820226639844,1195512000
15.11,2,0.0854770253982127064076591771,0.0897339704659526,0.088696652999823,0.0855812612237336,0.0845433114666564,0.117460431123315,0.1204843459512391936992989332,0.0975876502957133936992989332,0.0228966956555258,4.0475216309939799947926660896,52.27176126267046035009795854,55.021176248676172472930949467,1196304000
15.12,2,0.0854717257181057734076591771,0.0897279978316451,0.0886919892490023,0.085575955080878,0.0845393150051101,0.117441392217135,0.1204651558804901321858825648,0.0975607858715922321858825648,0.0229043700088979,4.0464564422399656938215687007,52.26624048237313740175229807,55.0148127545308849784542158,1197096000
15.13,2,0.0854664333134070644076591771,0.0897220338627671,0.08868733168508,0.0855706562223027,0.0845353233478022,0.117422392821302,0.1204460055119388220691113839,0.0975339519061853220691113839,0.0229120536057535,4.0453927285463764202793532597,52.260707160715589805696473258,55.00843727043765788947924823,1197888000
15.14,2,0.0854611572316521864076591771,0.0897160875084637,0.0886826892634572,0.0855653737065765,0.0845313455595613,0.117403429643987,0.1204268918683012707333668048,0.0975071454222089707333668048,0.0229197464460923,4.0443304036359504999660126091,52.25520189369637184228725327,55.002084478414649134944065816,1198679000
15.15,2,0.0854558773337670814076591771,0.089710138914046,0.0886780421356814,0.0855600873700664,0.0845273614829947,0.117384511883936,0.1204078234500184460504712947,0.0974803749201039460504712947,0.0229274485299145,4.043269710044021285451423628,52.249707290861470999240323155,54.995739381628321052456892974,1199471000
15.16,2,0.0854506137040707094076591771,0.089704207635349,0.0886734098638045,0.0855548173215834,0.084523391233134,0.117365623354772,0.1203887847632786349450638653,0.0974536249060586349450638653,0.02293515985722,4.0422102029212122377441837154,52.244211464666819332567289452,54.989392139105853765717616905,1200263000
15.17,2,0.0854453553897741184076591771,0.0896982838937743,0.088668782675425,0.0855495525949821,0.0845194238500346,0.117346798254584,0.1203698096442874997570420676,0.0974269292162783997570420676,0.0229428804280091,4.0411528506190290882700993939,52.238741323663230134089623988,54.983065050845261110242909561,1201055000
15.18,2,0.0854401042158548284076591771,0.0896923679574021,0.0886641608448012,0.0855442950174655,0.0845154611670811,0.117327991903833,0.1203508534502943412960469367,0.0974002432080129412960469367,0.0229506102422814,4.0400963732325233248076521043,52.233266714151648599067812406,54.976733256584695103549204359,1201846000
15.19,2,0.0854348593029619814076591771,0.0896864599180595,0.088659544469918,0.0855390437086104,0.0845115023100121,0.117309232159275,0.1203319440245056101405993037,0.0973735947244686101405993037,0.022958349300037,4.0390415674264357055525324058,52.227791085252832732523008466,54.970399154595229835293711785,1202638000
15.20,2,0.0854296306979839254076591771,0.0896805698234826,0.0886549436046504,0.085533808727557,0.0845075573441104,0.11729051851854,0.1203130812157332023144864094,0.0973469836144572023144864094,0.022966097601276,4.0379884278851751239090354187,52.222334014057873726980102298,54.964079455405752800826943677,1203430000
15.21,2,0.0854243972632565824076591771,0.0896746760133079,0.0886503365947548,0.0855285689108646,0.0845036051120589,0.11727183712082,0.1202942504158895172412196803,0.0973203952698910172412196803,0.0229738551459985,4.0369365351334874732814562655,52.216894821684467686360197012,54.957773865945750635554664311,1204221000
15.22,2,0.0854191811314866294076591771,0.0896688011445481,0.088645746103344,0.0855233464182299,0.0844996677796581,0.11725320182037,0.1202754662617203967216196285,0.0972938443275160967216196285,0.0229816219342043,4.0358863074988930794697877847,52.211456445539591753862613868,54.951467536447526948560429901,1205013000
15.23,2,0.0854139710921651144076591771,0.0896629335886472,0.0886411605079436,0.085518130025473,0.0844957341288133,0.117234601233077,0.1202567169704319641865774709,0.0972673190045385641865774709,0.0229893979658934,4.0348374064448438358783250981,52.206028931887378323366820155,54.945169271553190896695880078,1205805000
15.24,2,0.0854087763875249624076591771,0.0896570830128031,0.0886365894818132,0.0855129289860976,0.0844918134190939,0.117216047043863,0.1202380145574165151958193952,0.0972408313163506151958193952,0.0229971832410659,4.0337901752026040683070610448,52.200600481596452263015569367,54.938868762220165886692428754,1206597000
15.25,2,0.0854035778928754214076591771,0.0896512300681833,0.0886320136821637,0.0855077241520911,0.0844878865085342,0.117197533836014,0.1202193529342092232821379391,0.0972143751744873232821379391,0.0230049777597219,4.0327444383661422645344770674,52.195195579803978407982279236,54.932587034677613987913401747,1207388000
15.26,2,0.0853983954839824774076591771,0.0896453944923264,0.0886274528525583,0.085502535423457,0.0844839733031658,0.117179056609583,0.1202007277929477068476516076,0.0971879462710866068476516076,0.0230127815218611,4.031700071539925155986379683,52.189790563593451789401826452,54.926303965684670424167623719,1208180000
15.27,2,0.0853932093657661534076591771,0.0896395565596315,0.088622887273401,0.0854973429809763,0.0844800539897786,0.117160618391173,0.1201821414701876575556601812,0.0971615469427040575556601812,0.0230205945274836,4.0306571406769730684627617367,52.184402116970592497782793083,54.920033758485657540443370563,1208972000
15.28,2,0.0853880494872035134076591771,0.0896337462248033,0.0886183469053835,0.0854921768101474,0.0844761585598614,0.117142217775363,0.1201635936069768329264505781,0.0971351768303872329264505781,0.0230284167765896,4.0296156345096964897421046651,52.179002221938162285704524442,54.913752486495643736635281388,1209764000
15.29,2,0.0853828856511034274076591771,0.0896279332873483,0.0886138015539802,0.085487006676955,0.0844722567853705,0.117123856249619,0.1201450846361012859844032188,0.0971088363669222859844032188,0.023036248269179,4.0285755644521387456244013108,52.173626469933075119113092401,54.907490543899398627475814687,1210555000
15.30,2,0.0853777281350434544076591771,0.0896221282068751,0.0886092616847487,0.0854818428715097,0.0844683589623693,0.117105538487903,0.1201266195939201119842541506,0.0970825305886684119842541506,0.0230440890052517,4.027537073800994729513946793,52.168258573871797390007780079,54.901233919865619332848829055,1211347000
15.31,2,0.0853725867783885494076591771,0.0896163408278885,0.0886047371481249,0.0854766952451753,0.084464474948156,0.117087264121642,0.1201081984558579929537869706,0.0970562594710502929537869706,0.0230519389848077,4.0265001608678581728365476332,52.162912396252644701870691469,54.89499446049656160915200981,1212139000
15.32,2,0.0853674405788384014076591771,0.0896105497034698,0.088600206503102,0.0854715427700399,0.0844605837207344,0.117069021518885,0.1200898088487707490604037906,0.0970300106409234490604037906,0.0230597982078473,4.0254644702038905633706852718,52.157560972339796155068699084,54.888749364289760682030892202,1212930000
15.33,2,0.0853623205707542734076591771,0.0896047863517004,0.0885957012736553,0.08546641651831,0.0844567163582085,0.117050822905245,0.1200714640909938243214714035,0.0970037974166237243214714035,0.0230676666743701,4.0244303823669407945206548292,52.152200344346617702265044931,54.882494985429650591886962194,1213722000
15.34,2,0.0853571966308413324076591771,0.0895990204482648,0.0885911911413447,0.0854612863299566,0.0844528427064283,0.11703266410241,0.1200531589486639077063572279,0.0969776145642877077063572279,0.0230755443843762,4.0233977464335016244821468657,52.146880048242187418849207477,54.876273764688131945299857502,1214514000
15.35,2,0.0853520789256296494076591771,0.0895932622638598,0.0885866863827243,0.0854561623839074,0.0844489729501822,0.117014547560431,0.1200348962289838477674788667,0.0969514648911180477674788667,0.0230834313378658,4.0223666418396383790551542217,52.141557769603998721440462166,54.870049480710618627774691902,1215306000
15.36,2,0.0853469673683813324076591771,0.0895875115930736,0.0885821867982209,0.0854510445933188,0.084445107008469,0.116996469885265,0.1200166725330144710760161934,0.0969253449981757710760161934,0.0230913275348387,4.0213369702285510868525765788,52.13624894784519596633716637,54.863835396935095272767568823,1216097000
15.37,2,0.0853418719934815964076591771,0.0895817780953641,0.0885777020531135,0.0854459430048124,0.0844412549337347,0.11697841981443,0.1199984769424481934378603139,0.0968992439671532934378603139,0.0230992329752949,4.0203084178294125328399885349,52.13093956202299469231936041,54.857619737283204342998093137,1216889000
15.38,2,0.0853367817620104184076591771,0.089576051456454,0.0885732218389272,0.0854408465660068,0.084437405679404,0.116960418677179,0.1199803304137829522721978285,0.0968731827545482522721978285,0.0231071476592347,4.0192815840172800160474988933,52.125625634454893943451912397,54.85139869006717263243999217,1217681000
15.39,2,0.0853316986350537434076591771,0.0895703333565898,0.0885687478416933,0.0854357572403794,0.0844335612147425,0.116942458328363,0.1199622248656748059686849207,0.0968471532790172059686849207,0.0231150715866576,4.0182562362943479974837050539,52.120342102691762500526654819,54.845202289158634296086744596,1218473000
15.40,2,0.0853266206836700384076591771,0.089564621523475,0.0885642777948817,0.0854306730966364,0.0844297196142265,0.116924529036456,0.1199441504934241439142902321,0.0968211457358601439142902321,0.023123004757564,4.0172320927922948297184838969,52.115059989409536672760831813,54.83900594460376972571380243,1219264000
15.41,2,0.0853215578323014284076591771,0.0895589266510009,0.0885598223981328,0.0854256040713224,0.084425890820153,0.116906652315384,0.1199261291712634998379007844,0.0967951819993096998379007844,0.0231309471719538,4.0162097791773588385518282612,52.109800410739763157945851598,54.832827292726851831622439852,1220056000
15.42,2,0.0853165021153625444076591771,0.0895532398616207,0.0885553727796305,0.0854205421891382,0.0844220668629572,0.116888802467164,0.1199081349072422207329845054,0.0967692360774153207329845054,0.0231388988298269,4.0151885498506278906181492296,52.104537643732767782229791515,54.826644834925362761395088686,1220848000
15.43,2,0.0853114426139840684076591771,0.0895475510683585,0.0885509188581125,0.0854154765178994,0.0844182368161716,0.116871003886024,0.1198901917288977824588283990,0.0967433319977142824588283990,0.0231468597311835,4.0141690921659843384873236829,52.099269772294740019388345449,54.820456461461114161378029318,1221640000
15.44,2,0.0853063981590968494076591771,0.0895418782624148,0.0885464786304742,0.0854104259115006,0.0844144195393893,0.116853231538344,0.1198722752459417019055619996,0.0967174453699184019055619996,0.0231548298760233,4.0131507064087730755636467386,52.094026729316469801791345114,54.814288255721900718560799035,1222431000
15.45,2,0.0853013597952962144076591771,0.0895362131287972,0.0885420437874016,0.0854053814036161,0.0844106060719664,0.116835504232175,0.1198544039649778291433092060,0.0966915947006314291433092060,0.0231628092643464,4.0121339217697599684815294804,52.088794186744567814132654063,54.808127600263953492199779036,1223223000
15.46,2,0.0852963365570200464076591771,0.0895305644575727,0.088537623124622,0.0854003520397011,0.0844068054650218,0.116817814496076,0.1198365707260819202301960953,0.0966657728299288202301960953,0.0231707978961531,4.011118532147860802206546507,52.083572487783294681257773155,54.801974927911081649760069294,1224015000
15.47,2,0.0852913094054008424076591771,0.0895249133432447,0.0885331977422814,0.0853953187576708,0.0844029986621169,0.116800167146673,0.1198187796833504741473217745,0.0966399839119074741473217745,0.023178795771443,4.0101046555648260645171792597,52.078334882672618701194954538,54.795807260972313038507954063,1224806000
15.48,2,0.0852862994210582324076591771,0.0895192804995384,0.0885287883597307,0.085390302663852,0.0843992067752074,0.116782550572721,0.1198010199557080684358211948,0.0966142170654918684358211948,0.0231868028902162,4.0090919793164270544435365387,52.073123167616450038130088691,54.789660583935623955061953654,1225598000
15.49,2,0.0852812944726883194076591771,0.0895136543048967,0.0885243833610206,0.085385291612147,0.084395417663807,0.116764980006912,0.1197833063611747807330003696,0.0965884871087017807330003696,0.023194819252473,4.0080809269232926653899134652,52.067929451603749924661385914,54.783527857360236210987467128,1226390000
15.50,2,0.0852762946043741604076591771,0.0895080343178796,0.0885199823103018,0.0853802856466928,0.0843916313776468,0.116747441543174,0.1197656249869396903618809588,0.0965627801287266903618809588,0.023202844858213,4.0070710988283942231563028774,52.062737740020877180398041676,54.777395658032780404642458551,1227182000
15.51,2,0.0852713009330865884076591771,0.0895024223181666,0.0885155869928275,0.0853752858858221,0.0843878490406366,0.116729954100284,0.1197479948025604580323286373,0.0965371150951239580323286373,0.0232108797074365,4.0060630374851630803125816592,52.057558480680937517258623703,54.771272562340554599942265016,1227973000
15.52,2,0.0852663132182156074076591771,0.0894968172967676,0.088511196405164,0.0853702920886316,0.0843840704174327,0.116712495687133,0.1197303937953033726905211270,0.0965114699951601726905211270,0.0232189238001432,4.0050561112908596710974631685,52.052368703330112675628972391,54.765139325764640057089068568,1228765000
15.53,2,0.0852613426135058744076591771,0.0894912305443172,0.0885068218434849,0.0853653154224676,0.084380306680924,0.116695069639107,0.1197128256927538342343416114,0.0964858485564204342343416114,0.0232269771363334,4.004050426048574348080824286,52.047200741335732113601745766,54.759023564228627257678238619,1229557000
15.54,2,0.0852563651256589204076591771,0.0894856386923762,0.0885024399448734,0.0853603318647726,0.0843765338140786,0.116677695106831,0.1196953088185176206623084888,0.0964602691025107206623084888,0.0232350397160069,4.0030465057065758426884715335,52.042045241132095519379372859,54.7529169129603300998899176,1230349000
15.55,2,0.0852514056246880714076591771,0.0894800661014868,0.0884980750753766,0.085355366315888,0.0843727767227464,0.116660356197644,0.1196778281399760366696355473,0.0964347166008122366696355473,0.0232431115391638,4.0020439186276986426988863516,52.036901223866042954079791566,54.746818825584871544722295051,1231140000
15.56,2,0.0852464503093518394076591771,0.089474498795134,0.0884937132639682,0.0853504049577422,0.0843690215943475,0.11664304861533,0.1196603788759514400627792585,0.0964091862701473400627792585,0.0232511926058041,4.0010425268569246415163638584,52.031741248735490099599373136,54.740705884317156891352327625,1231932000
15.57,2,0.0852415119401324784076591771,0.0894689499914424,0.0884893677342439,0.0853454605663784,0.0843652812103998,0.116625784796243,0.1196429739167158639116021732,0.0963836910007881639116021732,0.0232592829159277,4.0000426986889835973365946179,52.026610439856841735815201315,54.734616497517148321519540329,1232724000
15.58,2,0.0852365687153760204076591771,0.0894633976315908,0.0884850164328371,0.0853405113135564,0.084361533748121,0.116608558518231,0.1196256062742578059203246000,0.0963582238047231059203246000,0.0232673824695347,3.9990442329477113767939897084,52.021489937046201071473017559,54.728534643297460144756677219,1233515000
15.59,2,0.0852316415143104734076591771,0.0894578627605849,0.0884806804101918,0.0853355781039655,0.0843578001176418,0.116591373434349,0.1196082803340564433576285211,0.0963327890674313433576285211,0.0232754912666251,3.9980472542834824944369146107,52.01637563746884290869600028,54.722456720200646555087935145,1234307000
15.60,2,0.0852267092899020204076591771,0.089452324067623,0.088476338360927,0.085330639864906,0.0843540592516867,0.116574223093879,0.1195909889057771484331766451,0.0963073795985784484331766451,0.0232836093071987,3.9970515557240136816911758439,52.011275542926908078679495114,54.716389725124286652969454918,1235099000
15.61,2,0.0852217942032253624076591771,0.089446803964345,0.0884720127020875,0.085325718784477,0.084350333343763,0.116557113510712,0.1195737387819897094583283112,0.0962820021907338094583283112,0.0232917365912559,3.9960573308777158319610685323,52.00616401675775320818344374,54.710311550833727126579144651,1235891000
15.62,2,0.0852168931338414834076591771,0.0894412990165666,0.0884677000048769,0.0853208117384344,0.0843466192750178,0.116540035863666,0.1195565210272225564649112024,0.0962566479084262564649112024,0.0232998731187963,3.9950643227778278386508877929,52.001071891820992470410228854,54.704248798189750719742644365,1236682000
15.63,2,0.0852119880350470594076591771,0.0894357915695961,0.0884633826199752,0.0853159006580675,0.0843428989821152,0.116523002323901,0.1195393471892690362226315418,0.0962313282994489362226315418,0.0233080188898201,3.9940728612598908923520219085,51.995991239539211529284715856,54.698194447653453027544881976,1237474000
15.64,2,0.0852070890306489564076591771,0.089430291419927,0.0884590703492309,0.0853109956795288,0.0843391826065662,0.116506002987736,0.1195222077125622875634491794,0.0962060338082349875634491794,0.0233161739043273,3.9930826715927166160515568774,51.990918908732602103305426238,54.692145982522185427343344707,1238266000
15.65,2,0.0852022060371946934076591771,0.0894248089475409,0.0884547735779645,0.0853061067314586,0.0843354800823531,0.116489050606406,0.1195051157030101169872214163,0.0961807775406922169872214163,0.0233243381623179,3.9920941282485317411752992221,51.985849947661723785501216095,54.686098901616542793906261193,1239058000
15.66,2,0.0851973280083094844076591771,0.0894193324510007,0.0884504806100614,0.0853012227540116,0.0843317803549563,0.116472126999992,0.1194880525835809088210089903,0.0961555409197892088210089903,0.0233325116637917,3.9911066980502301878974281016,51.980791129022783401141686226,54.680059371733990199974653805,1239849000
15.67,2,0.0851924560305358024076591771,0.0894138633699098,0.0884461928904311,0.0852963448350552,0.0843280845175526,0.116455242221718,0.1194710284518006559909203658,0.0961303340430515559909203658,0.0233406944087491,3.9901206692862467144136340778,51.975745557215882070244847773,54.674029859878002211399545627,1240641000
15.68,2,0.0851875890940613154076591771,0.0894084005871956,0.0884419093072911,0.0852914719635457,0.0843243915643916,0.11643839325278,0.1194540402519031501266630398,0.0961051538547134501266630398,0.0233488863971897,3.9891359534309597549626305103,51.970711218533605174421599061,54.668008698438354548553247109,1241433000
15.69,2,0.0851827281601412084076591771,0.0894029451869461,0.088437630950003,0.0852866051019104,0.0843207024631776,0.116421583560095,0.1194370914867125986086581306,0.0960800038575988986086581306,0.0233570876291137,3.9881526498485286621142942788,51.965666160557653015263962449,54.66197698567842230789355988,1242225000
15.70,2,0.0851778832266915724076591771,0.0893975075230484,0.088433368177712,0.0852817542602576,0.08431702722928,0.116404822813294,0.1194201921814986963687346780,0.0960548940769775963687346780,0.0233652981045211,3.9871710447574063292729205064,51.960644636177794177130801649,54.655963911872414020560950719,1243016000
15.71,2,0.0851730332916338274076591771,0.0893920656767357,0.0884290990768932,0.0852768984108973,0.0843133448402539,0.116388085862134,0.1194033164365671842381139397,0.0960297986131553842381139397,0.0233735178234118,3.9861903952016416498428043105,51.955635085902816440414328127,54.649960062533443915532482595,1243808000
15.72,2,0.0851681983528947024076591771,0.0893866403191775,0.0884248443239416,0.0852720575761431,0.0843096753236417,0.11637139093774,0.1193864831935335346405182050,0.0960047364077476346405182050,0.0233817467857859,3.985211242834178382019636254,51.950634122673614860591163967,54.643962164301647463649647356,1244600000
15.73,2,0.0851633703717506454076591771,0.0893812234392007,0.0884205959128944,0.0852672237074685,0.0843060106361302,0.11635473925008,0.1193696933822243500368795733,0.0959797083905809500368795733,0.0233899849916434,3.984233613308218419207711457,51.945625055319854108703024336,54.637955872469661161552780763,1245391000
15.74,2,0.0851585474194500824076591771,0.0893758125879839,0.0884163514001241,0.0852623948737698,0.084302348851813,0.116338116007186,0.1193529321344011847827489348,0.0959546996934169847827489348,0.0233982324409842,3.9832570796957406548113250393,51.940632729776616744134426115,54.63196279738677129558692252,1246183000
15.75,2,0.0851537294206244564076591771,0.0893704081101834,0.0884121111354654,0.0852575709995867,0.0842986899004111,0.116321533240763,0.1193362114866482571221526718,0.0959297223528397571221526718,0.0234064891338085,3.9822819858351204414003538809,51.93565657848681355150629741,54.625982220363388728577696623,1246975000
15.76,2,0.0851489173732215684076591771,0.0893650110883951,0.0884078762066768,0.0852527530840838,0.0842950347862551,0.116304993322341,0.1193195338470148063349091049,0.0959047787768986063349091049,0.0234147550701162,3.9813083997275116456092090638,51.93069623878891410739390031,54.620013784863802050184777433,1247767000
15.77,2,0.0851441203485055434076591771,0.0893596301506771,0.0884036552469633,0.0852479502095873,0.0842913925968211,0.116288483084678,0.1193028863575729108622846869,0.0958798561076659108622846869,0.023423030249907,3.9803359520360631876120697465,51.925714137914432238247270013,54.614025478596293047504587571,1248558000
15.78,2,0.0851393292344679634076591771,0.0893542563853639,0.0883994393497908,0.0852431532529771,0.0842877542141236,0.116272008742105,0.1192862749180347924519198371,0.0958549602448533924519198371,0.0234313146731814,3.9793648107906893664390447324,51.920760529472584517113986326,54.608060334079730102966175183,1249350000
15.79,2,0.0851345441390389174076591771,0.0893488900387074,0.0883952287665271,0.0852383623223149,0.0842841197513431,0.11625557424981,0.1192697034899513241534432597,0.0958300951500124241534432597,0.0234396083399389,3.9783950884971105078901268595,51.915813817923426706341712862,54.602099732170852889452033565,1250142000
15.80,2,0.0851297639502203554076591771,0.0893435299664247,0.0883910223579893,0.0852335763042466,0.0842804881002289,0.116239178741357,0.1192531711676584926046819608,0.0958052599174783926046819608,0.0234479112501801,3.9774267582255885321394952897,51.910880350652902201291507974,54.596149141288064313378461448,1250934000
15.81,2,0.0851249887392971444076591771,0.0893381764161605,0.0883868203769072,0.085228795270144,0.0842768593372408,0.116222827263124,0.1192366830032790163038950156,0.0957804595993745163038950156,0.0234562234039045,3.9764599637244257649871428618,51.905941230388284832155416144,54.590192231109902287526035062,1251725000
15.82,2,0.0851202305468824204076591771,0.0893328410339439,0.0883826344743792,0.0852240312753033,0.0842732455227475,0.11620650788463,0.1192202274802182324595504485,0.0957556826791059324595504485,0.0234645448011123,3.9754943740831126674416669785,51.901021387754554563897545972,54.584250638140213685755037478,1252517000
15.83,2,0.0851154662489356774076591771,0.0893275007336528,0.0883784415693376,0.0852192611674851,0.084269623509567,0.116190222903172,0.1192038060888552404767702683,0.0957309306470518404767702683,0.0234728754418034,3.9745300310135029976987581999,51.896113430269767327046286198,54.578317984086696032058859476,1253309000
15.84,2,0.0851107178495254594076591771,0.0893221777239795,0.0883742638755131,0.0852145069775911,0.0842660153336426,0.116173977025281,0.1191874243081026652880965723,0.0957062089821247652880965723,0.0234812153259779,3.9735670904905006223928276051,51.891212091214802273545515005,54.572389637563425518623186276,1254100000
15.85,2,0.0851059744199571314076591771,0.0893168608643316,0.0883700902573374,0.0852097577635995,0.0842624100579795,0.116157764755458,0.1191710762571825357505439117,0.0956815118035467357505439117,0.0234895644536358,3.972605383057878488467938396,51.886298280065183675969941216,54.566449304916404908038545481,1254892000
15.86,2,0.0851012380004632004076591771,0.0893115523874196,0.0883659229525293,0.0852050155682307,0.0842588097303096,0.116141591498479,0.1191547674156738784116508590,0.0956568445908966784116508590,0.0234979228247772,3.9716450647096328949541993716,51.881414924221163501962208728,54.560533768903703885742647466,1255684000
15.87,2,0.0850965054311707774076591771,0.0893062490556538,0.0883617587284925,0.0852002772277587,0.0842552111919032,0.11612545519421,0.1191384956118823338234744529,0.0956322051724805338234744529,0.0235062904394018,3.9706860722469537620257896937,51.876536460255505781663039399,54.554621103276531297936490131,1256476000
15.88,2,0.0850917888311118284076591771,0.0893009631100106,0.0883576098311817,0.085195554875994,0.0842516265815522,0.11610935869951,0.1191222641283043673083047038,0.0956075968307946673083047038,0.0235146672975097,3.9697284987220483619429341238,51.871656785252764828027805972,54.548705996514416266618189418,1257267000
15.89,2,0.0850870671141337804076591771,0.0892956733596355,0.0883534550747058,0.0851908274010703,0.0842480347923568,0.116093300120791,0.1191060703331273074561311050,0.0955830169340262074561311050,0.0235230533991011,3.9687722677546836416496958591,51.866801528534814216351042336,54.542810530844858785075247314,1258059000
15.90,2,0.0850823612837339664076591771,0.0892904002972096,0.0883493149566944,0.0851861158320979,0.0842444568583786,0.116077263729492,0.1190898992227302506984477192,0.0955584504785545506984477192,0.0235314487441757,3.9678169485384239269460677438,51.861941738798351302788971583,54.536910106233447364334287203,1258851000
15.91,2,0.0850776504529841504076591771,0.0892851240890625,0.0883451696484102,0.0851813992566777,0.084240871872155,0.116061280781214,0.1190737813416594805733068146,0.0955339280089256805733068146,0.0235398533327338,3.9668634151256684900922745361,51.857097475815894685276687919,54.53102137839761015654732272,1259642000
15.92,2,0.0850729654630314814076591771,0.0892798749699797,0.0883410493895577,0.0851767085535665,0.0842373107173644,0.116045332295873,0.1190576987767448347713814226,0.0955094316119694347713814226,0.0235482671647754,3.9659111533575524400108680357,51.852250657026123750216988162,54.525129143188652248050590924,1260434000
15.93,2,0.0850682754685953894076591771,0.0892746218272025,0.088336923072282,0.0851720128398692,0.0842337425160187,0.116029412229928,0.1190416444024774423379486139,0.0954849541621772423379486139,0.0235566902403002,3.9649599581189079137534684467,51.847418082058448514361579609,54.519247983894566908065582556,1261226000
15.94,2,0.0850635902745727724076591771,0.0892693752082977,0.0883328012490392,0.0851673219324392,0.0842301770898634,0.116013541336748,0.1190256393278597465231870710,0.0954605167685514465231870710,0.0235651225593083,3.9640104331537574258684412456,51.84260923522311813364611397,54.513385652187218147093768135,1262018000
15.95,2,0.0850589210352982994076591771,0.0892641453166861,0.0883286941281243,0.0851626469992135,0.0842266256117129,0.115997691801093,0.1190096561108609397727807562,0.0954360919890610397727807562,0.0235735641217999,3.9630617913214366810117089151,51.837795296527534468900824529,54.507517887644769821799992958,1262809000
15.96,2,0.0850542476293837244076591771,0.0892589127116906,0.0883245822737202,0.0851579678942667,0.0842230679405046,0.115981884170114,0.1189937146078145684607604994,0.0954116996800398684607604994,0.0235820149277747,3.9621146004796491669617528955,51.832974138529709838263301006,54.501642472138680727950455431,1263601000
15.97,2,0.0850495882107803964076591771,0.0892536957349075,0.0883204840322684,0.0851533027936881,0.0842195222571761,0.115966122865877,0.1189778198783746883023802717,0.0953873449011416883023802717,0.023590474977233,3.9611690045924326419142637474,51.828188237374688859969407322,54.495795852477946118017556035,1264393000
15.98,2,0.0850449356628948824076591771,0.0892484865714559,0.088316391593719,0.0851486445722059,0.0842159814412893,0.115950388264763,0.1189619520383088186160853966,0.0953630077681340186160853966,0.0235989442701748,3.9602244330341161344821411521,51.823402468160020582349005298,54.489948191730830379258878925,1265185000
15.99,2,0.0850402869061854434076591771,0.0892432824147647,0.088312302156317,0.0851439901465229,0.0842124424143663,0.115934688344822,0.1189461189630278299047826965,0.0953386961564280299047826965,0.0236074228065998,3.9592811104342468352567733869,51.818621978399977502526153494,54.484103765078645089707681422,1265976000
16.00,2,0.0850356440940311574076591771,0.0892380857019522,0.0883082181619825,0.0851393416726443,0.0842089073372169,0.11591903111828,0.1189303287450982544679151280,0.0953144181585901544679151280,0.0236159105865081,3.9583392676434162320166418956,51.813840032749348600076519767,54.478256617411190292172648852,1266768000
16.01,2,0.0850310061834579904076591771,0.0892328952147271,0.0883041383972118,0.085134698106324,0.0842053751703856,0.115903411619191,0.1189145763792487318740995698,0.0952901687693489318740995698,0.0236244076098998,3.9573987602867725970219714374,51.809082451720316595077932329,54.472429068896436536528018032,1267560000
16.02,2,0.0850263841358893864076591771,0.0892277215023803,0.0883000734160692,0.0851300704223526,0.0842018568934392,0.115887817471111,0.1188988498649067921488787305,0.0952659359881317921488787305,0.023632913876775,3.9564592435888878772168252133,51.804322339682562243304255495,54.466598199369188839389429533,1268352000
16.03,2,0.0850217668721912574076591771,0.0892225540729278,0.0882960127313294,0.0851254475280854,0.0841983414184946,0.115872266068165,0.1188831662196011054138549026,0.0952417368324676054138549026,0.0236414293871335,3.9555212040816863984011960636,51.799564663472462413287163032,54.460767953446769516739687857,1269143000
16.04,2,0.0850171446221058324076591771,0.0892173831524497,0.0882919465738174,0.0851208196413503,0.0841948189681275,0.115856757817251,0.1188675255090441557646555679,0.0952175713680688557646555679,0.0236499541409753,3.9545846426633254863750768283,51.794832722773529550821086098,54.454958390894126784233288631,1269935000
16.05,2,0.0850125479613677084076591771,0.089212238616447,0.0882879048237646,0.0851162173751676,0.0841913201600917,0.115841271064059,0.1188519071349207042760721897,0.0951934189966202042760721897,0.0236584881383005,3.9536489682511585753771808682,51.79009979788196285469308028,54.449146901692882006575204356,1270727000
16.06,2,0.0850079463468957414076591771,0.0892070906228375,0.0882838576438056,0.0851116101492102,0.0841878144187794,0.115825827482775,0.1188363317169058085119002345,0.0951693003377966085119002345,0.0236670313791092,3.9527147705710040179773850639,51.785382494672298721058778733,54.443347387469833930356756517,1271518000
16.07,2,0.0850033505858947894076591771,0.0892019497718609,0.0882798156388821,0.0851070087838619,0.0841843125692796,0.11581042058026,0.1188207931359223886554280875,0.0951452092725212886554280875,0.0236755838634011,3.9517818733398481132057982162,51.780652857429788074952584542,54.437535886920063930234090717,1272310000
16.08,2,0.0849987686398169384076591771,0.0891968239835874,0.0882757867337532,0.0851024212502834,0.0841808225874445,0.115795048754179,0.1188052900671809892544824340,0.0951211444760045892544824340,0.0236841455911764,3.9508502376209148080064835254,51.775954820976437569998386973,54.431750267397661312621983206,1273102000
16.09,2,0.0849941835434300914076591771,0.0891916964352358,0.0882717541103117,0.0850978305625543,0.0841773274920308,0.115779716972546,0.1187898268887261038432698893,0.0950971103262910038432698893,0.0236927165624351,3.9499199878515634014095497914,51.771263450042705916916295859,54.425968966922579662830292109,1273894000
16.10,2,0.0849896122948513284076591771,0.0891865838237929,0.0882677344702052,0.0850932537395201,0.0841738443065474,0.115764415721312,0.1187743946751850375056573301,0.0950730978980078375056573301,0.0237012967771772,3.9489908673543227600494080958,51.766557844601824779892731831,54.420174147573903247607418217,1274685000
16.11,2,0.0849850458922023904076591771,0.089181477507716,0.0882637191765377,0.0850886817683251,0.0841703640227884,0.115749155790644,0.1187590039087257155997614042,0.0950491176733231155997614042,0.0237098862354026,3.9480631754368402632658193577,51.761878840419521938425863388,54.414400790233608441346444462,1275477000
16.12,2,0.0849804852969541824076591771,0.0891763780839506,0.0882597088308875,0.0850841156116128,0.0841668876080326,0.115733926691361,0.1187436441275540741642811155,0.0950251591904427741642811155,0.0237184849371113,3.9471366114064147776931946593,51.757209477733271819532114729,54.408634483958776797553917793,1276269000
16.13,2,0.0849759305438933594076591771,0.0891712859531263,0.0882557038385035,0.0850795553042121,0.0841634151017312,0.115718738897852,0.1187283258138198776936021315,0.0950012329315164776936021315,0.0237270928823034,3.9462114745701461967358291198,51.752549749552103603105890732,54.40287502045222452210230535,1277061000
16.14,2,0.0849713805945001074076591771,0.0891661997793011,0.0882517028680488,0.085074999806337,0.0841599454687061,0.115703583947309,0.1187130404634075977626578434,0.0949773303924285977626578434,0.023735710070979,3.9452875203187108729635996213,51.74788207261294094813742525,54.397107405864392721791779028,1277852000
16.15,2,0.0849668454469148264076591771,0.0891611295522579,0.0882477159138982,0.08507045912832,0.0841564887238846,0.115688461076376,0.1186977876622258709100499771,0.0949534511590879709100499771,0.0237443365031379,3.9443647358048941054066149618,51.74323703067000183452827054,54.39135800907029844617773862,1278644000
16.16,2,0.0849623151359380694076591771,0.0891560655970146,0.0882437333056482,0.0850659232928095,0.0841530348944962,0.115673379117778,0.1186825759001267571555065194,0.0949296037213465571555065194,0.0237529721787802,3.9434433632606707874691702647,51.738601339242359622119634871,54.385615215991212408277141993,1279436000
16.17,2,0.0849577796597194564076591771,0.0891509976569226,0.0882397447912141,0.0850613822857584,0.0841495739710608,0.115658331298953,0.1186673980508799966183600053,0.0949057809529741966183600053,0.0237616170979058,3.9425231975502368660953287277,51.733951399954502764350478036,54.379858814576204444703078831,1280228000
16.18,2,0.0849532599431020924076591771,0.0891459464691526,0.0882357711123179,0.0850568570575268,0.0841461269084924,0.115643311149109,0.1186522483715115553234089862,0.0948819771109968553234089862,0.0237702712605147,3.9416040731651186135453151116,51.729328098261521228101986127,54.374124166665094370011754856,1281019000
16.19,2,0.0849487450575558614076591771,0.0891409018083589,0.0882318020481516,0.0850523366662576,0.0841426827694744,0.115628339377277,0.1186371472017368776353732253,0.0948582125351297776353732253,0.0237789346666071,3.9406865718108693556191222597,51.724719051738421797963307527,54.368400205927549586665291552,1281811000
16.20,2,0.0849442351157877314076591771,0.0891358630900495,0.0882278370187473,0.0850478212247952,0.0841392416713781,0.115613396012231,0.1186220745622543607585259335,0.0948344672460715607585259335,0.0237876073161828,3.939770120138315606865115651,51.720114052692010358100521463,54.36267851238928753572445755,1282603000
16.21,2,0.0849397408133800434076591771,0.0891308413155488,0.0882238870299404,0.0850433214417649,0.0841358143273424,0.115598489248697,0.1186070390268969799020173114,0.0948107498176550799020173114,0.0237962892092419,3.9388549627852910719392177649,51.715502824504607300343161443,54.356950054052705574357179255,1283394000
16.22,2,0.0849352412998919654076591771,0.0891258155121808,0.088219931113552,0.0850388164412995,0.0841323798660002,0.115583616678665,0.1185920374573416416703993770,0.0947870571115572416703993770,0.0238049803457844,3.9379410088611122653897940828,51.710911139458568042607944726,54.351237121021564179965997773,1284186000
16.23,2,0.0849307565735004594076591771,0.0891208057493711,0.0882159893434922,0.0850343262459629,0.0841289583144024,0.115568779294431,0.1185770715458502036457538887,0.0947633908200400036457538887,0.0238136807258102,3.9370283058611364862469534048,51.706334082945662253596875236,54.345535442425789648496308736,1284978000
16.24,2,0.0849262766690425264076591771,0.0891158020028534,0.0882120516999659,0.08502984087844,0.0841255396997078,0.115553975925486,0.1185621397729395775471777865,0.0947397494236202775471777865,0.0238223903493193,3.9361168092710030335408045323,51.70174493520753485044936791,54.339821991186270724716070097,1285770000
16.25,2,0.0849218015113930224076591771,0.0891108043516546,0.0882081182664572,0.0850253602635141,0.0841221239511599,0.115539210989941,0.1185472465569453128779967140,0.0947161373406334128779967140,0.0238311092163119,3.9352066446823578809852947042,51.697180292077525595874856394,54.334128258549276797569591476,1286561000
16.26,2,0.0849173320987423754076591771,0.0891058136570897,0.0882041899087262,0.0850208854005929,0.0841187120726139,0.115524480515744,0.1185323879584476237948362280,0.0946925506316598237948362280,0.0238398373267878,3.9342976982547477064664623642,51.692620701502002562095693863,54.328437534497820029718320055,1287353000
16.27,2,0.0849128676524926134076591771,0.0891008292112235,0.0882002659232691,0.0850164155101289,0.0841153032889566,0.115509786567054,0.1185175660157963629759661614,0.0946689913350492629759661614,0.0238485746807471,3.9333900273982405921369752688,51.688072445569991361019314736,54.322755200702154688257025228,1288145000
16.28,2,0.0849084078342107224076591771,0.0890958506560275,0.0881963459564758,0.0850119502532764,0.0841118972657634,0.115495128600305,0.1185027801734161238116938759,0.0946454588952263238116938759,0.0238573212781898,3.9324836152123968370269422215,51.683522260903231333235335347,54.31706981760533594360500001,1288937000
16.29,2,0.0849039627555260684076591771,0.0890908878309638,0.0881924398522143,0.0850074997539954,0.0841085041314027,0.115480498291679,0.1184880224561058074978060131,0.0946219453369900074978060131,0.0238660771191158,3.9315782322401822261019378202,51.678989632105024200009787227,54.311398356948035770618983908,1289728000
16.30,2,0.0848995134513024354076591771,0.0890859222521674,0.0881885291310119,0.0850030450240226,0.0841051049020063,0.11546591041654,0.1184733069853049395130491470,0.0945984647817796395130491470,0.0238748422035253,3.9306742820466556259963731494,51.674462162609102865035502499,54.305729845338929578892621746,1290520000
16.31,2,0.0848950788830968914076591771,0.0890809725384212,0.0881846324160312,0.0849986050480379,0.0841017185666365,0.115451354165436,0.1184586236080846281942926391,0.0945750070766666281942926391,0.023883616531418,3.9297714727874885512586136841,51.669935040391253219810571399,54.30006032020051410233532579,1291312000
16.32,2,0.0848906492347574974076591771,0.0890760290812014,0.0881807401031152,0.0849941699979189,0.0840983353015403,0.115436835998245,0.1184439784452060658995927123,0.0945515783424120658995927123,0.023892400102794,3.9288699788251832741488841904,51.665421296803527072857525801,54.294400915511015263926495834,1292103000
16.33,2,0.0848862241697160514076591771,0.0890710913343498,0.0881768516504596,0.084989739536687,0.0840949547740958,0.11542234993058,0.1184293654970221628677057653,0.0945281725793685628677057653,0.0239011929176536,3.9279696272981475796327592644,51.660923777231309820603569613,54.28875420435310503456790537,1292895000
16.34,2,0.0848818048720127964076591771,0.0890661607757055,0.088172968540245,0.0849853148498264,0.084091578174131,0.115407904313546,0.1184147931612751816299645374,0.0945047981852787816299645374,0.0239099949759964,3.9270706577996179287188363094,51.656423392129302201343250994,54.283103536752935599591931969,1293687000
16.35,2,0.0848773993398778624076591771,0.0890612448739279,0.088169098245459,0.0849809039453206,0.0840882135139606,0.115393483562988,0.1184002461241090232305370250,0.0944814398462864232305370250,0.0239188062778226,3.9261726306355620796028058844,51.651933699110884118849964485,54.277460914825890027977772593,1294479000
16.36,2,0.0848729986464797734076591771,0.0890563351970086,0.0881652323384092,0.0849764978854523,0.0840848518601857,0.115379102316372,0.1183857387199496607460725984,0.0944581118968174607460725984,0.0239276268231322,3.9252759554726640608975676713,51.647462165134050798109668723,54.271832515101524939393133395,1295270000
16.37,2,0.0848685935666964044076591771,0.0890514223091779,0.0881613613876289,0.0849720874338497,0.0840814839807403,0.115364755024761,0.1183712650740863809254637778,0.0944348084621612809254637778,0.0239364566119251,3.9243804630284966307988122289,51.642992106245855506883850116,54.26620403507802353842598677,1296062000
16.38,2,0.0848642042105425444076591771,0.0890465265257156,0.0881575057126886,0.084967692725051,0.0840781300144558,0.115350446512318,0.1183568307168880896809849364,0.0944115350726865896809849364,0.0239452956442015,3.9234863107520861151065323998,51.638515377812310558995327503,54.260568327364856847323896177,1296854000
16.39,2,0.0848598187606221244076591771,0.0890416356696671,0.0881536531409116,0.0849633019272492,0.0840747781338058,0.115336167101684,0.1183424255520692297727499005,0.0943882816321081297727499005,0.0239541439199611,3.9225932084218160283690936619,51.634066617262115719024602694,54.254955516924510090872113152,1297646000
16.40,2,0.0848554378462931394076591771,0.0890367508965074,0.0881498048320386,0.0849589156705698,0.084071428973184,0.115321931825753,0.1183280646438412758288194485,0.0943650632046370758288194485,0.0239630014392042,3.9217015866111506160768367375,51.629626276756108228892666169,54.249348422953111790518574538,1298437000
16.41,2,0.0848510616870047054076591771,0.0890318715384751,0.0881459601225611,0.0849545341747296,0.0840680827565627,0.115307715266491,0.1183137225664973112249246087,0.0943418543645667112249246087,0.0239718682019306,3.920810715942901689965220267,51.625172611406440081558976879,54.243728733127663210863630053,1299229000
16.42,2,0.0848466913915212394076591771,0.0890269997826338,0.0881421212037835,0.0849501585498449,0.0840647405983017,0.115293548244107,0.1182994301979472709363213806,0.0943186859898067709363213806,0.0239807442081405,3.9199214800196522786471439312,51.620746677672561217195677086,54.238131345594179318243278126,1300021000
16.43,2,0.0848423346269525184076591771,0.0890221426401266,0.088138295091077,0.0849457964723755,0.0840614101790914,0.115279411572284,0.1182851686083943286350174797,0.0942955391505607286350174797,0.0239896294578336,3.9190333355583031135484142487,51.616327111656015099498276551,54.232538154394043020217859045,1300813000
16.44,2,0.0848379737590187574076591771,0.0890172824333643,0.0881344641110686,0.0849414302865371,0.0840580738473661,0.115265304934648,0.1182709368648668240150618241,0.0942724129138567240150618241,0.0239985239510101,3.9181462548468211148432103825,51.611897577880639168832860332,54.226935049631846432523382506,1301604000
16.45,2,0.0848336274555571844076591771,0.0890124381183661,0.0881306472239809,0.0849370786829317,0.0840547502979341,0.115251235605358,0.1182567428987939454382011722,0.0942493152111239454382011722,0.02400742768767,3.9172604641195486083315251705,51.607495736554723136237724446,54.221354443609880903714671351,1302396000
16.46,2,0.0848292858251693964076591771,0.0890075995883902,0.0881268343272637,0.0849327317580987,0.0840514296315287,0.115237197935922,0.1182425807125507906804029524,0.0942262400447374906804029524,0.0240163406678133,3.9163757905728104606477696965,51.603096952801464581436026582,54.215775147747996135286395962,1303188000
16.47,2,0.0848249490490566064076591771,0.0890027673446871,0.0881230259263466,0.0849283896934603,0.0840481120337538,0.115223201081714,0.1182284594735730894622278245,0.0942031965821331894622278245,0.0240252628914399,3.915492495849949618736007158,51.598697566581114512972314357,54.210193818297112393917585441,1303979000
16.48,2,0.0848206168327977434076591771,0.0889979405965356,0.0881192212346755,0.0849240521942364,0.084044797213999,0.115209230845839,0.1182143649661631552822131893,0.0941801706076132552822131893,0.0240341943585499,3.9146101717168463816263463564,51.594316513960345544187338418,54.204627105254777939419510499,1304771000
16.49,2,0.0848162904670336484076591771,0.0889931209894157,0.0881154219018854,0.0849197205526416,0.0840414864686364,0.115195297321789,0.1182003073352376505919648331,0.0941571722660944505919648331,0.0240431350691432,3.9137291078195910751187801328,51.589939916433052918231413472,54.199062808645146269493301852,1305563000
16.50,2,0.0848119776214084384076591771,0.0889883159869527,0.0881116353957443,0.0849154024476731,0.0840381874808084,0.115181394207941,0.1181862805436322069083895153,0.0941341955204122069083895153,0.02405208502322,3.9128491302217905926176036072,51.585559952316928692123193394,54.193494273515072341633876419,1306355000
16.51,2,0.0848076596225157064076591771,0.0889835073593734,0.08810784349061,0.0849110791831528,0.0840348815584705,0.115167535186582,0.1181722976292336137933695144,0.0941112534084536137933695144,0.02406104422078,3.9119706114470388542969959404,51.581205724948500464997794539,54.187946432395166941062992639,1307146000
16.52,2,0.0848033571773732414076591771,0.0889787152660854,0.0881040663500087,0.08490677149135,0.0840315894380131,0.115153703491071,0.1181583425393123224455064634,0.0940883298774888224455064634,0.0240700126618235,3.9110930906341241591870659329,51.576855856163380510592599145,54.182401093027420762082037521,1307938000
16.53,2,0.0847990585385632214076591771,0.0889739281479516,0.0881002924189105,0.0849024676105213,0.0840282993618023,0.115139905128456,0.1181444208739909818215454873,0.0940654305276406818215454873,0.0240789903463503,3.9102167272303804006921087052,51.572515021121549742519194271,54.176862192974445497364229004,1308730000
16.54,2,0.0847947554138189364076591771,0.0889691378622579,0.0880965135586961,0.0848981592382879,0.0840250030315569,0.115126144815707,0.1181305370633330256796834091,0.0940425597889725256796834091,0.0240879772743605,3.9093416471634169313820011372,51.568168601199996341933156217,54.171316991930865692773164958,1309522000
16.55,2,0.0847904671283359184076591771,0.088964363592047,0.0880927489564914,0.0848938657234116,0.0840217198001242,0.115112417469375,0.1181166866966074738807039611,0.0940197132507534738807039611,0.024096973445854,3.9084677230907350770567360704,51.563840939040354647380416005,54.165786643984706264865345989,1310313000
16.56,2,0.0847861933905602984076591771,0.0889596049724787,0.0880889982515275,0.0848895867739831,0.0840184493796686,0.115098721005947,0.1181028676789792916203983326,0.0939968888181483916203983326,0.0241059788608309,3.9075948940153492719550268646,51.559510259268662755049620961,54.160252336579652572681087871,1311105000
16.57,2,0.0847819134150257294076591771,0.0889548415228436,0.0880852409671544,0.084885301579189,0.0840151709634388,0.115085065241475,0.1180890891058968422640044872,0.0939740955866056422640044872,0.0241149935192912,3.9067234195183063010424481206,51.555202960278084643297772179,54.154736751561533323585248972,1311897000
16.58,2,0.0847776389841996894076591771,0.0889500848217664,0.0880814886860447,0.084881021935865,0.0840118963523207,0.115071443721159,0.1180753449307199204732566877,0.0939513275094850204732566877,0.0241240174212349,3.9058531253917546253275972396,51.55090437377737231579085503,54.149227304012083316878047702,1312689000
16.59,2,0.0847733793485786724076591771,0.0889453438658013,0.0880777504087886,0.0848767571057881,0.0840086348121299,0.115057848688202,0.1180616277154958693364827123,0.0939285771488340693364827123,0.0241330505666618,3.9049837975696855706104670596,51.546593910319617347778541297,54.143706301520854123761374011,1313480000
16.60,2,0.0847691242546822144076591771,0.0889406086553886,0.0880740161398509,0.0848724968229742,0.0840053760809092,0.115044287951059,0.1180479449150803312523891509,0.0939058519595081312523891509,0.0241420929555722,3.9041156486336064626910504241,51.542308735211603115835715645,54.138205788601623387625277186,1314272000
16.61,2,0.0847648739156610374076591771,0.0889358796522958,0.0880702863450116,0.084868241300834,0.0840021203760843,0.115030768617868,0.1180343036495396358482254919,0.0938831590615737358482254919,0.0241511445879659,3.9032488815740301949736424524,51.53803993302010885647217858,54.132717909659709475538920013,1315064000
16.62,2,0.0847606182590217984076591771,0.0889311461990234,0.0880665503707729,0.0848639804545911,0.0839988576168827,0.115017274463881,0.1180206873322059933288949177,0.0938604818683628933288949177,0.0241602054638431,3.9023830202335540932582359851,51.533762672506989083478971273,54.127221467763259004247821141,1315855000
16.63,2,0.0847563770663480004076591771,0.0889264284364702,0.0880628283620229,0.0848597340899519,0.0839956076130027,0.115003814741902,0.1180071059132933132590678197,0.0938378303300896132590678197,0.0241692755832037,3.9015183486804526453233124618,51.529484779871798847559499387,54.121723048966071475649751119,1316647000
16.64,2,0.0847521506963819094076591771,0.0889217270413073,0.0880591209994109,0.0848555025660961,0.0839923707276047,0.114990398537282,0.1179935684963740968588456874,0.0938152135503266968588456874,0.0241783549460474,3.9006551267285005825946784038,51.52523943058951939657258816,54.116251225919792554033900896,1317439000
16.65,2,0.0847479188240897744076591771,0.0889170207498778,0.0880554070232467,0.0848512655332044,0.0839891266148385,0.114977000036208,0.1179800485414056346140791017,0.0937926049890309346140791017,0.0241874435523747,3.8997925930770992308723266515,51.52098460250416204944029333,54.110770089384134369447982106,1318231000
16.66,2,0.0847437016975631404076591771,0.0889123306643234,0.0880517075396276,0.08484704326406,0.0839858955514451,0.114963642634405,0.1179665701664541533006198467,0.0937700287642688533006198467,0.0241965414021853,3.8989314376736000779347386464,51.516729643423366114685131606,54.10528727673492908437798421,1319022000
16.67,2,0.0847394792085410704076591771,0.0889076365725665,0.0880480023404194,0.0848428156258809,0.0839826574085886,0.114950324412415,0.1179531307479779666468286250,0.0937474822524987666468286250,0.0242056484954792,3.8980715843746919904163254676,51.512505809159289721013845766,54.099829929068769779298453422,1319814000
16.68,2,0.0847352712494554184076591771,0.0889029580319419,0.08804431098689,0.0848386025353569,0.083979432106894,0.11493703473188,0.1179397203367773711966138312,0.0937249555045207711966138312,0.0242147648322566,3.897212747172437753282661716,51.508282168393184827399883111,54.094371424546469579342899053,1320606000
16.69,2,0.0847310670307207274076591771,0.0888982844909894,0.0880406229315001,0.084834393189745,0.0839762088475418,0.11492378097702,0.1179263459444698756975091878,0.0937024555319526756975091878,0.0242238904125172,3.896355125950523259938042512,51.504050701984244295440093653,54.088904673389659005013474988,1321398000
16.70,2,0.0847268684079493984076591771,0.0888936176176134,0.088036939846064,0.0848301894469206,0.0839729894923197,0.114910557675212,0.1179130021601115424642177108,0.0936799769238502424642177108,0.0242330252362613,3.8954985647124464037867629776,51.499848768041658123299917645,54.083462167630093843586263779,1322189000
16.71,2,0.0847226753107539374076591771,0.0888889573350252,0.0880332616576923,0.0848259912364102,0.0839697739746556,0.114897364646711,0.1178996888015241758550405169,0.0936575194980353758550405169,0.0242421693034888,3.8946430572548124838589319107,51.495643955614217492317674494,54.078015807405902363155558781,1322981000
16.72,2,0.0847184849485329174076591771,0.0888843010144349,0.0880295857414821,0.0848217957642094,0.0839665595044349,0.114884206671267,0.1178864105539375273907249964,0.0936350879397381273907249964,0.0242513226141994,3.8937887368152274470986125142,51.49143471217878008099763003,54.072564152832422761137356466,1323773000
16.73,2,0.0847143101774247284076591771,0.088879661554595,0.0880259250000626,0.0848176159021343,0.0839633589573524,0.114871084295431,0.1178731684138656660426341253,0.0936126832454719660426341253,0.0242604851683937,3.8929356309573225925359135863,51.487256634810710666269170962,54.067138057941741320242004451,1324564000
16.74,2,0.0847101300324759244076591771,0.0888750182172251,0.0880222586990187,0.0848134306596654,0.0839601513467564,0.114858005108636,0.1178599692424962166750056028,0.0935903122764250166750056028,0.0242696569660712,3.89208393525529224597082797,51.483082029007588778359861014,54.06171337229644315240519621,1325356000
16.75,2,0.0847059643706836044076591771,0.0888703898987716,0.0880186057386511,0.0848092599180145,0.0839569565577154,0.114844940563732,0.1178467851696820263755341195,0.0935679471624500263755341195,0.024278838007232,3.8912328503038508416420690241,51.478895651396946521390581954,54.056277397051241972853281253,1326148000
16.76,2,0.0847017934367557364076591771,0.0888657579663311,0.0880149474898994,0.084805083897799,0.0839537548146921,0.114831923836702,0.1178336487010494656503984003,0.0935456204091731656503984003,0.0242880282918763,3.8903833063362567856592817095,51.474737182287742996837506923,54.050863939082763981810508245,1326940000
16.77,2,0.0846976361241830624076591771,0.0888611404535838,0.0880113019902765,0.0848009215155493,0.0839505650380518,0.114818929315701,0.1178205348698580191191350831,0.0935233070498540191191350831,0.024297227820004,3.8895345871236863235128067469,51.470584400552968374536852165,54.045454192986420546176596581,1327731000
16.78,2,0.0846934833947164004076591771,0.0888565288203573,0.0880076607034308,0.0847967637219946,0.083947378182347,0.114805971737225,0.1178074581057108716388696182,0.0935010215140959716388696182,0.0243064365916149,3.8886871050594784021467073357,51.46642361342470018730971739,54.040035999293024733930766372,1328523000
16.79,2,0.0846893461060434694076591771,0.0888519338073798,0.088004034373901,0.084792621388063,0.0839442051223186,0.114793047182947,0.1177944148676460791463015860,0.0934787602609367791463015860,0.0243156546067093,3.8878407577181703473609763189,51.462285296310090656794583335,54.034635871383118079751473116,1329315000
16.80,2,0.0846852035381912094076591771,0.0888473348980439,0.0880004024888792,0.0847884737685144,0.0839410251165282,0.11478016256203,0.1177814113447326368520956186,0.0934565294794456368520956186,0.024324881865287,3.886995721419154593394327055,51.458157171250272490989286208,54.029243036533743796205006634,1330106000
16.81,2,0.0846810645853421244076591771,0.0888427402548907,0.0879967732146952,0.0847843297683772,0.0839378470737953,0.114767296456848,0.1177684264173918553048377926,0.0934343080500438553048377926,0.024334118367348,3.8861513901467139252123341443,51.454020478817395519397045896,54.023841607949171277523480704,1330898000
16.82,2,0.0846769402092621904076591771,0.0888381618416429,0.0879931585188491,0.0847802003627851,0.0839346819730334,0.114754476985183,0.1177554886039369042567709401,0.0934121244910444042567709401,0.0243433641128925,3.8853085799059662362192927089,51.449908415798937891858284286,54.01845986267235565696994862,1331690000
16.83,2,0.0846728104083767084076591771,0.0888335791575298,0.0879895379043377,0.084776065525772,0.0839315097920461,0.114741690899832,0.1177425839498992953784656538,0.0933899648479788953784656538,0.0243526191019204,3.884466889946471419819497868,51.445785773630019737216845534,54.013067495063422031216294654,1332482000
16.84,2,0.0846686951811147264076591771,0.0888290119698106,0.0879859311421764,0.0847719452801544,0.0839283505574083,0.114728930532964,0.1177297054821181235398517569,0.0933678221476865235398517569,0.0243618833344316,3.8836261195175122074387561424,51.441687530012779986412667436,54.007695006713560935923532511,1333273000
16.85,2,0.0846645743861905474076591771,0.088824440191537,0.0879823181491624,0.0847678194600851,0.0839251841070206,0.114716198495809,0.1177168551093388308904545241,0.0933456982989127308904545241,0.0243711568104261,3.8827863223162681136254330136,51.437593683654998200094824612,54.002324992767016729795310093,1334065000
16.86,2,0.0846604773382995414076591771,0.0888198934043624,0.087978728510684,0.0847637174160074,0.0839220397950637,0.114703500896918,0.1177040399689050962296003561,0.0933236004390010962296003561,0.024380439529904,3.8819477018281844106397532411,51.433495523905481390121028605,53.996949749426662322145473733,1334857000
16.87,2,0.0846563758226857644076591771,0.0888153435284839,0.0879751341506626,0.0847596108987589,0.0839188893761016,0.114690843079069,0.1176912644205011729592911150,0.0933015329276357729592911150,0.0243897314928654,3.8811103819646640454257800255,51.42941489561489206098023669,53.991588166570953778573248377,1335649000
16.88,2,0.0846522788744487394076591771,0.0888107995395687,0.0879715440484795,0.0847555089544568,0.0839157418999677,0.114678222866813,0.1176785266033784016783763193,0.0932794939040685016783763193,0.0243990326993099,3.8802743084348279113878084856,51.425358860415490712493770936,53.986246416027736468130121775,1336440000
16.89,2,0.0846481864920361144076591771,0.0888062609127456,0.0879679576829661,0.0847514115815469,0.0839125973688131,0.114665625274202,0.1176658115225289361991459728,0.0932574683732909361991459728,0.024408343149238,3.8794390506789461455774588261,51.421278430446375924199819559,53.980882218595987475367112851,1337232000
16.90,2,0.0846441076738992414076591771,0.0888017372411048,0.0879643846509058,0.0847473277894539,0.0839094647957574,0.114653066857851,0.1176531360594047269295321167,0.0932354732167553269295321167,0.0244176628426494,3.8786050913306493977517010838,51.417229263329759055371467428,53.975543611238609065142269189,1338024000
16.91,2,0.0846400334184931294076591771,0.0887972189813029,0.087960815412637,0.0847432485656557,0.083906335171963,0.114640532574202,0.1176404848466843105254147578,0.0932134930671401105254147578,0.0244269917795442,3.877771989164231264127737221,51.4131819099758728502330547,53.970205295426009757601120548,1338815000
16.92,2,0.0846359536876209164076591771,0.0887926965939118,0.0879572404324035,0.0847391638597143,0.0839031984506658,0.114628037231972,0.1176278723512675805746570621,0.0931915423913453805746570621,0.0244363299599222,3.8769401576414898000883509585,51.409125716342170819351385835,53.96485773431524366975436861,1339607000
16.93,2,0.0846318885164004934076591771,0.0887881897597406,0.0879536793946755,0.0847350937311796,0.0839000746950792,0.114615569635171,0.1176152880709656511773248636,0.0931696106871819511773248636,0.0244456773837837,3.8761092949124988990378374139,51.405097151459419560566639055,53.959532822017059417004499908,1340399000
16.94,2,0.0846278279032978424076591771,0.08878368909793,0.087950122922245,0.0847310281663211,0.083896953895126,0.11460314808153,0.1176027499651011289046871170,0.0931477159139725289046871170,0.0244550340511286,3.8752799144895817247977008318,51.401087888560981912748033457,53.954222984500287083637947691,1341191000
16.95,2,0.0846237718467825834076591771,0.0887791934614011,0.0879465698716734,0.0847269671636066,0.0838938360529168,0.114590739766772,0.1175902252094772233005849885,0.0931258252475203233005849885,0.0244643999619569,3.8744510750444077651464226507,51.397049991984275618075801728,53.948887164553959782889709503,1341983000
16.96,2,0.0846197193086723914076591771,0.0887747030096486,0.0879430204060859,0.0847229096835877,0.0838907201326356,0.11457837904216,0.1175777481401222594745073088,0.0931039730238537594745073088,0.0244737751162685,3.8736237592473659134882979896,51.393050698566662965575986258,53.94358316906941474495634807,1342774000
16.97,2,0.0846156812874441184076591771,0.0887702279810593,0.0879394847674893,0.0847188667381535,0.0838876171497939,0.114566043565146,0.1175652967855392366370663959,0.0930821372714759366370663959,0.0244831595140633,3.8727973366770684956233196924,51.389050130025225921332592827,53.938276739428138899454357746,1343566000
16.98,2,0.0846116378182337764076591771,0.0887657484551702,0.0879359430390304,0.0847148183380936,0.0838845071187932,0.114553735653184,0.1175528727666839734891494993,0.0930603196113423734891494993,0.0244925531553416,3.8719718527861038373514805968,51.385037160001107911997202921,53.932958163796067957836848678,1344358000
16.99,2,0.0846075998995253954076591771,0.0887612757827697,0.087932406575097,0.0847107754953043,0.0838814010551316,0.114541464818531,0.1175404859862811527527975274,0.0930385299461777527527975274,0.0245019560401034,3.8711475902822688320770758242,51.381048900791073931609658861,53.927659530139845418154035669,1345149000
17.00,2,0.0846035744931510424076591771,0.0887568167923815,0.0879288822078023,0.0847067451801074,0.0838783059327224,0.114529226878832,0.1175281325029592217887158178,0.0930167643346107217887158178,0.0245113681683485,3.8703244352692333999742845348,51.377063952471005822733267771,53.922362299492508052582665658,1345941000
17.01,2,0.0845995545976018984076591771,0.088752364372697,0.0879253628294173,0.0847027203824558,0.0838752147451003,0.114517019056573,0.1175158092928412528029703505,0.0929950197527644528029703505,0.0245207895400768,3.8695023001349308400732155287,51.373092161313088928786268186,53.917075092607261506413533979,1346733000
17.02,2,0.0845955282480282754076591771,0.0887479068315635,0.0879218367513582,0.0846986891229094,0.0838721155163963,0.114504849787565,0.1175035243786734380060323465,0.0929733042233847380060323465,0.0245302201552887,3.8686814137297314781738616498,51.369131536405129842692678388,53.911796026053067963482557889,1347525000
17.03,2,0.0845915164062729104076591771,0.0887434649499122,0.0879183247581154,0.0846946723888729,0.0838690292375765,0.114492712792719,0.1174912722105601372538251077,0.0929516121965763372538251077,0.0245396600139838,3.8678616160764787752848202947,51.36516495870354802896511044,53.906510306561439424161831901,1348316000
17.04,2,0.0845875190708376234076591771,0.0887390385029497,0.0879148266284447,0.0846906701788464,0.0838659559106923,0.11448060167765,0.1174790463902909473326050334,0.0929299372741286473326050334,0.0245491091161623,3.8670427228955855163716660647,51.361222621014190395400734158,53.901244326263725038611769059,1349108000
17.05,2,0.0845835162768833374076591771,0.0887346075659762,0.0879113224411854,0.0846866625036444,0.0838628755500995,0.114468518637775,0.1174668484167058606360468864,0.0929082809548815606360468864,0.0245585674618243,3.8662247761412735680688100413,51.357277574794534648792013794,53.895974603847556517687865834,1349900000
17.06,2,0.0845795179862633694076591771,0.0887301826802574,0.0879078227411324,0.0846826593372684,0.0838597981333309,0.114456479743195,0.1174546947181240799135579065,0.0928866596671545799135579065,0.0245680350509695,3.865408245465880877320315424,51.353336329842828152003905477,53.890706492581312838550787751,1350691000
17.07,2,0.0845755331608345474076591771,0.0887257720824581,0.0879043357684696,0.0846786696525038,0.0838567326366932,0.114444463757428,0.1174425643585805050388482305,0.0928650524749825050388482305,0.024577511883598,3.8645925301137962839907092553,51.349410393892888502399394183,53.885450402144064151065541076,1351483000
17.08,2,0.0845715428724238564076591771,0.0887213573044251,0.087900843058553,0.0846746744980954,0.0838536601124427,0.114432484845381,0.1174304708499442132515334458,0.0928434728902342132515334458,0.02458699795971,3.8637780161871945730455661326,51.345499485620741246728715557,53.880205834079626635252220809,1352275000
17.09,2,0.0845675670828950924076591771,0.0887169582506144,0.0878973645193385,0.0846706938602498,0.0838506005502877,0.114420540317041,0.1174184121986207949756492837,0.0928219189193153949756492837,0.0245964932793054,3.8629646455894376378891811793,51.341581245120421059125231372,53.874953355881033995980135852,1353067000
17.10,2,0.0845635957907711174076591771,0.0887125644763314,0.087893889709621,0.0846667177252934,0.0838475439400463,0.114408618004249,0.1174063758794687506401810042,0.0928003780370846506401810042,0.0246059978423841,3.8621520585172759127602677544,51.337675570266165915413037405,53.869710525560135470040311925,1353858000
17.11,2,0.0845596281300682804076591771,0.0887081757303361,0.0878904183816401,0.0846627452261864,0.0838444894181607,0.114396735556212,0.1173943795222994911976106762,0.0927788678733531911976106762,0.0246155116489463,3.8613407590432536417899822181,51.33378014130156854117402144,53.864474991294686453711939546,1354650000
17.12,2,0.0845556658281774314076591771,0.088703793471975,0.0878869519982127,0.0846587780924264,0.0838414387176007,0.114384885206512,0.1173824154164746599804822636,0.0927573807174829599804822636,0.0246250346989917,3.8605305252894808268213402108,51.329882487356624413313825357,53.85923603419840253497710793,1355442000
17.13,2,0.0845517070192809014076591771,0.0886994156666049,0.0878834885281558,0.0846548144559202,0.0838383899737356,0.114373062218265,0.1173704787571109802300392509,0.0927359117645903802300392509,0.0246345669925206,3.8597212186218186584457300157,51.326004861660627417783687556,53.854013126064909106510169255,1356234000
17.14,2,0.0845477517019153184076591771,0.0886950426387139,0.0878800282994083,0.0846508543152027,0.0838353431885531,0.114361275925453,0.1173585788839479119719682992,0.0927144703544152119719682992,0.0246441085295327,3.8589131056197397596502376293,51.322124005202368647642769258,53.84878582911110920221771274,1357025000
17.15,2,0.0845438018379652104076591771,0.0886906760259537,0.0878765729530628,0.0846468996345509,0.0838323003297733,0.114349516940342,0.1173467064722446962668613811,0.0926930471622164962668613811,0.0246536593100282,3.858105918164720726652065015,51.318256301248124924831509271,53.843568589048091409867671406,1357817000
17.16,2,0.0845398654626296014076591771,0.088686323864819,0.0878731305290454,0.0846429584589625,0.0838292694458272,0.114337784878899,0.1173348614187913528914487525,0.0926716420847841528914487525,0.0246632193340072,3.857299652315649614833995892,51.314397200470449407323249449,53.838357443212838736230003883,1358609000
17.17,2,0.0845359337089969294076591771,0.0886819777084281,0.0878696925838962,0.084639021910713,0.0838262416624144,0.114326092233686,0.1173230559138664808442688511,0.0926502673123970808442688511,0.0246727886014694,3.8564946563139171556218367826,51.310538808310302131133450393,53.833145281376731355070557154,1359401000
17.18,2,0.0845319963063772264076591771,0.0886776271645228,0.0878662487287693,0.0846350797065877,0.0838232066997345,0.114314436061479,0.1173112866534738622530741539,0.0926289195410587622530741539,0.0246823671124151,3.8556908345226372691897668451,51.306699383358083505309884606,53.827948076652739724807249126,1360192000
17.19,2,0.0845280723513675574076591771,0.0886732906345252,0.0878628173684894,0.0846311509664713,0.0838201836810768,0.114302795454345,0.1172995333847362813675920688,0.0926075785178921813675920688,0.0246919548668441,3.8548876057552438221721971601,51.302860942238799402735368187,53.822750533490299734293160491,1360984000
17.20,2,0.0845241528791805174076591771,0.088667941975914,0.0878583723639282,0.0846272267146442,0.0838171636341169,0.114262042722673,0.1172586503501057186744696305,0.0925862726347948186744696305,0.0246723777153109,3.8540857823953305995347023301,51.294131225636371234834684904,53.817548706366927484694405303,1361776000
17.21,2,0.0845202388517209614076591771,0.0886632825295745,0.0878546150593551,0.0846233079141841,0.0838141475253186,0.11424087029911,0.1172373596961718199458684952,0.0925649819808609199458684952,0.0246723777153109,3.853284793053093629890182033,51.288702600761891288675909869,53.812367125984080875186984309,1362567000
17.22,2,0.0845163274379669344076591771,0.0886586266318998,0.0878508597945372,0.0846193917306169,0.0838111325235838,0.114219724565015,0.1172160957866353100357855398,0.0925437180713244100357855398,0.0246723777153109,3.8524849666313211038300245523,51.28327670996466126557105205,53.807188756186036416413355597,1363359000
17.23,2,0.0845124213688122944076591771,0.0886539769075985,0.0878471091975481,0.0846154808981666,0.0838081213665036,0.11419860233644,0.1171948555312033348331803480,0.0925224778158924348331803480,0.0246723777153109,3.8516862136152730499671295656,51.277841495961640044310982913,53.802003142835933225869041661,1364151000
17.24,2,0.0845085277400867004076591771,0.08864934038744,0.0878433703025124,0.084611582521316,0.0838051211619181,0.114177501378377,0.1171736369417194722059423454,0.0925012592264085722059423454,0.0246723777153109,3.8508884760640982264971876349,51.272430555052659197984318349,53.796839605794135932834278123,1364943000
17.25,2,0.0845046296836562604076591771,0.0886447003550626,0.0878396263964149,0.0846076797113611,0.0838021150244718,0.114156426920741,0.1171524446616349197986196082,0.0924800669463240197986196082,0.0246723777153109,3.8500918860185179859900756408,51.267005995676299234460582267,53.7916650266201246700051142,1365734000
17.26,2,0.0845007449680139894076591771,0.0886400743920217,0.0878358950641477,0.084603790258463,0.0837991207476645,0.114135372679203,0.1171312730241542389373174487,0.0924588953088433389373174487,0.0246723777153109,3.8492962801524117359146229033,51.261602211066292626996033932,53.786509490205140667459361942,1366526000
17.27,2,0.0844968546885322624076591771,0.0886354432211867,0.0878321570319078,0.0845998952349405,0.0837961194071446,0.114114328977112,0.1171101116858735517729804199,0.0924377339705626517729804199,0.0246723777153109,3.8485013611647402880062880636,51.256192124618147532825917759,53.781349585819538737690220516,1367318000
17.28,2,0.0844929888437947704076591771,0.0886308375365036,0.0878284429969594,0.0845960246759594,0.0837931410413982,0.114093314155079,0.1170889800475519272383091244,0.0924166023322410272383091244,0.0246723777153109,3.8477076838619396708779708003,51.250781617364132143797005,53.776190073034977999832327346,1368110000
17.29,2,0.0844891076017182874076591771,0.0886262173803718,0.087824713005011,0.0845921387008629,0.0837901457730797,0.114072326705723,0.1170678752083417389902459408,0.0923954974930308389902459408,0.0246723777153109,3.846915164156473048351175357,51.245389901094505547963022966,53.771047752737688246156355815,1368901000
17.30,2,0.0844852396587351584076591771,0.0886216112011308,0.087820995507702,0.0845882660410775,0.0837871623369173,0.114051358020877,0.1170467895582662364647471775,0.0923744118429553364647471775,0.0246723777153109,3.8461235830541973138301968515,51.239983840690489439348778862,53.765893878889213539797934524,1369693000
17.31,2,0.0844813761462672744076591771,0.0886170102327098,0.0878172817422526,0.0845843978172101,0.0837841818568109,0.114030411500537,0.1170257261894356851229549468,0.0923533484741247851229549468,0.0246723777153109,3.8453330281531883874892144451,51.234604449761654750611785674,53.76076414754841067583286424,1370485000
17.32,2,0.0844775261951249054076591771,0.0886124235779581,0.0878135808147932,0.0845805431712058,0.083781213477989,0.114009485865458,0.1170046841411830259290067794,0.0923323064258721259290067794,0.0246723777153109,3.8445434709479941627325232589,51.22922613481096300083634874,53.755636261992625618738674558,1371276000
17.33,2,0.0844736715759835854076591771,0.0886078329067671,0.087809874398488,0.0845766838515101,0.0837782389521716,0.113988579184615,0.1169836608440615867002559614,0.0923112831287506867002559614,0.0246723777153109,3.8437548368450229653601161334,51.223840060644553642999282347,53.750502564939300734650892954,1372068000
17.34,2,0.0844698194784099754076591771,0.0886032459549709,0.0878061702324346,0.084572827056457,0.0837752654809583,0.113967706724234,0.1169626718250883233168611278,0.0922902941097774233168611278,0.0246723777153109,3.8429675696761781211719859091,51.218470890786434507611997788,53.745384265457002450359417505,1372860000
17.35,2,0.0844659826736982514076591771,0.0885986745245738,0.0878024801218916,0.0845689855729149,0.0837723058544738,0.11394684005819,0.1169416890874523426878726178,0.0922693113721414426878726178,0.0246723777153109,3.8421808664075380911767299855,51.213103598727308577914724309,53.740268787411544428742538454,1373652000
17.36,2,0.0844621393291741454076591771,0.0885940975532782,0.0877987830078068,0.0845651375415853,0.0837693382166669,0.11392600239104,0.1169207350866251810061199191,0.0922483573713142810061199191,0.0246723777153109,3.8413953693566006068001548838,51.207726361198132448379781297,53.735145396102600184043615933,1374444000
17.37,2,0.0844583105015904004076591771,0.0885895359589454,0.0877950998112777,0.084561304044899,0.0837663836532068,0.113905188642025,0.1168998054750786587636463991,0.0922274277597677587636463991,0.0246723777153109,3.8406109529915096149863238041,51.202375117231238076891333785,53.73004550835271798122242016,1375235000
17.38,2,0.0844544849998207044076591771,0.0885849782778116,0.0877914190717685,0.0845574738780823,0.0837634309625494,0.11388439159011,0.1168788926362093243858512540,0.0922065149208984243858512540,0.0246723777153109,3.8398273981282709823696478281,51.19700997058000613515107539,53.724934477439174713097495817,1376027000
17.39,2,0.0844506640119239094076591771,0.0885804259294416,0.0877877422120622,0.0845536482306431,0.0837604813374229,0.113863617802383,0.1168580031827592894184911426,0.0921856254674483894184911426,0.0246723777153109,3.8390448932236350615200038345,51.191661207624220788329436239,53.719838585719407265186342856,1376819000
17.40,2,0.0844468473107314294076591771,0.0885758784722154,0.0877840687937484,0.0845498268751356,0.0837575345535933,0.113842861149552,0.1168371309738706583919108898,0.0921647532585597583919108898,0.0246723777153109,3.8382632613705936923019188659,51.186314819416819419974452403,53.714745731210458872892885935,1377610000
17.41,2,0.0844430440261681344076591771,0.0885713455497748,0.0877804084636698,0.0845460189526184,0.0837545997553218,0.113822135864055,0.1168162905699793497931939541,0.0921439128546684497931939541,0.0246723777153109,3.8374829187105732808250378806,51.180967447116189599541100425,53.709652707652367711066879025,1378402000
17.42,2,0.0844392352509022514076591771,0.0885668077580715,0.08777674182097,0.0845422055327029,0.0837516580154138,0.113801428712366,0.1167954680685429640006950378,0.0921230903532320640006950378,0.0246723777153109,3.8367034659806736401840038814,51.175634768259266149761668852,53.704573447019213135187659559,1379194000
17.43,2,0.0844354307953366464076591771,0.0885622749615616,0.0877730787332886,0.0845383964377554,0.0837487191594207,0.113780740728223,0.1167746648470449155123238707,0.0921022871317340155123238707,0.0246723777153109,3.8359249416585511764884618274,51.170294700129958580002802389,53.699488663244268506966533504,1379986000
17.44,2,0.0844316388460353024076591771,0.0885577555318647,0.0877694275754192,0.084534599864323,0.083745791387066,0.113760076781861,0.1167538860650283419251747162,0.0920815083497174419251747162,0.0246723777153109,3.835147492569840729602938759,51.164966866930690169500011663,53.69441537076146580357301032,1380777000
17.45,2,0.0844278421406979604076591771,0.0885532321898338,0.0877657710713807,0.0845307985290548,0.0837428574181664,0.113739437295236,0.1167331315412702266708250282,0.0920607538259593266708250282,0.0246723777153109,3.8343711125385272197016138364,51.159652993230549394893566633,53.689355075294669690502644629,1381569000
17.46,2,0.0844240600119164264076591771,0.0885487241294123,0.0877621284182732,0.084527011788118,0.0837399366120477,0.113718817284893,0.1167123969653206186562912393,0.0920400192500097186562912393,0.0246723777153109,3.8335956770949504049801776225,51.154321235859688167832042352,53.684280083853010409397567327,1382361000
17.47,2,0.0844202811246851744076591771,0.0885442196562764,0.0877584879249214,0.0845232282926844,0.0837370176230321,0.11369820705512,0.1166916722393569746365305695,0.0920192945240460746365305695,0.0246723777153109,3.8328208959734237196773434741,51.149009641172130674449830298,53.679223767600744059951439251,1383152000
17.48,2,0.0844165057376926034076591771,0.0885397200427118,0.0877548508667506,0.0845194483017578,0.0837341007132651,0.113677635617877,0.1166709864021776867357923256,0.0919986086868667867357923256,0.0246723777153109,3.8320476000898955431328723156,51.143710930816758892728221334,53.674179227831035327967278263,1383944000
17.49,2,0.0844127356265035784076591771,0.0885352260329968,0.0877512179911699,0.0845156735930685,0.0837311876636095,0.113657073347837,0.1166503098725882864677941471,0.0919779321572773864677941471,0.0246723777153109,3.8312749410211911743768729445,51.138391231730383478188230825,53.669117476883638335430399752,1384736000
17.50,2,0.0844089680492161774076591771,0.0885307355349523,0.0877475872091227,0.0845119014213708,0.0837282757319441,0.113636538994188,0.1166296613154463093831362984,0.0919572836001354093831362984,0.0246723777153109,3.8305034524917235068136404817,51.133099821123143671203268671,53.664081140269335226319837559,1385528000
17.51,2,0.0844052047086858184076591771,0.0885262498452056,0.0877439598203502,0.0845081334915966,0.0837253666263165,0.11361602083475,0.1166090290610739592781089996,0.0919366513457630592781089996,0.0246723777153109,3.8297327992054814338474700498,51.127785292536272522445683315,53.659025597182619161525958865,1386319000
17.52,2,0.0844014558624222904076591771,0.0885217796706068,0.0877403465348075,0.0845043800737645,0.0837224706198524,0.11359553119936,0.1165884258055700445109393666,0.0919160480902591445109393666,0.0246723777153109,3.8289633438945473080482385264,51.122508653030766633262185996,53.654003819762079669972244585,1387111000
17.53,2,0.0843977014162462084076591771,0.0885173043965625,0.0877367267409982,0.0845006210491909,0.0837195675969669,0.113575056238093,0.1165678369881141505603295901,0.0918954592728032505603295901,0.0246723777153109,3.8281946684377664284460547145,51.117221483296100195906266217,53.648973846262212272219032248,1387903000
17.54,2,0.0843939502032619874076591771,0.0885128331870023,0.0877331096059401,0.084496865261752,0.0837166664046263,0.113554604961599,0.1165472719337922181456368966,0.0918748942184813181456368966,0.0246723777153109,3.8274270389948032560495160148,51.111929963747335453008339698,53.643940888244698006997001455,1388695000
17.55,2,0.0843902134801007684076591771,0.0885083771233672,0.0877295062141539,0.0844931239818058,0.0837137783162703,0.113534171763169,0.1165267254261545446887367734,0.0918543477108436446887367734,0.0246723777153109,3.8266603051410265758241970241,51.106655506700281348899740567,53.638923721021164247186733907,1389486000
17.56,2,0.0843864800244241034076591771,0.0885039253706094,0.0877259057336633,0.0844893859733288,0.0837108920989486,0.113513768321264,0.1165062087585175925698533542,0.0918338310432066925698533542,0.0246723777153109,3.8258947894217518487786951473,51.101373985566244382128248888,53.633901081225372356479067182,1390278000
17.57,2,0.0843827500556242804076591771,0.0884994777353235,0.0877223079741257,0.0844856514559807,0.0837080079753858,0.113493382803302,0.1164857100988653605892833627,0.0918133323835544605892833627,0.0246723777153109,3.8251301518903138063388169026,51.096113928701730876977639867,53.628898078404668374199109709,1391070000
17.58,2,0.0843790244436207694076591771,0.08849503501586,0.0877187137369464,0.0844819213007418,0.0837051268196186,0.113473013114133,0.1164652273812926283987602447,0.0917928496659817283987602447,0.0246723777153109,3.8243663323785279362830437311,51.090837396264351387409228076,53.623881650740807458377991985,1391862000
17.59,2,0.0843753030589228904076591771,0.0884905974625729,0.0877151232755256,0.0844781953779636,0.0837022485050467,0.113452670137762,0.1164447714920159253952385074,0.0917723937767050253952385074,0.0246723777153109,3.8236036417691700235769502321,51.085583467855541899222196577,53.618885682952509893806339152,1392653000
17.60,2,0.0843715861567072924076591771,0.0884861648858698,0.0877115364033087,0.0844744739431339,0.0836993732901976,0.11343234112419,0.1164243296822948695193892503,0.0917519519669839695193892503,0.0246723777153109,3.8228417138533414756893657276,51.080332463508441401646971939,53.613893245570497811428512478,1393445000
17.61,2,0.0843678715161176694076591771,0.0884817353004925,0.0877079511380672,0.0844707547726882,0.0836964989545382,0.113412032936325,0.1164039087416767067629885101,0.0917315310263658067629885101,0.0246723777153109,3.8220807421528880775858648188,51.075063525810104072791990502,53.608886009397263154970549218,1394237000
17.62,2,0.0843641623184412154076591771,0.0884773121404713,0.0877043709168529,0.084467041051793,0.0836936286862584,0.113391752644993,0.1163835158566318804853833309,0.0917111381413209804853833309,0.0246723777153109,3.8213209315606532902750449038,51.06982282425569032259461483,53.603904117483501963421136602,1395028000
17.63,2,0.0843604664710008624076591771,0.0884729030181567,0.0877008033550292,0.084463340697414,0.0836907704053387,0.113371491388857,0.1163631424369935026067841762,0.0916907647216826026067841762,0.0246723777153109,3.8205620350021264663267828644,51.064590734505801332317013351,53.598930609161314209064706806,1395820000
17.64,2,0.0843567738817043344076591771,0.088468497884925,0.0876972384069775,0.084459643605152,0.0836879140103868,0.113351250941386,0.1163427899045638540683124785,0.0916704121892529540683124785,0.0246723777153109,3.8198040922245659047711875023,51.059347599468976799757802796,53.59394830343709292174921318,1396612000
17.65,2,0.0843530757309749744076591771,0.0884640877821019,0.0876936671170201,0.0844559409446752,0.0836850506740693,0.113331027781362,0.1163224544277198752714243194,0.0916500767124089752714243194,0.0246723777153109,3.8190469924756870666168562159,51.054116261077306987409521966,53.588977201010505253190829396,1397404000
17.66,2,0.0843493919632369204076591771,0.088459692978699,0.0876901097571572,0.0844522526847292,0.0836822003681223,0.113310830158619,0.1163021449587544289545236073,0.0916297672434435289545236073,0.0246723777153109,3.8182909912354251424551772869,51.048875308383164847326165594,53.58399844665091187541337258,1398195000
17.67,2,0.0843457113768738444076591771,0.0884553021042306,0.0876865549598836,0.0844485676100378,0.0836793518802517,0.113290653824198,0.1162818568545755760462927790,0.0916094791392646760462927790,0.0246723777153109,3.8175359545046432144388184755,51.043662106736505500247588984,53.579044730773645127023522755,1398987000
17.68,2,0.0843420342614163394076591771,0.0884509150742226,0.0876830026436975,0.0844448860104846,0.0836765055033154,0.113270488052731,0.1162615793935048749481545572,0.0915892016781939749481545572,0.0246723777153109,3.8167815741454825280581205023,51.03842679813152763081405805,53.574072748648851208590423236,1399779000
17.69,2,0.0843383614884207164076591771,0.0884465334194703,0.0876794543423584,0.0844412087586886,0.0836736621128985,0.113250351676587,0.1162413314499655238483629562,0.0915689537346546238483629562,0.0246723777153109,3.8160283898860029218184260483,51.033215856933102283710720481,53.569122693037918355060512023,1400570000
17.70,2,0.0843346930199461014076591771,0.088442156890603,0.0876759098094518,0.084437535816663,0.083670821673972,0.113230238643085,0.1162211069663656206984830973,0.0915487292510547206984830973,0.0246723777153109,3.815276227204589803188564432,51.028009343828041563983880727,53.564177277370276630469200429,1401362000
17.71,2,0.0843310288015849924076591771,0.0884377850661949,0.0876723686265002,0.0844338671299336,0.0836679841350119,0.113210138444949,0.1162008954272246341195282340,0.0915285177119137341195282340,0.0246723777153109,3.8145247838705595247384125367,51.022791196425248061045628124,53.559222681876036299860861588,1402154000
17.72,2,0.0843273670117621814076591771,0.0884334164447021,0.0876688292948998,0.084430200874704,0.0836651476751636,0.113190060342022,0.1161807060344440388897217786,0.0915083283191331388897217786,0.0246723777153109,3.813774322514602979872265481,51.0175923917704561681039758,53.554285761962918531512983147,1402946000
17.73,2,0.0843237195226214984076591771,0.0884290631446234,0.0876653039360815,0.0844265489375957,0.0836623241839826,0.113170010766811,0.1161605456396439252875283538,0.0914881679243330252875283538,0.0246723777153109,3.8130250384368104943901161055,51.012390806118681343855432384,53.549347077265226415968940518,1403737000
17.74,2,0.0843200654062003404076591771,0.0884247035645834,0.0876617709515944,0.0844228903651252,0.0836594927109116,0.113149971531765,0.1161403953125785541420773741,0.0914680175972676541420773741,0.0246723777153109,3.8122763883412209616962595322,51.00719552318573385516460642,53.544414913461611750945607813,1404529000
17.75,2,0.0843164254620515814076591771,0.0884203591213982,0.0876582517611706,0.0844192459822097,0.0836566740837856,0.113129959223049,0.1161202723768450635875552171,0.0914478946615341635875552171,0.0246723777153109,3.8115288675279687075906886005,51.002014180938892537464788373,53.539495604135353284769412018,1405321000
17.76,2,0.0843127899407796304076591771,0.0884160198425704,0.0876547363952212,0.0844156060275644,0.0836538585442302,0.113109967962602,0.1161001706100313487568574107,0.0914277928947204487568574107,0.0246723777153109,3.8107822967537196522475824698,50.996824762566296135453965291,53.53457004978482209356343116,1406113000
17.77,2,0.0843091467517673904076591771,0.0884116735577962,0.0876512126863433,0.0844119583958284,0.0836510339897868,0.113089996101912,0.1160800879399930561048581496,0.0914077102246821561048581496,0.0246723777153109,3.8100366156715240679271659021,50.991645692692456019205480587,53.529654367903382975601110549,1406904000
17.78,2,0.0843055188937525824076591771,0.0884073434338903,0.0876477038042439,0.0844083261137854,0.0836482234501336,0.113070047248896,0.1160600287810605281003316881,0.0913876510657496281003316881,0.0246723777153109,3.809291949758282901573502099,50.986462193306831369322285974,53.524735573312895317713211254,1407696000
17.79,2,0.0843018933288202334076591771,0.0884030160786714,0.0876441963596269,0.0844046961276211,0.083645413874343,0.113050111941751,0.1160399832099140223147788242,0.0913676054946031223147788242,0.0246723777153109,3.8085480137474580465908861781,50.98129420583144453856619361,53.519831258276289044698336469,1408488000
17.80,2,0.0842982729672125264076591771,0.0883986947491716,0.0876406936124012,0.0844010713511267,0.0836426081790849,0.11303019995865,0.1160199611125396412789888447,0.0913475833972287412789888447,0.0246723777153109,3.807805089867314234405124663,50.976137491899187616553595768,53.514937532610432429146226251,1409279000
17.81,2,0.0842946659848190734076591771,0.0883943875629843,0.0876372036830298,0.084397459970162,0.0836398145530903,0.113010309201712,0.1159999606757352803548856861,0.0913275829604243803548856861,0.0246723777153109,3.8070631251890779527946989911,50.970959309489713100562145139,53.51002584848443186535424816,1410071000
17.82,2,0.0842910523650576554076591771,0.0883900744189526,0.0876337064732173,0.0843938419437353,0.0836370129582308,0.11299043829775,0.1159799798257289617501037106,0.0913076021104180617501037106,0.0246723777153109,3.8063220593191915275596020046,50.965812339048352412549942088,53.505142226753521089639140017,1410863000
17.83,2,0.0842874429967134834076591771,0.0883857662127172,0.087630212881458,0.0843902281739103,0.0836342142994256,0.112970586872434,0.1159600185687703255435991752,0.0912876408534594255435991752,0.0246723777153109,3.8055818914523172577299425053,50.960644569547665759489416882,53.500241264248522774577066965,1411655000
17.84,2,0.0842838469518523524076591771,0.0883814719191284,0.0876267318854487,0.0843866277438158,0.0836314276626515,0.112950751666433,0.1159400739608325091374849737,0.0912676962455216091374849737,0.0246723777153109,3.8048425362639486578540859708,50.955494361984225960675842855,53.495356500439303146787870609,1412446000
17.85,2,0.0842802441925762004076591771,0.0883771720596707,0.0876232440095124,0.0843830205911183,0.0836286329884153,0.112930949748192,0.1159201623802700436143400257,0.0912477846649591436143400257,0.0246723777153109,3.8041044619749954325879548842,50.95035984182484478834681984,53.490485983819252426193051854,1413238000
17.86,2,0.0842766557543008394076591771,0.088372886848917,0.0876197694710527,0.0843794277768855,0.0836258513406172,0.112911156509553,0.1159002599394933782028859633,0.0912278822241824782028859633,0.0246723777153109,3.8033669832720675021057284035,50.945211126664674260899021101,53.485604082265820051569661432,1414030000
17.87,2,0.0842730704383031444076591771,0.0883686054251552,0.0876162974111808,0.0843758380887378,0.0836230715097025,0.112891382187932,0.1158803764907132480954130782,0.0912079987754023480954130782,0.0246723777153109,3.8026303814158451922073993718,50.940076736860300183253386591,53.480735502182778323631504058,1414822000
17.88,2,0.0842694905651495204076591771,0.0883643303978966,0.0876128304422235,0.0843722538500716,0.083620295821885,0.112871634935934,0.1158605202727361764184180412,0.0911881425574252764184180412,0.0246723777153109,3.8018948914463899906714492269,50.934936344470700965107501989,53.475862336917820867939889571,1415613000
17.89,2,0.0842659129726384154076591771,0.088360058128916,0.087609364928764,0.084368671894829,0.0836175211139167,0.112851901287628,0.1158406777009596215085649125,0.0911682999856487215085649125,0.0246723777153109,3.8011601232091291965279867722,50.929811407144835276206455783,53.47100357679594685845666839,1416405000
17.90,2,0.0842623286595411884076591771,0.0883557801672245,0.0876058924226136,0.0843650832108048,0.0836147383763944,0.112832197471349,0.1158208646989964175656643175,0.0911484869836855175656643175,0.0246723777153109,3.8004265318976025679727025674,50.924677262553128665016580667,53.466137382994049638009314766,1417197000
17.91,2,0.0842587686246319494076591771,0.0883515268533485,0.0876024432670918,0.0843615188345749,0.0836119786486889,0.11281250301301,0.1158010618641972691705207546,0.0911286841488863691705207546,0.0246723777153109,3.7996935606824825660141940109,50.919563041322058360119199642,53.46128955722993810997178438,1417989000
17.92,2,0.0842552028666875694076591771,0.0883472687262993,0.0875989880039956,0.0843579487283308,0.0836092118957788,0.112792834954782,0.1157812852002755002798230292,0.0911089074849646002798230292,0.0246723777153109,3.7989616670520361375965243049,50.9144550620773904823493147,53.456447845832949679619534759,1418780000
17.93,2,0.0842516404211431914076591771,0.0883430144937853,0.0875955353438109,0.0843543819385261,0.0836064471668974,0.112773183438264,0.1157615251588279536403417188,0.0910891474435170536403417188,0.0246723777153109,3.7982305764802655282100341706,50.909337996126773821522425484,53.451599045357480122294148202,1419572000
17.94,2,0.0842480912134700484076591771,0.0883387745748324,0.0875920957083347,0.0843508284027357,0.0836036944023919,0.112753562076857,0.1157417957086767798828328003,0.0910694179933658798828328003,0.0246723777153109,3.7975006881601111439643685678,50.904238950863557914604360196,53.446766553067888560356732101,1420364000
17.95,2,0.0842445352791087334076591771,0.088334527986334,0.0875886481172234,0.0843472681320541,0.0836009336161217,0.112733942749174,0.1157220680133636911371993107,0.0910496902980527911371993107,0.0246723777153109,3.7967711750035082571197522553,50.899120682136214037595665175,53.441918399959207578170941648,1421156000
17.96,2,0.0842409946168470164076591771,0.0883302979038201,0.0875852157487626,0.0843437231520959,0.0835981868364587,0.112714357999932,0.1157023754066899591693132666,0.0910299976913790591693132666,0.0246723777153109,3.796042990969161355454666676,50.894032452646760663202951393,53.437096957747197095538193118,1421947000
17.97,2,0.0842374562254753584076591771,0.0883260704860061,0.0875817847644164,0.084340180445797,0.083595441049089,0.112694784453659,0.1156826940444663328657833870,0.0910103163291554328657833870,0.0246723777153109,3.7953154519869887379992206311,50.888922530356794617731098034,53.432257510286064379016323643,1422739000
17.98,2,0.0842339120671313964076591771,0.0883218382950471,0.0875783477290806,0.0843366319654932,0.083592688209091,0.112675239713672,0.1156630412598025532895257860,0.0909906635444916532895257860,0.0246723777153109,3.7945890536296593516974773178,50.883845033302824020757643334,53.427446977479965250942586259,1423531000
17.99,2,0.0842303812139220944076591771,0.0883176198448765,0.0875749231594222,0.0843330968065492,0.0835899474145646,0.112655706796552,0.1156434007258503961938110971,0.0909710230105394961938110971,0.0246723777153109,3.7938633271830499279752432584,50.878764238046778286590418102,53.422634476624384333533395782,1424322000
18.00,2,0.0842268545913348794076591771,0.0883134064531476,0.0875715023758213,0.0843295658833863,0.0835872095826594,0.112636197407846,0.1156237838381109534334164499,0.0909514061228000534334164499,0.0246723777153109,3.7931385981198499278411158541,50.873679179074006655156358305,53.417818942553305083719651197,1425114000
18.01,2,0.0842233312348265314076591771,0.0883091968952917,0.0875680841564281,0.0843260382302851,0.0835844737503767,0.112616704151842,0.1156041831627354560471287710,0.0909318054474245560471287710,0.0246723777153109,3.7924146524916227038649719834,50.868602254419749484140265038,53.413011341706602475968466573,1425906000
18.02,2,0.0842198211432009524076591771,0.0883050014546856,0.0875646787873311,0.0843225238582427,0.083581749931427,0.112597234653636,0.1155846066791546733747846374,0.0909122289638437733747846374,0.0246723777153109,3.7916917179078330959113386896,50.863523559139327711535847553,53.408202868250161463693600261,1426698000
18.03,2,0.0842162953152646914076591771,0.0883007907285673,0.087561256868473,0.0843189937306998,0.0835790090919573,0.112577778933295,0.1155650433874663899993496692,0.0908926656721554899993496692,0.0246723777153109,3.7909694782601499157156746116,50.858457762556114358673621632,53.403406541404695355769467766,1427489000
18.04,2,0.0842127917131714064076591771,0.0882966031737252,0.0875578568593396,0.0843154858561034,0.0835762892431136,0.112558349166105,0.1155455067977582001258540408,0.0908731290824473001258540408,0.0246723777153109,3.7902483195997021918908794293,50.853405397570476683791294762,53.398622564454009522192195141,1428281000
18.05,2,0.0842092833723884994076591771,0.0882924113221158,0.0875544512945776,0.0843119732370387,0.0835735633901729,0.112538932346169,0.1155259829535281625001996708,0.0908536052382172625001996708,0.0246723777153109,3.7895278411177770614885733447,50.848327599377821008801098616,53.393817261050791011397660676,1429073000
18.06,2,0.0842057882550749174076591771,0.0882882337721794,0.0875510587753102,0.0843084738575689,0.0835708495198831,0.11251954575294,0.1155064897728732246574132030,0.0908341120575623246574132030,0.0246723777153109,3.7888085551457010658270058772,50.843281508410253687628021091,53.389040186464952084937914421,1429864000
18.07,2,0.0842022963967033344076591771,0.0882840599629606,0.087547668743258,0.0843049777410152,0.0835681376582429,0.112500172828974,0.1154870103399566140355325405,0.0908146326246457140355325405,0.0246723777153109,3.7880899760960604771664017883,50.838226508711131638641373252,53.384256191551471318120355991,1430656000
18.08,2,0.0841987987594379554076591771,0.0882798809385722,0.0875442722452024,0.0843014758385206,0.0835654187590656,0.112480816394431,0.1154675471607573961120770625,0.0907951694454464961120770625,0.0246723777153109,3.7873721747755178100551265557,50.833179603726454642906830602,53.379480075437093555480187832,1431448000
18.09,2,0.0841953133787567064076591771,0.08827571479623,0.0875408873810212,0.0842979862075565,0.0835627108824861,0.112461477272161,0.1154481016893018309011544766,0.0907757239739909309011544766,0.0246723777153109,3.7866551918544732015448003836,50.828126497811556599590481552,53.374699321408754053231465558,1432240000
18.10,2,0.0841918322534845744076591771,0.0882715538265005,0.087537506443935,0.0842945008371909,0.0835600060202283,0.112442164235684,0.1154286824248023933602037203,0.0907563047094914933602037203,0.0246723777153109,3.7859392698330591126440206715,50.823093041209430547234842753,53.369936340891122856926716267,1433031000
18.11,2,0.0841883453457935684076591771,0.0882673876572022,0.0875341190644103,0.0842910096773549,0.0835572941248727,0.112422868236238,0.1154092799621177523208609205,0.0907369022468068523208609205,0.0246723777153109,3.7852241382894754902968506195,50.81805279266296239984975261,53.365168217736235903346981755,1433823000
18.12,2,0.0841848817752757474076591771,0.088263245861802,0.0875307548185542,0.0842875418831509,0.0835546043541637,0.112403600745214,0.1153899067978416898175553993,0.0907175290825307898175553993,0.0246723777153109,3.7845101542403880659290967476,50.813034309241954046758530662,53.360419651442006257162921208,1434615000
18.13,2,0.0841814113357621154076591771,0.0882590972517478,0.087527382520448,0.0842840672115746,0.083551906467732,0.112384335213471,0.1153705353106329927745642785,0.0906981575953220927745642785,0.0246723777153109,3.783796525408299327319240495,50.808009389375157615100084408,53.355666538794161544032120283,1435407000
18.14,2,0.0841779441103281474076591771,0.088254952791668,0.0875240131373469,0.0842805957579974,0.0835492105635772,0.112365096356965,0.1153511905841445273135179100,0.0906788128688336273135179100,0.0246723777153109,3.7830839694025445467275066257,50.802975538474309278729584859,53.350906213591862260596815686,1436198000
18.15,2,0.0841744810978117654076591771,0.0882508131317624,0.08752064732207,0.0842771285224753,0.0835465176443764,0.112345874139578,0.1153318626111534076879637454,0.0906594848958425076879637454,0.0246723777153109,3.7823721985529591034936560578,50.797956909686428347797062919,53.346159963727160476793766921,1436990000
18.16,2,0.0841710313337090114076591771,0.0882466876627057,0.0875172944679047,0.0842736745515227,0.0835438367592582,0.112326678258768,0.1153125614110329782979632605,0.0906401836957220782979632605,0.0246723777153109,3.7816614989090678642520998732,50.792943095407629755097852562,53.341418501952949623640332565,1437782000
18.17,2,0.0841675747802073934076591771,0.0882425561414621,0.0875139343344207,0.0842702137828919,0.083541147848582,0.112307503887547,0.1152932814533526438559663629,0.0906209037380417438559663629,0.0246723777153109,3.7809517110513467491770172313,50.787942818454953334775274442,53.336689552005158539087487943,1438574000
18.18,2,0.0841641324361525094076591771,0.0882384390421493,0.0875105873983346,0.0842667672410356,0.0835384719394011,0.1122883348993,0.1152740073359502294236918455,0.0906016296206393294236918455,0.0246723777153109,3.780242392755976489694214652,50.782919247095694318536267722,53.331941233354787931000806429,1439365000
18.19,2,0.0841606834202239114076591771,0.0882343165689344,0.0875072338664054,0.0842633140191696,0.0835357881275245,0.112269203472352,0.1152547705267747065013290245,0.0905823928114638065013290245,0.0246723777153109,3.7795344445289291411864758584,50.777931866863962910869097437,53.327224900399651910276292655,1440157000
18.20,2,0.0841572475281330024076591771,0.0882302076024005,0.0875038926218013,0.0842598739371452,0.0835331162353904,0.112250082363538,0.1152355444582683433289835464,0.0905631667429574433289835464,0.0246723777153109,3.7788271042813758942451891275,50.772942150575355502274814561,53.322507407023664394735037647,1440949000
18.21,2,0.0841538158420411274076591771,0.0882261034303331,0.0875005549548858,0.0842564380662489,0.0835304473368649,0.112230977928331,0.1152163351780720123182595775,0.0905439574627611123182595775,0.0246723777153109,3.778120544281086183109067824,50.767936660061675075519549947,53.317776893057435878215332901,1441740000
18.22,2,0.0841503873241484644076591771,0.0882220029270373,0.0874972197425355,0.0842530053674154,0.0835277803954556,0.112211887704038,0.1151971401857945988445779049,0.0905247624704836988445779049,0.0246723777153109,3.777414691912774360347988825,50.762953609235463517294996709,53.313066788623571524641349324,1442532000
18.23,2,0.0841469620466244004076591771,0.0882179067236649,0.0874938876184668,0.0842495759129019,0.0835251154859859,0.112192827693954,0.1151779754971010576098490674,0.0905055977817901576098490674,0.0246723777153109,3.7767100050070863461361312904,50.757957236178339223971982081,53.308345537771214159891288713,1443324000
18.24,2,0.0841435410908474914076591771,0.0882138154167664,0.087490559181788,0.0842461507854058,0.0835224536937127,0.112173783957663,0.1151588272009751013147299359,0.0904864494856642013147299359,0.0246723777153109,3.776006084058374412733719984,50.752989493310289812262417628,53.303650058989972538228958256,1444116000
18.25,2,0.0841401222172033784076591771,0.088209726690882,0.0874872321195904,0.0842427277425815,0.083519792778843,0.112154754440501,0.1151396931632841107829577646,0.0904673154479732107829577646,0.0246723777153109,3.7753028669438945070848181044,50.747999497841818534125994478,53.298935935270331665290916012,1444907000
18.26,2,0.0841367075438623694076591771,0.0882056430144151,0.0874839089028218,0.0842393089051824,0.0835171348646761,0.112135749060752,0.1151205833825067674887383887,0.0904482056671958674887383887,0.0246723777153109,3.7746006391145749014496504126,50.743036640766361723536235316,53.294246122831263127187146876,1445699000
18.27,2,0.0841332970696927364076591771,0.0882015641290594,0.0874805892757134,0.0842358942720755,0.0835144799526181,0.112116760453871,0.1151014904896564970614996189,0.0904291127743455970614996189,0.0246723777153109,3.7738991884801525427722801095,50.738060235564458081080540765,53.289545212973209820287643822,1446491000
18.28,2,0.0841298988938882514076591771,0.0881974982602633,0.0874772814662448,0.0842324919523311,0.0835118361542719,0.112097791810859,0.1150824179609437235957971123,0.0904100402456328235957971123,0.0246723777153109,3.773198613642352324457002315,50.733101416876838379208615626,53.284860338623637669871846591,1447283000
18.29,2,0.0841264948145459984076591771,0.0881934268608642,0.0874739669297776,0.0842290837218498,0.0835091852480639,0.112078834198409,0.1150633562213042685034667793,0.0903909785059933685034667793,0.0246723777153109,3.7724986393114159779296235479,50.728147124322727031778835583,53.280180271130616148487064226,1448074000
18.30,2,0.0841231039126672444076591771,0.0881893697219374,0.0874706654599047,0.0842256886849013,0.0835065463407831,0.112059906950504,0.1150443252837308817685433970,0.0903719475684199817685433970,0.0246723777153109,3.7717998378329853965944389314,50.723179871703142650831614497,53.275489340307376140085101059,1448866000
18.31,2,0.0841197172054579354076591771,0.0881853171587188,0.087467367374373,0.0842222978477375,0.0835039104411939,0.112040990435935,0.1150253051910655716943727195,0.0903529274757546716943727195,0.0246723777153109,3.7711016364922390682299299062,50.718239470878847308590954384,53.270822717070241701754316642,1449658000
18.32,2,0.0841163227916026044076591771,0.0881812577730423,0.087464061277521,0.0842188992945298,0.0835012656359736,0.112022099686522,0.1150063105682713830488812179,0.0903339328529604830488812179,0.0246723777153109,3.7704044532791407510317870306,50.713280341026384029757078896,53.266140286157090868181200868,1450450000
18.33,2,0.0841129424519194594076591771,0.0881772130194496,0.0874607686263883,0.0842155148326571,0.0834986337350006,0.112003224217593,0.1149873316859003401270455450,0.0903149539705894401270455450,0.0246723777153109,3.7697080084811607440301191055,50.708346668355281916966080201,53.261480843924556495877866987,1451241000
18.34,2,0.0841095653035551884076591771,0.0881731722912359,0.0874574788167611,0.084212133565995,0.0834960038446432,0.111984372507145,0.1149683766467048959956278861,0.0902959989313939959956278861,0.0246723777153109,3.7690125332406971026077098536,50.703402119163836612039332198,53.25681248050211020003663342,1452033000
18.35,2,0.0841061914448145674076591771,0.0881691354128781,0.0874541916756015,0.0842087555929682,0.0834933760658125,0.111965536708538,0.1149494376027857494970033217,0.0902770598874748494970033217,0.0246723777153109,3.7683178017476406117301338731,50.698472104642936047456389312,53.252157550643149253859499326,1452825000
18.36,2,0.0841028216389701444076591771,0.0881651031215644,0.0874509079425757,0.0842053816777798,0.0834907511651915,0.111946716034735,0.1149305137933981063300889413,0.0902581360780872063300889413,0.0246723777153109,3.7676237912238715436576159244,50.693534246394471225189645192,53.247496510182301794430057484,1453617000
18.37,2,0.0840994550211159564076591771,0.0881610747492186,0.0874476269520791,0.0842020109544694,0.0834881282792927,0.111927916167429,0.1149116108735464843410813374,0.0902392331582355843410813374,0.0246723777153109,3.7669306626889792509600328905,50.688609533162617955446035084,53.242847587979440412261165773,1454408000
18.38,2,0.0840961016891788274076591771,0.0881570603675084,0.0874443587782451,0.0841986535332776,0.0834855175208238,0.111909135825481,0.1148927279144530494165718031,0.0902203501991421494165718031,0.0246723777153109,3.7662383885510777890201684892,50.683678151705803420214528177,53.238193483977139724420543169,1455200000
18.39,2,0.0840927414072096064076591771,0.0881530394259172,0.0874410828730156,0.0841952891535784,0.083482898631619,0.111890367061069,0.1148738562560217837214950989,0.0902014785407108837214950989,0.0246723777153109,3.765546719732305862493945203,50.678766984405544056744949372,53.233557856619696385119640888,1455992000
18.40,2,0.0840893853099237104076591771,0.0881490236106594,0.0874378109250574,0.0841919289636657,0.083480282762426,0.111871625083541,0.1148550115062627291789429796,0.0901826337909518291789429796,0.0246723777153109,3.7648561023848664183254262313,50.673855589276276865798313496,53.2289225346776762134000826,1456783000
18.41,2,0.0840860414765441174076591771,0.0881450209018215,0.0874345509169033,0.0841885810526146,0.0834776780047676,0.111852906630596,0.1148361906834499462545358511,0.0901638129681390462545358511,0.0246723777153109,3.7641664501042367823146044137,50.668940263242338345920551473,53.224284336215733964135511166,1457575000
18.42,2,0.0840826917085516494076591771,0.0881410123023161,0.0874312838539051,0.0841852271997135,0.0834750661403731,0.111834189787692,0.1148173712234868996212770326,0.0901449935081759996212770326,0.0246723777153109,3.763477115492288821095890833,50.664033532507240403362718969,53.219654644430515826085419334,1458367000
18.43,2,0.0840793551036293994076591771,0.0881370179674088,0.0874280298937619,0.0841818865259346,0.0834724662926494,0.111815503839281,0.1147985830964797749873454383,0.0901262053811688749873454383,0.0246723777153109,3.7627889561449552928649760481,50.65912798526242305477567697,53.215026395449601850414412867,1459159000
18.44,2,0.0840760227589538414076591771,0.0881330285771084,0.087424779718909,0.0841785501175975,0.0834698695503444,0.111796837305643,0.1147798145045231464276748179,0.0901074367892122464276748179,0.0246723777153109,3.7621016330927812530046437813,50.654239335893405005611119968,53.210413550272917706058164467,1459950000
18.45,2,0.0840726924767764194076591771,0.088129041558275,0.0874215307586273,0.0841752157742737,0.0834672737154518,0.111778179552043,0.1147610547296431034942159391,0.0900886770143322034942159391,0.0246723777153109,3.7614148383040650273148868705,50.649326844129606661908628774,53.205780706029727954942745115,1460742000
18.46,2,0.0840693564524189284076591771,0.0881250498233216,0.087418275927744,0.0841718756817675,0.0834646709761913,0.11175955152215,0.1147423244554838180829147732,0.0900699467401729180829147732,0.0246723777153109,3.7607291633372008063870935974,50.644442845420503759869322577,53.201173200097810849595140285,1461534000
18.47,2,0.0840660434703166664076591771,0.0881210814527198,0.0874150433091385,0.0841685586596156,0.0834620901545091,0.111740931548776,0.1147236030081311543447685393,0.0900512252928202543447685393,0.0246723777153109,3.7600440149437931596685818822,50.639548747443164715129236725,53.196557700205158427569930535,1462325000
18.48,2,0.0840627236458566134076591771,0.0881171070703966,0.0874118035291395,0.0841652347867619,0.0834595013317522,0.111722335760384,0.1147049054810998414500472183,0.0900325277657889414500472183,0.0246723777153109,3.759359824536844331290508087,50.634674523587636180277711989,53.191960108186775856299342868,1463117000
18.49,2,0.0840594070755954514076591771,0.0881131366429672,0.0874085665567575,0.0841619141720755,0.0834569146191866,0.111703759906819,0.1146862279747358054196451022,0.0900138502594249054196451022,0.0246723777153109,3.7586764794151047287217015308,50.629802151897045287262725632,53.187364744263558674343835526,1463909000
18.50,2,0.0840560945630605654076591771,0.0881091709497506,0.0874053331737006,0.0841585976200636,0.08345433082371,0.111685203252658,0.1146675697813461176541398922,0.0899951920660352176541398922,0.0246723777153109,3.7579939583203187313019231332,50.624926949898955596834417918,53.182767525775722724727138173,1464701000
18.51,2,0.0840527852839955744076591771,0.0881052090192436,0.0874021024108487,0.0841552843054647,0.0834517491224452,0.111666661624416,0.1146489266961655398170504460,0.0899765489808546398170504460,0.0246723777153109,3.7573121398104500436870953774,50.620056515150466240812211637,53.178175172543730987877125678,1465492000
18.52,2,0.0840494890424353124076591771,0.0881012607027241,0.0873988841218564,0.0841519840442692,0.083449179333761,0.111648135861166,0.1146302999016443426919485719,0.0899579221863334426919485719,0.0246723777153109,3.7566310567758513156341883014,50.615181151369222180801799198,53.173579182196929921177149322,1466284000
18.53,2,0.0840461860686093984076591771,0.0880973062274587,0.0873956585363606,0.0841486770425984,0.0834466016661504,0.111629626913854,0.1146116896581727352399235481,0.0899393119428618352399235481,0.0246723777153109,3.7559507156917887377345901873,50.610320525906832500333788667,53.168996738836316376405621602,1467076000
18.54,2,0.0840428961120751164076591771,0.0880933655739047,0.0873924456371832,0.0841453830740933,0.0834440358956204,0.111611140359693,0.1145931022369558403087790140,0.0899207245216449403087790140,0.0246723777153109,3.7552712952306771766227121144,50.605459517968917180351137566,53.164414498769922648724993647,1467868000
18.55,2,0.0840396004025663764076591771,0.0880894199515745,0.0873892266361949,0.0841420833455981,0.083441463231375,0.111592676603038,0.1145745373864083557610567677,0.0899021596710974557610567677,0.0246723777153109,3.7545927872007605257028492048,50.600615264036475292845438193,53.159847444308365724204279937,1468659000
18.56,2,0.0840363167268001554076591771,0.0880854868016776,0.087386018976957,0.0841387956655202,0.0834389014841749,0.111574224817791,0.1145559848957974323051251576,0.0898836071804865323051251576,0.0246723777153109,3.7539148981017331375448783378,50.595756518184822194640547049,53.155268456027842325687129602,1469451000
18.57,2,0.0840330372773606594076591771,0.088081558790615,0.087382815328217,0.0841355122169228,0.083436342839431,0.1115557989813,0.1145374584780993951972385994,0.0898650807627884951972385994,0.0246723777153109,3.7532380197970623379487923545,50.590916936541087282629007565,53.150706685673042282349514591,1470243000
18.58,2,0.0840297608597951624076591771,0.0880776341231443,0.0873796138970721,0.0841322318038967,0.0834337861035752,0.1115373819517,0.1145189409393209281397647153,0.0898465632240100281397647153,0.0246723777153109,3.7525616587307435611533046135,50.586067320200289098195838092,53.146136939074255956373306529,1471034000
18.59,2,0.0840264776845231064076591771,0.0880737035162256,0.0873764054028164,0.0841289446249233,0.0834312214774244,0.111518988747282,0.1145004469647112964452220464,0.0898280692494003964452220464,0.0246723777153109,3.7518862346198235921239897184,50.581230387471566233342283582,53.14157878745833228246929905,1471826000
18.60,2,0.0840232175392648404076591771,0.0880697965231896,0.0873732194011083,0.0841256805040478,0.0834286787873531,0.111500611095133,0.1144819693178754370997413373,0.0898095916025645370997413373,0.0246723777153109,3.7512115391724949186393291075,50.576388582874445136462787816,53.137017020680693662652481147,1472618000
18.61,2,0.0840199406156210784076591771,0.0880658731827969,0.0873700159330304,0.0841223995843263,0.0834261181787404,0.111482246704251,0.1144635043146609082676584661,0.0897911265993500082676584661,0.0246723777153109,3.7505374658611778129595475427,50.571565610664818308973464767,53.132472431993241727203773286,1473410000
18.62,2,0.0840166877018114094076591771,0.0880619745250101,0.087366836030861,0.0841191427037179,0.0834235804918628,0.111463900359982,0.1144450581695034157883685375,0.0897726804541925157883685375,0.0246723777153109,3.7498641917319846276545219026,50.566738890728262887800153436,53.127925154865517711749981227,1474201000
18.63,2,0.0840134280256027214076591771,0.0880580700296239,0.0873636491767046,0.084115879052464,0.0834210349192729,0.111445580891755,0.1144266386413951887229053009,0.0897542609260842887229053009,0.0246723777153109,3.7491919380793012561285473097,50.561910206918265041394500177,53.123376593414480682768133483,1474993000
18.64,2,0.0840101703573844164076591771,0.0880541680801267,0.0873604637563537,0.0841126174116491,0.0834184902443604,0.111427276760554,0.1144082344910097797722372267,0.0897358567756988797722372267,0.0246723777153109,3.7485203819357860509515006445,50.557097461242781825607214305,53.118842616700051963379601353,1475785000
18.65,2,0.0840069269061078264076591771,0.0880502808480406,0.0873572919436276,0.084109370005113,0.0834159586932642,0.111408986254744,0.1143898444326135341009390004,0.0897174667173026341009390004,0.0246723777153109,3.7478494854835034463620952649,50.552276194152127076578947576,53.114301860335610359920284545,1476577000
18.66,2,0.0840036774793138944076591771,0.0880463884174481,0.0873541138249015,0.0841061166157726,0.0834134200511949,0.111390718351393,0.1143714767428315370125913123,0.0896990990275206370125913123,0.0246723777153109,3.7471794848459326329517194546,50.547475705532413298441646998,53.109779777862654110676938327,1477368000
18.67,2,0.0840004402671399084076591771,0.0880425088068644,0.0873509474209764,0.0841028754559474,0.0834108925327593,0.111372467182693,0.1143531261863476352203715807,0.0896807484710367352203715807,0.0246723777153109,3.7465102290579526661031569331,50.542661961400040741050207645,53.105246709660725617806747345,1478160000
18.68,2,0.0839971961545750274076591771,0.0880386228528168,0.0873477735706596,0.0840996273873165,0.083408357001918,0.111354232362374,0.1143347917084090613550637100,0.0896624139930981613550637100,0.0246723777153109,3.7458416869187472772422142197,50.537860330330505088324626034,53.100724855086856784153593495,1478952000
18.69,2,0.0839939650637548854076591771,0.0880347505334857,0.0873446122544058,0.0840963923563099,0.0834058334073766,0.1113360144514,0.1143164745669483300365855718,0.0896440968516374300365855718,0.0246723777153109,3.7451738934810703865430704753,50.533056711904572676340415244,53.09620185655295586406687581,1479744000
18.70,2,0.0839907381840903484076591771,0.0880308831304104,0.0873414547560229,0.0840931615415942,0.0834033129300716,0.111317816549561,0.1142981775556756824084724414,0.0896257998403647824084724414,0.0246723777153109,3.7445069277944468606401367821,50.528263301776486430822586616,53.091688320147384034238302484,1480535000
18.71,2,0.0839875142876997664076591771,0.088027019250295,0.0873382996844773,0.0840899337137905,0.0834007943428879,0.111299633984266,0.1142798959562990854899380959,0.0896075182409881854899380959,0.0246723777153109,3.7438406537054200788731740586,50.523462270976982621952520973,53.087168744377442119089403877,1481327000
18.72,2,0.0839842936001671804076591771,0.088023159511539,0.0873351476604252,0.0840867090987579,0.0833982778739428,0.111281477992377,0.1142616410204967864161330579,0.0895892633051858864161330579,0.0246723777153109,3.7431753925664413135024070661,50.518689722359013449566246273,53.082674475975432385686041703,1482119000
18.73,2,0.0839810760437587734076591771,0.0880193033413674,0.087331998113343,0.0840834876186676,0.0833957634476599,0.111263334401776,0.1142433985648725052839545912,0.0895710208495616052839545912,0.0246723777153109,3.7425107370687780523063172454,50.513902817930765621773732392,53.078168329026094680605843443,1482910000
18.74,2,0.0839778614495888244076591771,0.0880154504139548,0.08732885071965,0.0840802691044282,0.0833932508971942,0.111245198727058,0.1142251640954613778714477078,0.0895527863801504778714477078,0.0246723777153109,3.7418465574854536210848974366,50.509119766931809405116952413,53.073666311861734627062985325,1483702000
18.75,2,0.0839746500791762974076591771,0.0880116017635054,0.0873257065157899,0.0840770538178775,0.0833907404866242,0.111227093081251,0.1142069597479927507077680725,0.0895345820326818507077680725,0.0246723777153109,3.7411834869740468048037222402,50.504341925432917847533164225,53.069169172387048551747656876,1484494000
18.76,2,0.0839714417818466994076591771,0.0880077569574956,0.0873225650714728,0.0840738416081572,0.0833882320673266,0.11120900940108,0.1141887774490852346038298427,0.0895163997337743346038298427,0.0246723777153109,3.7405212932648265785359232573,50.499579891000103412172520395,53.064686333697363571298750452,1485286000
18.77,2,0.0839682364990490894076591771,0.0880039152530904,0.0873194256460914,0.084070632416645,0.0833857255829085,0.111190928094191,0.1141705975924739781755127567,0.0894982198771630781755127567,0.0246723777153109,3.7398594136953337540169591271,50.494803377041178017635046499,53.060191690538433213034242164,1486077000
18.78,2,0.0839650443999463484076591771,0.088000087426748,0.0873162990183264,0.0840674364249046,0.083383231217157,0.111172866018346,0.1141524374018227553780126425,0.0894800596865118553780126425,0.0246723777153109,3.7391983407028126302769386506,50.490041375824383954940485157,53.055710256327876222364306819,1486869000
18.79,2,0.0839618463892159834076591771,0.0879962546987542,0.0873131664106798,0.0840642345143276,0.0833807298536816,0.111154833211839,0.1141343062539840772645936742,0.0894619285386731772645936742,0.0246723777153109,3.7385383419299306683244592297,50.485291745847044768048399186,53.051239970729916411298192711,1487661000
18.80,2,0.0839586613536900334076591771,0.0879924351437968,0.0873100459000502,0.0840610455947778,0.0833782404045581,0.111136805428209,0.1141161805481423254484445700,0.0894438028328314254484445700,0.0246723777153109,3.7378787402787672207293977439,50.480520693958246702515485998,53.046751738802023139930200432,1488452000
18.81,2,0.0839554685168009284076591771,0.0879886087148528,0.0873069174416197,0.0840578488643514,0.0833757420700892,0.111118804647436,0.1140980815513341360534895711,0.0894257038360232360534895711,0.0246723777153109,3.7372201440206766132917470338,50.475778088978079589071026011,53.042288754243667889706930988,1489244000
18.82,2,0.0839522897652652584076591771,0.0879847967832056,0.0873038024088715,0.0840546662364549,0.0833732567658824,0.111100814962571,0.1140799941122238718398936575,0.0894076163969129718398936575,0.0246723777153109,3.7365621181174877126459181788,50.471018350965547934206640156,53.037811446608655573639439939,1490036000
18.83,2,0.0839491139862796144076591771,0.0879809887488447,0.0873006902039885,0.0840514865847334,0.0833707733677777,0.111082851640277,0.1140619331183156954002453509,0.0893895554030047954002453509,0.0246723777153109,3.7359050880804204389660903403,50.466284283673545420718419729,53.033356957042820565247741197,1490828000
18.84,2,0.0839459314025660564076591771,0.0879771742611589,0.0872975704785481,0.0840483001199858,0.0833682820887639,0.111064898774667,0.1140438823122585781598074310,0.0893715045969476781598074310,0.0246723777153109,3.73524858718630811805225636,50.461536850002360897577632315,53.028891458346367611927907907,1491619000
18.85,2,0.0839427719012062424076591771,0.0879733835013794,0.0872944734159639,0.08404513676574,0.0833658128545526,0.111046963223006,0.1140258496005263625167810080,0.0893534718852154625167810080,0.0246723777153109,3.7345928409545750757044090773,50.456807095542734552905466632,53.024441945775125888820852234,1492411000
18.86,2,0.0839396054628768284076591771,0.087969586553869,0.0872913691027759,0.0840419664660653,0.0833633356113915,0.111029049527328,0.1140078384784196046713554014,0.0893354607631087046713554014,0.0246723777153109,3.7339379485338281785569595712,50.452067231222601368355786252,53.019984040387566209254966544,1493203000
18.87,2,0.0839364419935855084076591771,0.087965792907633,0.0872882670301608,0.0840387991390492,0.0833608602795411,0.111011145227128,0.1139898368242623993080175445,0.0893174591089514993080175445,0.0246723777153109,3.7332835616792843735539710448,50.447341150522074308313401895,53.015538876865149266989524119,1493995000
18.88,2,0.0839332816967846184076591771,0.0879620032793496,0.0872851679169627,0.0840356349883924,0.0833583870648691,0.110993265008526,0.1139718593403161897440802314,0.0892994816250052897440802314,0.0246723777153109,3.7326301005953319597255522976,50.442611470778038940092781034,53.011090957233817910457146834,1494786000
18.89,2,0.0839301254783676534076591771,0.0879582183480599,0.0872820724443834,0.0840324749210928,0.0833559168765356,0.110975402327789,0.1139538995106060966299045187,0.0892815217952951966299045187,0.0246723777153109,3.7319773776286728304759984506,50.43789914468296763950993336,53.006658734287942838626993758,1495578000
18.90,2,0.0839269713190196864076591771,0.087954435986102,0.0872789784869157,0.0840293169153732,0.0833534476949192,0.110957554187991,0.1139359542658537630867475610,0.0892635765505428630867475610,0.0246723777153109,3.7313253038665937440010000622,50.433169640253076361492839426,53.002212058310081533489908509,1496370000
18.91,2,0.0839238301252286254076591771,0.0879506671897607,0.0872758970429939,0.0840261718910216,0.0833509904419588,0.110939722589032,0.1139180259885817616337790872,0.0892456482732708616337790872,0.0246723777153109,3.7306739465789777556833408554,50.428461303599774396613448538,52.997784422142798435209421193,1497162000
18.92,2,0.0839206821178386194076591771,0.0879468920384089,0.0872728081941348,0.084023020044762,0.0833485253165237,0.110921904516009,0.1139001109705764366475860222,0.0892277332552655366475860222,0.0246723777153109,3.7300231985489535969488273498,50.423741768719178947860684036,52.993347582621977154187780654,1497953000
18.93,2,0.0839175471482407464076591771,0.0879431310688664,0.0872697324792967,0.0840198812521937,0.0833460721963529,0.110904118556795,0.1138822285051888760141174218,0.0892098507898779760141174218,0.0246723777153109,3.7293736115059596203673364252,50.419049945613953539423268687,52.988935193451656522432880561,1498745000
18.94,2,0.0839144062704395444076591771,0.0879393643331663,0.0872666499526458,0.0840167365442172,0.0833436121144813,0.110886337011329,0.1138643502131312191199498468,0.0891919724978203191199498468,0.0246723777153109,3.7287243714589062601775814436,50.414335867760012003431586805,52.98450410038469343751516835,1499537000
18.95,2,0.0839112774284749344076591771,0.0879356103781524,0.0872635791631536,0.0840136038867545,0.0833411630389599,0.110868576201363,0.1138464930535626965002935335,0.0891741153382517965002935335,0.0246723777153109,3.7280759632675623013451370041,50.409646200413054345532686606,52.98009478840869724385414458,1500329000
18.96,2,0.0839081425294307444076591771,0.0879318509552156,0.0872605018643329,0.0840104651648259,0.0833387068569323,0.110850832616375,0.1138286528813068917007475153,0.0891562751659959917007475153,0.0246723777153109,3.7274282671970012048786005071,50.404940704653725354119374845,52.975672133533291409415571252,1501120000
18.97,2,0.0839050208113172684076591771,0.0879281052008462,0.087257437194791,0.0840073396399016,0.083336262831987,0.110833102341124,0.1138108264514367336523359714,0.0891384487361258336523359714,0.0246723777153109,3.7267811893025332698080807558,50.400254445673573264002006902,52.97126687278775686261795359,1501912000
18.98,2,0.0839019011444501624076591771,0.08792436227038,0.0872543743119753,0.0840042161687251,0.0833338198229801,0.110815394120612,0.1137930221252253225947590791,0.0891206444099144225947590791,0.0246723777153109,3.7261349681326404430776409472,50.395565337004710865081095948,52.966859514925264743466785435,1502704000
18.99,2,0.0838987855095331474076591771,0.087920623886238,0.0872513149404128,0.0840010967344155,0.0833313798151382,0.110797700454731,0.1137752324673190317791492136,0.0891028547520081317791492136,0.0246723777153109,3.7254893896957464293432035641,50.390884533421436458791919661,52.962459962235136968284204846,1503495000
19.00,2,0.0838956719422553284076591771,0.0879168883427226,0.0872482573765063,0.0839979793702665,0.0833289408438568,0.110780028852042,0.1137574649222515009408436969,0.0890850872069406009408436969,0.0246723777153109,3.724844666277682175548831805,50.38620089492983897339500123,52.958058317537360811735782025,1504287000
19.01,2,0.0838925623136361074076591771,0.0879131569683132,0.0872452029508312,0.0839948659495791,0.0833265047845338,0.110762363678133,0.1137397039115709909565810684,0.0890673261962600909565810684,0.0246723777153109,3.7242003506043001159332390328,50.381531054971738901626232212,52.953669438069242299790125277,1505079000
19.02,2,0.0838894558422055164076591771,0.0879094294437647,0.0872421513462321,0.0839917556899304,0.0833240708568377,0.110744718210257,0.1137219626933724340465178239,0.0890495849780615340465178239,0.0246723777153109,3.7235568215076770086921158064,50.37684555610779610622531313,52.949267284849320424757870369,1505871000
19.03,2,0.0838863513988712164076591771,0.0879057050862218,0.0872391018819386,0.0839886474608512,0.0833216379323852,0.110727105286066,0.1137042540737296847860509262,0.0890318763584187847860509262,0.0246723777153109,3.7229144448704367472297572462,50.372194612817770089118040707,52.944895535243368650692518956,1506662000
19.04,2,0.0838832610010026754076591771,0.087901994719612,0.0872360653839576,0.0839855532943656,0.0833192180452812,0.110709490100102,0.1136865436462096908090025065,0.0890141659308987908090025065,0.0246723777153109,3.7222722340365188193246447936,50.367534417266398820593615991,52.940516537418034213685205122,1507454000
19.05,2,0.0838801636659713304076591771,0.0878982782726454,0.0872330217830736,0.0839824521822577,0.0833167901893854,0.110691899849044,0.1136688578905184076576015996,0.0889964801752075076576015996,0.0246723777153109,3.7216309466092478211939804088,50.362864153803285530507303318,52.936129049224944324169799615,1508246000
19.06,2,0.0838770683378395704076591771,0.0878945645019352,0.0872299798379688,0.0839793530794966,0.0833143633217372,0.110674328696343,0.1136511912793360450898827277,0.0889788135640251450898827277,0.0246723777153109,3.7209904232582133758248500927,50.358199325825316191044310678,52.931746741216253047551527659,1509037000
19.07,2,0.0838739870706384254076591771,0.0878908653459076,0.0872269514891331,0.083976268054813,0.0833119495131322,0.11065677269983,0.1136335402896111721726065644,0.0889611625743002721726065644,0.0246723777153109,3.7203505620710512146430603656,50.353557117213109234723170656,52.927384715689753374187330203,1509829000
19.08,2,0.0838708988267620424076591771,0.0878871597222806,0.0872239156563432,0.0839731760449462,0.0833095277023697,0.110639231682397,0.1136159040086555168479694136,0.0889435262933446168479694136,0.0246723777153109,3.7197113359168116902184881076,50.348908173161092048162907484,52.923017301554983846269148092,1510621000
19.09,2,0.0838678226235899194076591771,0.0878834666601851,0.0872208913707832,0.083970096090467,0.0833071169320749,0.110621704984019,0.1135982824410253658480575935,0.0889259047257144658480575935,0.0246723777153109,3.7190727439416532635597307183,50.344251250523624336461641904,52.918643406766738614845106506,1511413000
19.10,2,0.0838647503331936874076591771,0.0878797781067568,0.0872178705816372,0.083967020053535,0.0833047090664571,0.110604195180073,0.1135806778795574885897948322,0.0889083001642465885897948322,0.0246723777153109,3.71843485084614426046678104,50.339620062675628760366010493,52.914292482799108385683749856,1512204000
19.11,2,0.0838616801720515784076591771,0.087876092637116,0.0872148518660682,0.0839639461484538,0.0833023023218639,0.110586712634094,0.1135631006318189173910369988,0.0888907229165080173910369988,0.0246723777153109,3.7177979509359620067396319135,50.334980707072351750044735452,52.909934655153622988839484645,1512996000
19.12,2,0.0838586040671083634076591771,0.087872401661402,0.0872118266362538,0.0839608662923232,0.0832998886174344,0.110569242969648,0.1135455360304227497292912835,0.0888731583151118497292912835,0.0246723777153109,3.7171616230370553957825784574,50.330335339751779431315688018,52.905572097213602736584380016,1513788000
19.13,2,0.0838555409624403554076591771,0.0878687239311494,0.0872088136457608,0.0839577994523212,0.0832974869223803,0.110551779680371,0.1135279782274582520836735424,0.0888556005121473520836735424,0.0246723777153109,3.7165256986347557533956135132,50.325711057921059016778598214,52.901228633769623760397124693,1514580000
19.14,2,0.0838524808937647054076591771,0.0878650501836776,0.0872058036339365,0.0839547356520137,0.0832950872622967,0.110534343379558,0.1135104475004703653467835895,0.0888380697851594653467835895,0.0246723777153109,3.7158907576535669729830322016,50.321090865810939813372629115,52.896888986025373344056217739,1515371000
19.15,2,0.0838494228418172174076591771,0.0878613788467556,0.0872027950305724,0.0839516738708938,0.0832926886187001,0.110516918285641,0.1134929280227070371628354103,0.0888205503073961371628354103,0.0246723777153109,3.7152563457060844071147114019,50.316453412032761377394950281,52.892534779183165185967264919,1516163000
19.16,2,0.0838463688056634314076591771,0.0878577121976252,0.0871997901149277,0.0839486161104646,0.0832902929951125,0.110499512259738,0.1134754277300405056637926893,0.0888030500147296056637926893,0.0246723777153109,3.7146226891539128956551781564,50.311843217060337030326842086,52.888204812813712771990593141,1516955000
19.17,2,0.0838433268026986144076591771,0.0878540581025927,0.0871967967553209,0.0839455703978984,0.0832879084207195,0.110482120555061,0.1134579421531763450441505325,0.0887855644378654450441505325,0.0246723777153109,3.7139896589768503855484956648,50.30722285877729054065246574,52.883866422626992025044612759,1517747000
19.18,2,0.0838402778136644304076591771,0.0878503977030799,0.0871937960951812,0.0839425176907436,0.0832855158550782,0.110464748769372,0.1134404762283818057638182327,0.0887680985130709057638182327,0.0246723777153109,3.7133573956041702025946567673,50.302616325555091848710279137,52.879540500100529925136201795,1518538000
19.19,2,0.0838372328376322674076591771,0.0878467419558594,0.0871907990932832,0.0839394690014846,0.0832831263126762,0.110447395115004,0.1134230285515326978092745275,0.0887506508362217978092745275,0.0246723777153109,3.7127258578263092401979565841,50.298004327788381079317375207,52.875210187713152801345006266,1519330000
19.20,2,0.0838341898553476604076591771,0.0878430886129643,0.0871878035036574,0.0839364223084044,0.0832807377737951,0.110430053148226,0.1134055926044428794817737369,0.0887332148891319794817737369,0.0246723777153109,3.7120948579266042030143175977,50.2934052529218833452820389,52.870891703605371394947873383,1520122000
19.21,2,0.0838311609025414414076591771,0.0878394502049081,0.0871848218588097,0.0839333896619109,0.0832783622908363,0.110412736407054,0.1133881823542569607482249676,0.0887158046389460607482249676,0.0246723777153109,3.7114647950499346323619893256,50.288799077414872475908309605,52.866567241602788676586861736,1520913000
19.22,2,0.0838281339599630254076591771,0.0878358139743381,0.0871818414033741,0.0839303590280967,0.0832759878318805,0.110395424384705,0.1133707768615295549538616621,0.0886983991462186549538616621,0.0246723777153109,3.7108350683410008272710805708,50.284200903445491696760508325,52.862250431889575109499565729,1521705000
19.23,2,0.0838251000266915114076591771,0.0878321715411808,0.0871788537592596,0.0839273213950645,0.083273605387014,0.110378135331482,0.1133533940730542782884161981,0.0886810163577433782884161981,0.0246723777153109,3.710206190953189654376002413,50.279602601101301554675759973,52.857933798057478365099720327,1522497000
19.24,2,0.0838220791018079494076591771,0.0878285426721358,0.0871758786951429,0.0839242967862834,0.0832712349816843,0.110360861544886,0.1133360269809422528578257787,0.0886636492656313528578257787,0.0246723777153109,3.7095779611409264930165157723,50.275019966757357384316214914,52.853631301451118956295733494,1523289000
19.25,2,0.0838190511660675024076591771,0.0878249074587712,0.0871728963045646,0.083921265158096,0.0832688565742075,0.110343607247068,0.1133186791100464384492382774,0.0886463013947355384492382774,0.0246723777153109,3.7089504788994236154528454092,50.270427895635084809723944842,52.849320895006743996373288396,1524080000
19.26,2,0.0838160362368828184076591771,0.0878212856531179,0.0871699263415224,0.0839182465523254,0.083266490208375,0.110326363789561,0.1133013425065720551880555143,0.0886289647912611551880555143,0.0246723777153109,3.7083235153848955362333568043,50.265853035440916180797988485,52.845026057107469878570534906,1524872000
19.27,2,0.0838130243133406454076591771,0.0878176674042172,0.0871669589570204,0.0839152309558625,0.0832641258730416,0.110309135990456,0.1132840216419508939883596799,0.0886116439266399939883596799,0.0246723777153109,3.7076971977100505543881587593,50.261266292920659622470637305,52.840721230086417517831539575,1525664000
19.28,2,0.0838100153945296654076591771,0.0878140529379163,0.0871639943788635,0.083912218367795,0.0832617635692536,0.110291930343246,0.1132667230136709227902303354,0.0885943452983600227902303354,0.0246723777153109,3.7070717110298409957172441139,50.256692935831541860040959109,52.836428397112953307134215765,1526456000
19.29,2,0.0838070094612126414076591771,0.0878104422351226,0.0871610325899113,0.0839092087688621,0.0832594032797039,0.110274746853014,0.1132494466262131697284078035,0.0885770689109022697284078035,0.0246723777153109,3.7064470544882807803947920281,50.252123816608121272617544113,52.832139547397279437121061017,1527247000
19.30,2,0.0838040065308098184076591771,0.0878068346154776,0.0871580729117532,0.0839062021765053,0.0832570450237831,0.110257565537007,0.1132321724853213084982817987,0.0885597947700104084982817987,0.0246723777153109,3.7058226543077422074509113025,50.247556180748026423465591351,52.827852664661595588632813702,1528039000
19.31,2,0.0838010066024155184076591771,0.0878032308979752,0.087155116165326,0.0839031985898179,0.0832546888025284,0.11024040987406,0.1132149240841784223783504657,0.0885425463688675223783504657,0.0246723777153109,3.7051991825339761702898970574,50.242988386402936539026095565,52.823565839192578012850549769,1528831000
19.32,2,0.0837980086567981834076591771,0.0877996294538076,0.0871521607237597,0.0839001969883254,0.0832523335974044,0.110223262461526,0.1131976839739623032384468819,0.0885253062586514032384468819,0.0246723777153109,3.7045761383106996158558124951,50.238430989054889302489896701,52.819288654958099215341325351,1529623000
19.33,2,0.0837950147991329834076591771,0.0877960329840309,0.0871492092900436,0.0838971994797701,0.0832499815180879,0.110206140252833,0.1131804691921042644462702033,0.0885080914767933644462702033,0.0246723777153109,3.7039540087399798164088823734,50.233866294114289763618777339,52.815005278763767291539628263,1530414000
19.34,2,0.0837920328345835264076591771,0.0877924488737094,0.0871462692511708,0.0838942138788337,0.0832476403811901,0.110189030808879,0.1131632675648842880947482775,0.0884908898495733880947482775,0.0246723777153109,3.7033324440860625301447972546,50.229324463459248343475290506,52.810742352812471721163472184,1531206000
19.35,2,0.0837890438501110744076591771,0.0877888585002624,0.0871433219864834,0.0838912212494138,0.0832452912525332,0.110171943438207,0.1131460877453232810169668490,0.0884737100300123810169668490,0.0246723777153109,3.7027116912553858392162248991,50.224765995017875004446611641,52.806465120604848129704474704,1531998000
19.36,2,0.0837860688631470954076591771,0.0877852821062591,0.08714038774047,0.0838882426345718,0.0832429551770987,0.110154854850351,0.1131289071636642909624462659,0.0884565294483533909624462659,0.0246723777153109,3.7020911026876640426532741076,50.220220557017908711179062945,52.802200000527942402288898616,1532790000
19.37,2,0.0837830858544693514076591771,0.0877816985848435,0.0871374454081882,0.0838852559882339,0.0832406101107278,0.110137792325735,0.1131117523471611386591569360,0.0884393746318502386591569360,0.0246723777153109,3.7014714373483648718817513989,50.215675003861164331483250315,52.797934950962301252707106429,1533581000
19.38,2,0.0837801158231852324076591771,0.0877781287044335,0.0871345157599652,0.083882282335115,0.0832382770800458,0.110120748157921,0.1130946163189450320745816885,0.0884222386036341320745816885,0.0246723777153109,3.7008524943805694090543245356,50.211140333956936041388454108,52.793679735698250336027288377,1534373000
19.39,2,0.0837771387684039894076591771,0.0877745524849832,0.0871315788176595,0.0838793016499341,0.0832359360616772,0.110103723991747,0.1130775000256246125592789036,0.0884051223103137125592789036,0.0246723777153109,3.7002342999182438179924977575,50.206603504570242984153395593,52.789422913613457901661084666,1535165000
19.40,2,0.0837741746892366814076591771,0.0877709896613999,0.0871286543180782,0.0838763339561904,0.0832336070810223,0.110086711213444,0.1130603955474836661748058514,0.0883880178321727661748058514,0.0246723777153109,3.6996166260938615597048684645,50.202079490599720681284656333,52.785177749074000521368238466,1535956000
19.41,2,0.0837712137083261864076591771,0.0877674304247397,0.0871257324541724,0.0838733693644817,0.0832312802505749,0.110069712299595,0.1130433050173331789746450912,0.0883709273020222789746450912,0.0246723777153109,3.6989995330235899599914294981,50.197537974819026322615531654,52.780917653318920255760266914,1536748000
19.42,2,0.0837682545959465464076591771,0.0877638736726235,0.0871228121254531,0.0838704066435825,0.0832289543410008,0.110052730961299,0.1130262321056072350606152315,0.0883538543902963350606152315,0.0246723777153109,3.6983831248732619390263600181,50.193009818055218616433040086,52.776669566959504128278829934,1537540000
19.43,2,0.0837652894381974754076591771,0.0877603115278819,0.0871198854566367,0.0838674378699417,0.083226621430636,0.110035768664992,0.1130091780030044963546282444,0.0883368002876935963546282444,0.0246723777153109,3.6977674347695148226096528644,50.18849252304763605596598572,52.772431276127522352520231765,1538332000
19.44,2,0.0837623362708529464076591771,0.0877567617207976,0.0871169701798868,0.0838644811013273,0.0832242995791303,0.110018815717462,0.1129921336410604718314147447,0.0883197559257495718314147447,0.0246723777153109,3.6971522019355894506058350787,50.183980804261326355324174781,52.768198330982407133612956278,1539123000
19.45,2,0.0837593870563776264076591771,0.0877532167533456,0.0871140587990545,0.0838615282904025,0.0832219807410243,0.110001887989341,0.1129751146191289288295352491,0.0883027369038180288295352491,0.0246723777153109,3.6965378722757147967288539018,50.179468719392595550369074171,52.76396521246549895509758775,1539915000
19.46,2,0.0837564398305490784076591771,0.0877496739613372,0.0871111486518228,0.0838585774705495,0.083219662951573,0.109984965539074,0.1129581009148867966233035315,0.0882857231995758966233035315,0.0246723777153109,3.6959238712082029980303295317,50.174943145962763799121439793,52.759720827839768364498537492,1540707000
19.47,2,0.0837535056603886594076591771,0.0877461451029194,0.0871082514982056,0.0838556397222855,0.0832173572931617,0.109968067577959,0.1129411121383508259832670255,0.0882687344230399259832670255,0.0246723777153109,3.6953107595342997042672320122,50.170446490780207513573007082,52.755501909928990592013041038,1541498000
19.48,2,0.0837505643541360664076591771,0.0877426097028902,0.0871053468648632,0.0838526948292272,0.0832150435512704,0.109951187047216,0.1129241405205289238990904678,0.0882517628052180238990904678,0.0246723777153109,3.6946983137043906200954838221,50.16593899975669706610611856,52.751273803058276075128710448,1542290000
19.49,2,0.0837476260155795784076591771,0.0877390777187924,0.0871024447111961,0.083849752907484,0.0832127318438675,0.109934319229449,0.1129071816944780427965574985,0.0882348039791671427965574985,0.0246723777153109,3.6940864076304160980849618417,50.161447148032392354725937761,52.747059771844919703624363927,1543082000
19.50,2,0.0837447006438484154076591771,0.0877355588795722,0.0870995547680039,0.0838468239683786,0.08321043218413,0.10991745586364,0.1128902277438137324661124835,0.0882178500285028324661124835,0.0246723777153109,3.6934748135403004640356589124,50.156933591191248258345649306,52.742827272171682121061875133,1543874000
19.51,2,0.0837417672197458424076591771,0.0877320329170484,0.0870966567689535,0.0838438869670822,0.0832081235290787,0.109900619557336,0.1128733005550243984573167096,0.0882009228397134984573167096,0.0246723777153109,3.6928641574513811789561724342,50.15245241135118940755518714,52.738623215947054553822949818,1544665000
19.52,2,0.0837388368647491544076591771,0.0877285106517909,0.0870937615364591,0.0838409530386344,0.0832058170155982,0.109883801110884,0.1128563913117585347284069594,0.0881840135964476347284069594,0.0246723777153109,3.6922541858094255686464952479,50.147956569959239219235237989,52.73440658801915495947841848,1545457000
19.53,2,0.0837359203515249544076591771,0.0877250026824144,0.0870908796709745,0.0838380329688386,0.0832035234313324,0.109866994975564,0.1128394948386268801507521284,0.0881671171233159801507521284,0.0246723777153109,3.6916447493660945532808065133,50.143476322387112579941362769,52.730203980744620965087823983,1546249000
19.54,2,0.0837329958016610614076591771,0.0877214873782378,0.0870879895436538,0.0838351048526027,0.0832012208730254,0.109850209391771,0.1128226186161691122085774465,0.0881502409008582122085774465,0.0246723777153109,3.6910360614386874318892150314,50.138994331393331651319959327,52.726000058664440522442988793,1547041000
19.55,2,0.0837300842142956134076591771,0.0877179853371518,0.087085111754218,0.0838321897146725,0.0831989303672544,0.109833431768923,0.1128057507803931222895615972,0.0881333730650822222895615972,0.0246723777153109,3.6904277811645081246458999616,50.134522602556492343936500349,52.72180556876525380824242983,1547832000
19.56,2,0.0837271756738313334076591771,0.0877144871102416,0.0870822368555778,0.0838292776273591,0.0831966419881572,0.109816675990541,0.1127889048766621569622480760,0.0881165271613512569622480760,0.0246723777153109,3.6898202956052543629766678275,50.130041270005910787170427737,52.717602838727625904954680938,1548624000
19.57,2,0.0837242699721225634076591771,0.0877109919910518,0.0870793641430995,0.0838263683822629,0.0831943555291569,0.109799927797746,0.1127720666301946712220362271,0.0880996889148837712220362271,0.0246723777153109,3.6892131948341886078901160266,50.125574068515929276541128513,52.71341293545323524903091086,1549416000
19.58,2,0.0837213562303373984076591771,0.0877074897130943,0.0870764833521115,0.0838234510872857,0.0831920600999731,0.109783205295726,0.1127552537769147180434247540,0.0880828760616038180434247540,0.0246723777153109,3.6886069859637598063303077596,50.12109972595036589743379096,52.709216870361187589792522654,1550207000
19.59,2,0.0837184554292932524076591771,0.0877040008148487,0.087073615022906,0.0838205467488304,0.0831897767088221,0.109766494718181,0.1127384532757570331098197833,0.0880660755604461331098197833,0.0246723777153109,3.688001294410582662953165509,50.116645279148991522659683015,52.705038578104131836001964386,1550999000
19.60,2,0.0837155586713041654076591771,0.087700516484452,0.0870707503454277,0.0838176464583604,0.0831874964489765,0.109749798988914,0.1127216677412744730726543737,0.0880492900259635730726543737,0.0246723777153109,3.6873961940917196655371707138,50.112176306230697873207310106,52.700847857702866684294798951,1551791000
19.61,2,0.0837126637674068944076591771,0.0876970347316553,0.0870678873312314,0.0838147480242432,0.0831852171306082,0.109733123912991,0.1127049029056029961312656630,0.0880325251902920961312656630,0.0246723777153109,3.6867918482364045722780139354,50.107728466357076376965361331,52.69667581798278658875254685,1552583000
19.62,2,0.0837097808016968114076591771,0.0876935652506255,0.0870650356762827,0.0838118615428713,0.0831829488519098,0.109716457795881,0.1126881474197190699061248914,0.0880157697044081699061248914,0.0246723777153109,3.6861879307346928441842925725,50.103271198516052745929271981,52.692495919160789724382413921,1553374000
19.63,2,0.0837068927733260784076591771,0.0876900912413125,0.0870621785823262,0.0838089699926651,0.0831806745930974,0.109699807278409,0.1126714073341512838694309240,0.0879990296188403838694309240,0.0246723777153109,3.6855846139370952394516971868,50.098829098036127115617833299,52.68832957522277790275405455,1554166000
19.64,2,0.0837040057841947934076591771,0.0876866188273466,0.0870593221747825,0.0838060794829656,0.0831784004653032,0.109683172663067,0.1126546831649818041299187799,0.0879823054496709041299187799,0.0246723777153109,3.6849819116439072190888251805,50.094368505404024293611952938,52.684147292968459549224477803,1554958000
19.65,2,0.0837011216278613074076591771,0.0876831499382055,0.0870564683849149,0.0838031918095184,0.0831761282660598,0.109666557748032,0.1126379787754734378453060702,0.0879656010601625378453060702,0.0246723777153109,3.6843799335451005680612511505,50.08993988874120663064825729,52.679993190353034576214371047,1555750000
19.66,2,0.0836982414063341604076591771,0.0876796855567322,0.0870536181973477,0.0838003080756759,0.0831738591005018,0.109649959063046,0.1126212907318467745255366537,0.0879489130165358745255366537,0.0246723777153109,3.6837785802857516938378044214,50.085493082044371780086668698,52.675823396554245227329661005,1556541000
19.67,2,0.0836953732395323984076591771,0.0876762335169754,0.0870507794479068,0.0837974364112591,0.0831716011002285,0.10963336799633,0.1126046107010330950167985663,0.0879322329857221950167985663,0.0246723777153109,3.6831776121566799757582459095,50.081063048322207595693452,52.671668696520059755469683909,1557333000
19.68,2,0.0836924968849924394076591771,0.0876727741135892,0.087047932433019,0.0837945565491194,0.0831693339998651,0.109616800989511,0.1125879544270002040337930014,0.0879155767116893040337930014,0.0246723777153109,3.682577479204971307226870739,50.076626951586590598546059504,52.667508768340795763730811963,1558125000
19.69,2,0.0836896344627412494076591771,0.0876693288883642,0.0870450986962429,0.0837916906362584,0.0831670799481824,0.109600240324971,0.1125713049547824783548316188,0.0878989272394715783548316188,0.0246723777153109,3.6819776947222629872737877072,50.072202067583695881376389759,52.663359080415482076610105897,1558917000
19.70,2,0.0836867650740627174076591771,0.0876658776549183,0.0870422580529609,0.0837888177484747,0.0831648180227443,0.109583707496268,0.1125546830604110692482479350,0.0878823053451001692482479350,0.0246723777153109,3.6813788529136483684688736972,50.067769434475690545968309559,52.659202601669550780646323629,1559708000
19.71,2,0.0836839075137794554076591771,0.0876624384041609,0.0870394284958415,0.0837859567035106,0.0831625670430535,0.109567178497476,0.1125380653805199246935214325,0.0878656876652090246935214325,0.0246723777153109,3.680780283483624344216423828,50.063355252833226392731407423,52.655062747474949462417586003,1560500000
19.72,2,0.0836810529668671144076591771,0.0876590029202167,0.0870366018107651,0.0837830986755921,0.0831603181850926,0.109550670947803,0.1125214692369131013645095943,0.0878490915216022013645095943,0.0246723777153109,3.680182481680945781150849181,50.058931260068756467927703884,52.650914409436193353951654573,1561292000
19.73,2,0.0836781912652227104076591771,0.087655560773461,0.087033767569858,0.0837802334842166,0.0831580612701113,0.109534177890963,0.1125048873136164112446207313,0.0878325095983055112446207313,0.0246723777153109,3.6795852369340340318420266357,50.054523709542055894792626237,52.646780726231321228995633699,1562083000
19.74,2,0.0836753424733774874076591771,0.0876521319615421,0.0870309457725152,0.0837773812183832,0.0831558163888563,0.109517696360299,0.1124883173437487139813797537,0.0878159396284378139813797537,0.0246723777153109,3.6789884833171700164641353539,50.050099518686627036629415836,52.642632761746547973075567908,1562875000
19.75,2,0.0836724957104338044076591771,0.0876487058584376,0.0870281257944568,0.0837745309839256,0.0831535726489048,0.109501234224545,0.1124717668204678939521552991,0.0877993891051569939521552991,0.0246723777153109,3.6783924345091294396730978156,50.045687761791850927451511199,52.638495827240937668836940043,1563667000
19.76,2,0.0836696517539312124076591771,0.0876452831659621,0.0870253083392355,0.0837716835593314,0.0831513308304838,0.109484789274419,0.1124552335603924339993645352,0.0877828558450815339993645352,0.0246723777153109,3.6777970269762783568516977415,50.041294602982954517427041735,52.634375362372437556794239389,1564459000
19.77,2,0.0836668107230786704076591771,0.0876418636966724,0.0870224932211424,0.083768839063955,0.0831490910546828,0.10946835272225,0.1124387087747223862137164986,0.0877663310594114862137164986,0.0246723777153109,3.6772020079536895529655097309,50.036882336459024172328584554,52.630238511718661845598260503,1565250000
19.78,2,0.0836639727183470564076591771,0.0876384480397865,0.0870196810311252,0.0837659975983897,0.083146853423826,0.109451938558599,0.1124222064661197061204497920,0.0877498287508088061204497920,0.0246723777153109,3.676607777603702327044642584,50.032497027405868248950703972,52.626125339734743512703310332,1566042000
19.79,2,0.0836611375178988954076591771,0.0876350356863627,0.0870168712619676,0.0837631589405276,0.0831446177175319,0.109435538573437,0.1124057184118564021678001507,0.0877333406965455021678001507,0.0246723777153109,3.6760140993781421400976937048,50.028094304490283351595183609,52.621997139892193869690676706,1566834000
19.80,2,0.0836583053233993064076591771,0.0876316268657601,0.0870140641447502,0.0837603232922797,0.083142384139434,0.109419153549194,0.1123892454019489534869182714,0.0877168676866380534869182714,0.0246723777153109,3.6754209949249573446945399694,50.023713249189437056377794737,52.617888126994750655557473253,1567625000
19.81,2,0.0836554749500800964076591771,0.087628220105094,0.0870112582083052,0.0837574894674331,0.0831401515050375,0.109402775297304,0.1123727792014781738876894146,0.0877004014861672738876894146,0.0246723777153109,3.674828227346714239865290182,50.019314114147419395115401861,52.613763644318325656378077831,1568417000
19.82,2,0.0836526575991999254076591771,0.0876248272815895,0.0870084653315709,0.0837546686809058,0.0831379310309745,0.109386422587947,0.1123563389837573743299344393,0.0876839612684464743299344393,0.0246723777153109,3.6742363449340107190142394614,50.014944407525358072270658479,52.609664917937151705172397709,1569209000
19.83,2,0.0836498330497475164076591771,0.0876214277206688,0.0870056648416781,0.0837518406870279,0.0831357024732849,0.109370083492136,0.1123399121055941913238106741,0.0876675343902832913238106741,0.0246723777153109,3.6736449845017177290854510069,50.01055442033322610068084295,52.605548652600613817211161263,1570001000
19.84,2,0.0836470104018963304076591771,0.0876180306352268,0.0870028659532266,0.0837490145970702,0.0831334749449452,0.10935376076091,0.1123235016379366684302738601,0.0876511239226257684302738601,0.0246723777153109,3.6730542330416309747348473011,50.006189264751464870678843471,52.601454302105247692453714477,1570792000
19.85,2,0.0836442007554138554076591771,0.0876146467353279,0.087000079377981,0.0837462015243358,0.08313125956096,0.109337442652974,0.1123070962204782432544274921,0.0876347185051673432544274921,0.0246723777153109,3.6724637641205809437409097842,50.001802575006792104878980568,52.597341472954074707215635627,1571584000
19.86,2,0.0836413849082329634076591771,0.0876112573888587,0.0869972864855244,0.0837433822433415,0.0831290370975434,0.109321146495749,0.1122907125198906692011010422,0.0876183348045797692011010422,0.0246723777153109,3.6718740542191759619036312961,49.997439823661663373058474811,52.593249660525028592546676857,1572376000
19.87,2,0.0836385800789292004076591771,0.0876078798042595,0.0869945044859893,0.0837405739936602,0.0831268247959617,0.109304871096728,0.1122743499450194094467517767,0.0876019722297085094467517767,0.0246723777153109,3.671285085417719355023004677,49.993071649722672437316121553,52.589153149888766845425251018,1573168000
19.88,2,0.0836357790475170194076591771,0.0876045060310715,0.086991725430605,0.0837377695465019,0.0831246154291139,0.109288595916146,0.1122579876912029665799162298,0.0875856099758920665799162298,0.0246723777153109,3.6706962607221925841076273276,49.988705291324386948691673984,52.585058699269857537878042001,1573959000
19.89,2,0.0836329710138419814076591771,0.0876011262485724,0.0869889395003332,0.0837349580885417,0.0831223981853603,0.109272349567106,0.1122416540114359548092317259,0.0875692762961250548092317259,0.0246723777153109,3.6701083885369054073531898098,49.984338813702196238472304863,52.580964036737626773705187987,1574751000
19.90,2,0.0836301747766543954076591771,0.0875977586949563,0.086986164935048,0.0837321584414543,0.0831201918880564,0.109256115012323,0.1122253325153732565579930986,0.0875529548000623565579930986,0.0246723777153109,3.669520998328689718163987241,49.979977142917724872919369961,52.576873805797321546257253998,1575543000
19.91,2,0.0836273815353988314076591771,0.087594394876941,0.086983393243143,0.0837293617939524,0.0831179877275919,0.109239901512012,0.1122090321612352915833974801,0.0875366544459243915833974801,0.0246723777153109,3.6689343457472970043185010653,49.97563917148514187557392875,52.572804373265171466444379046,1576335000
19.92,2,0.0836245901075602164076591771,0.0875910328688294,0.0869806225005928,0.0837265669620788,0.0831157845216823,0.109223687846127,0.1121927316747571426643861111,0.0875203539594462426643861111,0.0246723777153109,3.6683478203455574296382355211,49.971292730880781043458257279,52.568727981986941414898611095,1577126000
19.93,2,0.0836218026555277864076591771,0.0875876757794558,0.0869778558178997,0.0837237761108597,0.0831135844370227,0.109207501003951,0.1121764581373342491581086961,0.0875040804220233491581086961,0.0246723777153109,3.6677621969639324551317880102,49.966942634119729013350945697,52.56464829494838665199259655,1577918000
19.94,2,0.0836190169971920894076591771,0.0875843209517717,0.0869750905396787,0.0837209870555247,0.0831113852905073,0.109191327499282,0.1121601979783100529761199092,0.0874878202629991529761199092,0.0246723777153109,3.6671770858474024601389194504,49.962593729146388509951852603,52.560569830446115031613578694,1578710000
19.95,2,0.0836162343311993044076591771,0.0875809695234561,0.0869723278052685,0.0837182009961816,0.0831091882839047,0.109175165523389,0.1121439494298153173123790554,0.0874715717145044173123790554,0.0246723777153109,3.6665924353658462577542728453,49.958257057031250137320641296,52.556502294152248743046133629,1579502000
19.96,2,0.0836134544391888254076591771,0.0875776214022053,0.0869695675240211,0.0837154177142036,0.0831069932002446,0.109159018697452,0.1121277161076621623719500319,0.0874553383923512623719500319,0.0246723777153109,3.6660083481203128216917954342,49.953917449217233476831957979,52.55243231766428600155209049,1580293000
19.97,2,0.0836106765560649754076591771,0.0875742761515867,0.0869668092611556,0.083712636443562,0.0831047992751511,0.10914289647318,0.1121115074426276295357547897,0.0874391297273167295357547897,0.0246723777153109,3.6654250932982778566074096977,49.949597137249747431940447291,52.548379184730485257440868988,1581085000
19.98,2,0.0836079014455425404076591771,0.0875709336875866,0.0869640529343058,0.0837098579489029,0.0831026072749189,0.10912677453473,0.1120952991308070711316404715,0.0874229214154961711316404715,0.0246723777153109,3.6648419736598022826752947951,49.945256426817315448568043214,52.544308603272038624976390522,1581877000
19.99,2,0.0836051293238018684076591771,0.0875675950013801,0.0869612995362906,0.0837070824466703,0.0831004174176367,0.109110675063666,0.1120791133749013284936088538,0.0874067356595904284936088538,0.0246723777153109,3.6642596242810425609040481295,49.940935725573281659719213505,52.54025552443479305611114063,1582668000
20.00,2,0.0836023689916152284076591771,0.087564268627744,0.0869585576035266,0.0837043187483686,0.0830982385164496,0.109094589981684,0.1120629423994426483942351508,0.0873905646841317483942351508,0.0246723777153109,3.663677821426890449489360259,49.936611799799917031876203921,52.536199743361947539284545425,1583460000
20.01,2,0.0835996026464401704076591771,0.0875609366272517,0.0869558091982229,0.0837015490297458,0.0830960527487425,0.109078516301678,0.1120467825931270262731867401,0.0873744048778161262731867401,0.0246723777153109,3.6630964606567388418355263064,49.932297487963954657342307388,52.532152578895747379053321262,1584252000
20.02,2,0.0835968481699950384076591771,0.0875576172316246,0.0869530725537324,0.0836987911943265,0.0830938780196725,0.109062463109412,0.1120306436725157294902167537,0.0873582659572048294902167537,0.0246723777153109,3.6625158193451970637425391089,49.92797747712904175671871342,52.528100410625565620374425684,1585044000
20.03,2,0.0835940864627241824076591771,0.0875542908411135,0.0869503280719343,0.0836960261192636,0.0830916952080218,0.109046417081929,0.1120145116388062840016066910,0.0873421339234953840016066910,0.0246723777153109,3.6619354954717570353845778305,49.92366846838724686964322185,52.524058153712235616517252998,1585835000
20.04,2,0.0835913367398226074076591771,0.0875509773359241,0.0869475956346579,0.0836932730431846,0.0830895235540424,0.109030396255761,0.1119984052114064911290396005,0.0873260274960955911290396005,0.0246723777153109,3.6613560243235716233960535492,49.919359538532238553734968774,52.520015850970769125500466662,1586627000
20.05,2,0.0835885808030621564076591771,0.0875476578248484,0.0869448563523153,0.0836905137456691,0.0830873448389351,0.109014381740043,0.1119823048517236741747469757,0.0873099271364127741747469757,0.0246723777153109,3.660776845176825153576959107,49.915040777558725765512065221,52.51596521085694476640294186,1587419000
20.06,2,0.0835858358305901794076591771,0.0875443500568268,0.0869421279754631,0.0836877654258126,0.0830851762634126,0.108998388980002,0.1119662266150618680538936206,0.0872938488997509680538936206,0.0246723777153109,3.6601984169977395461014736633,49.910748555654694288843682342,52.511937774480514237665136894,1588210000
20.07,2,0.0835830946429040054076591771,0.0875410462110233,0.0869394026848775,0.0836850208953573,0.0830830106408302,0.108982399986392,0.1119501522502447926491541571,0.0872777745349338926491541571,0.0246723777153109,3.6596202159442621267695900603,49.906445342891037240990407761,52.507901020152867964601471702,1589002000
20.08,2,0.0835803454177600774076591771,0.087537734928418,0.0869366691231469,0.0836822683176429,0.083080836136137,0.108966428643589,0.1119340952368230285343801241,0.0872617175215121285343801241,0.0246723777153109,3.6590426271926937622157193756,49.902150349624960710876553746,52.503871503812718369207766965,1589794000
20.09,2,0.0835776090559080654076591771,0.0875344374581468,0.0869339485410119,0.0836795286189067,0.0830786736771758,0.108950483832883,0.1119180651923178082146748821,0.0872456874770069082146748821,0.0246723777153109,3.6584659252803572106355521735,49.897858669810655887916795179,52.499844725565620394644442641,1590586000
20.10,2,0.0835748754768194244076591771,0.0875311428019664,0.0869312299418298,0.0836767917063273,0.0830765131727269,0.108934539802491,0.1119020359968556485429630588,0.0872296582815447485429630588,0.0246723777153109,3.6578893609436455541817562114,49.893575863464691953725864553,52.495826085807113006388841926,1591378000
20.11,2,0.0835721448393386934076591771,0.0875278516791334,0.0869285140464536,0.083674057738943,0.0830743547834262,0.108918612592134,0.1118860237055427688169884211,0.0872136459902318688169884211,0.0246723777153109,3.6573133931430879299059516917,49.889278924131418378409219589,52.491795090111485806637355857,1592169000
20.12,2,0.0835694160994980614076591771,0.087524563031183,0.0869257997980122,0.0836713256715129,0.0830721974656269,0.108902701841326,0.1118700279212299166244616560,0.0871976502059190166244616560,0.0246723777153109,3.6567380095168454199608063729,49.885006700860544668175077501,52.487785789458257211710006861,1592961000
20.13,2,0.0835666901037553684076591771,0.0875212777680687,0.0869230881080476,0.083668596351527,0.083070042068409,0.108886809323931,0.1118540504485121053972487888,0.0871816727332012053972487888,0.0246723777153109,3.6561632607783817557721267771,49.880720095437961912833673287,52.48376387631414375296144301,1593753000
20.14,2,0.0835639670653568904076591771,0.0875179958877239,0.0869203789760786,0.0836658699924918,0.0830678888068652,0.108870928862964,0.1118380851141507649324643185,0.0871657073988398649324643185,0.0246723777153109,3.6555889690930622363700217062,49.876452811250377436703414223,52.479759010540434284263038191,1594544000
20.15,2,0.0835612458063788254076591771,0.0875147163502365,0.086917671363775,0.0836631454150469,0.0830657365032178,0.108855064472235,0.1118221358932734863993000447,0.0871497581779625863993000447,0.0246723777153109,3.6550152473555543763028566373,49.872175322853852201124006448,52.47574522929177506128541063,1595336000
20.16,2,0.0835585375030256254076591771,0.0875114502001486,0.0869149763172566,0.0836604338090256,0.0830635963488789,0.108839211795771,0.1118061988180645609968692140,0.0871338211027536609968692140,0.0246723777153109,3.6544419809119344746007403724,49.867910274201294974048598593,52.471742455231473008548064935,1596128000
20.17,2,0.0835558210568418714076591771,0.0875081764789289,0.0869122728795657,0.083657714050244,0.0830614472212392,0.10882337594591,0.1117902782663602644796155180,0.0871179005510493644796155180,0.0246723777153109,3.6538692941936154514378520721,49.863641089796886938604755339,52.467736066647743101207241624,1596920000
20.18,2,0.0835531083514337264076591771,0.0875049069576374,0.0869095728233327,0.0836549980367998,0.0830593010199676,0.108807553077036,0.1117743708057465574313179795,0.0871019930904356574313179795,0.0246723777153109,3.6532970878848030382399982582,49.859373949011970998778816049,52.463731544949242881986991236,1597711000
20.19,2,0.0835503976174117034076591771,0.0875016400608286,0.0869068745746786,0.0836522839971457,0.0830571559750844,0.108791748835631,0.1117584820243384933681708131,0.0870861043090275933681708131,0.0246723777153109,3.6527255210888316960157763295,49.855123924380035351229470057,52.45974198258215155045279447,1598503000
20.20,2,0.0835476987382882364076591771,0.0874983852536925,0.0869041876003558,0.0836495818268467,0.0830550219837181,0.108775950724588,0.1117425997630265197108117615,0.0870702220477156197108117615,0.0246723777153109,3.652154244488524804104947206,49.85085571407844714758163552,52.455736681073487914149383118,1599295000
20.21,2,0.0835449936162911654076591771,0.0874951247179716,0.0869014940836662,0.0836468734060612,0.0830528809275871,0.108760167696376,0.1117267323470325298290114804,0.0870543546317216298290114804,0.0246723777153109,3.6515834955995332023720379299,49.846613203369842799623565097,52.451753931896418582990866548,1600086000
20.22,2,0.0835423004264729734076591771,0.0874918768957847,0.0868988124682836,0.0836441769320053,0.0830507510054636,0.108744406446404,0.1117108871113603856397062376,0.0870385093960494856397062376,0.0246723777153109,3.6510134835698736490127390613,49.84235464848998321189753856,52.447756991004215151315704479,1600878000
20.23,2,0.0835396001076237234076591771,0.0874886223059328,0.0868961232745605,0.0836414733202249,0.0830486131344459,0.108728655946446,0.1116950523546744268623768594,0.0870226746393635268623768594,0.0246723777153109,3.6504438721966212261797183609,49.838116388732462496502313653,52.44377794573454291500639846,1601670000
20.24,2,0.0835369116223384224076591771,0.0874853799356243,0.086893445491253,0.083638781556439,0.0830464863018018,0.108712915907705,0.1116792284510495012806412999,0.0870068507357386012806412999,0.0246723777153109,3.6498746712118470709245960278,49.833868817378382891750158765,52.439790832129992259123853234,1602462000
20.25,2,0.0835342258915624874076591771,0.0874821410996699,0.0868907704347162,0.0836360925505214,0.0830443614189503,0.108697198084671,0.1116634268447619512781905537,0.0869910491294510512781905537,0.0246723777153109,3.6493062074855686977957375437,49.829638520736971115288495653,52.435818716131187843082944258,1603253000
20.26,2,0.0835315330895860914076591771,0.0874788954754942,0.0868880877839148,0.0836333964647803,0.0830422286497408,0.108681488763755,0.1116476334703769603867075470,0.0869752557550660603867075470,0.0246723777153109,3.6487380770883733790533676696,49.825395917389133541031676351,52.431835950395889167382784092,1604045000
20.27,2,0.0835288521555896374076591771,0.0874756623971992,0.0868854168744878,0.0836307122614917,0.083040106957987,0.108665798261627,0.1116318593130844561869554150,0.0869594815977735561869554150,0.0246723777153109,3.6481705937384230616415496031,49.821174130064268911628412204,52.427871340602290770775321108,1604837000
20.28,2,0.0835261739558260324076591771,0.0874724322980966,0.08688274814128,0.0836280307957702,0.0830379872003377,0.108650114658996,0.1116160921270341864837261726,0.0869437144117232864837261726,0.0246723777153109,3.6476034056335716121946944284,49.816934488803076984765393406,52.423891234521860551851473869,1605629000
20.29,2,0.0835234987006722134076591771,0.0874692057695548,0.0868800821771891,0.0836253522782494,0.0830358695889566,0.108634448854951,0.1116003428253689920552121325,0.0869279651100580920552121325,0.0246723777153109,3.6470368244279667889084927045,49.812698091887776594813003847,52.419913898785935636344133633,1606420000
20.30,2,0.0835208262746164824076591771,0.0874659829096266,0.0868774190817938,0.0836226765932766,0.083033754009718,0.108618806971184,0.1115846175295259312787669214,0.0869122398142150312787669214,0.0246723777153109,3.6464710245035045119571235928,49.808484806171324109448814502,52.415956619475583403092736139,1607212000
20.31,2,0.0835181456952474884076591771,0.0874627518765625,0.0868747470148668,0.0836199927450479,0.0830316294683411,0.108603164974862,0.1115688918080944902197509467,0.0868965140927835902197509467,0.0246723777153109,3.6459053049674502155793004519,49.804255237558673177196591506,52.411985357962393643005214618,1608004000
20.32,2,0.0835154868475316334076591771,0.0874595433962726,0.0868720967038368,0.0836173306549732,0.0830295258877551,0.108587545381525,0.1115531892352708396728233283,0.0868808115199599396728233283,0.0246723777153109,3.6453403401864130903664115624,49.800049272711925051785172297,52.408034593377868923667165207,1608796000
20.33,2,0.0835128209410914034076591771,0.0874563281121065,0.086869438793568,0.0836146614975664,0.0830274144439898,0.108571933483709,0.1115374940880703958553847053,0.0868651163727594958553847053,0.0246723777153109,3.6447756787457132184711246862,49.795831554164730470365090203,52.404073646698000128214741875,1609587000
20.34,2,0.0835101578608013524076591771,0.0874531163722279,0.0868667836337359,0.083611995169756,0.0830253050354861,0.108556342030303,0.1115218194688146627202944299,0.0868494417535037627202944299,0.0246723777153109,3.6442116950148273045493623036,49.791627551167408389830679841,52.400124572888109564509140583,1610379000
20.35,2,0.0835075076242559474076591771,0.0874499178639884,0.0868641409131998,0.0836093417013528,0.0830232076935634,0.108540761039432,0.1115061557398456366109795191,0.0868337780245347366109795191,0.0246723777153109,3.6436481119108332687753035757,49.787414292476723523299536743,52.396167426149269293141393352,1611171000
20.36,2,0.0835048492123955414076591771,0.0874467118630876,0.0868614899091632,0.0836066800476651,0.0830211013750351,0.108525200053184,0.1114905117142236561987174821,0.0868181339989127561987174821,0.0246723777153109,3.6430851809249440045532436209,49.783222137146508066912850355,52.392228636961643454425369421,1611962000
20.37,2,0.0835021935289932444076591771,0.0874435086697876,0.086858840923389,0.0836040211257627,0.0830189969984726,0.108509641217888,0.1114748699086795782252600231,0.0868024921933686782252600231,0.0246723777153109,3.6425224002140172433089889616,49.779009862204132139573424558,52.388272418436908810318922052,1612754000
20.38,2,0.0834995407827346934076591771,0.0874403091624356,0.0868561948357215,0.0836013651445858,0.083016894774314,0.108494103699154,0.1114592495078538655892861627,0.0867868717925429655892861627,0.0246723777153109,3.6419603183931684995909050769,49.774810224604863382996998454,52.384327090890001355262761413,1613546000
20.39,2,0.0834968998589740214076591771,0.0874371221089636,0.086853560415586,0.0835987210003239,0.0830148036002431,0.108478583668832,0.1114436469919784356529933484,0.0867712692766675356529933484,0.0246723777153109,3.6413988336440930724291007691,49.770621248731133878687477779,52.380390989965048127530748408,1614338000
20.40,2,0.0834942517569851084076591771,0.0874339280736585,0.0868509182287595,0.0835960696690802,0.0830127044538541,0.108463069666059,0.1114280502289261770070012660,0.0867556725136152770070012660,0.0246723777153109,3.6408375974225828552278711575,49.766421573986882620540676182,52.376445631970232170189870151,1615129000
20.41,2,0.0834916054943710304076591771,0.087430736717864,0.0868482779380722,0.0835934201794543,0.083010606365234,0.108447579652603,0.1114124775067521070501054071,0.0867400997914412070501054071,0.0246723777153109,3.6402771326584551737872090823,49.762244977143525890469001522,52.372520250995371502924220962,1615921000
20.42,2,0.0834889719570524724076591771,0.0874275582949596,0.0868456497983865,0.083590783430642,0.0830085202350624,0.108432094944414,0.1113969105106766221572179796,0.0867245327953657221572179796,0.0246723777153109,3.6397169136875649482812937039,49.758050797684059950206756558,52.368579568253852287610306549,1616713000
20.43,2,0.0834863413161295464076591771,0.0874243835178025,0.0868430245240389,0.0835881495817573,0.0830064362239335,0.108416631570341,0.1113813649357191049457434337,0.0867089872204082049457434337,0.0246723777153109,3.639157389154721910135931544,49.753883545150298334180926365,52.364662282084425578114487376,1617505000
20.44,2,0.0834837025124157464076591771,0.0874212010467587,0.0868403907768716,0.0835855075601275,0.0830043432606516,0.108401182078834,0.1113658329391752616832030132,0.0866934552238643616832030132,0.0246723777153109,3.6385983333986371147339063229,49.749703251245821951112881443,52.360733504720619229099881036,1618296000
20.45,2,0.0834810765268642444076591771,0.0874180316320363,0.0868377693085645,0.0835828783722913,0.0830022623532284,0.108385738762826,0.1113503075428926804854077974,0.0866779298275817804854077974,0.0246723777153109,3.6380395455255942935010245611,49.745526568044497279434017567,52.356807975366885159402173398,1619088000
20.46,2,0.0834784533587574424076591771,0.0874148656323989,0.0868351504793508,0.0835802520053356,0.083000183490221,0.108370312440466,0.1113347992220098986151420705,0.0866624215066989986151420705,0.0246723777153109,3.6374813246418493666114654172,49.741353113031797565071554561,52.352885138523637407591848116,1619880000
20.47,2,0.0834758320073791194076591771,0.0874117020466304,0.0868325332894796,0.0835776274573237,0.0829981056711589,0.10835490314983,0.1113193079796881960399581227,0.0866469302643772960399581227,0.0246723777153109,3.6369236698535896330953376941,49.737176549807010504159874624,52.348959433180031958008296619,1620671000
20.48,2,0.0834732133775435154076591771,0.0874085415991114,0.0868299184647935,0.0835750056341734,0.0829960298034228,0.108339505676507,0.1113038286300250416291566835,0.0866314509147141416291566835,0.0246723777153109,3.6363664316113030398967045918,49.733023387358049432308569211,52.34505420591250389071682748,1621463000
20.49,2,0.0834705966575715104076591771,0.0874053833075875,0.0868273050244967,0.0835723857232157,0.0829939550758032,0.108324115178341,0.1112883562995836068246377045,0.0866159785842727068246377045,0.0246723777153109,3.6358094693169318860456749094,49.728851351826303977914383981,52.341132483828428554317316953,1622255000
20.50,2,0.0834679727521876044076591771,0.0874022186822726,0.0868246844802584,0.0835697586180837,0.0829918723833893,0.1083087494708,0.1112729084967408179050643143,0.0866005307814299179050643143,0.0246723777153109,3.6352532835641500381766597293,49.724702686147984662080220216,52.33723094354734691911638388,1623047000
20.51,2,0.0834653716423533904076591771,0.0873990773701342,0.0868220864804974,0.0835671543362998,0.0829898117451558,0.108293397418569,0.1112574751276820359065034331,0.0865850974123711359065034331,0.0246723777153109,3.6346975842021104164638382109,49.720540493167796232943262125,52.333317433341289616916377659,1623838000
20.52,2,0.0834627623640151834076591771,0.087395927919611,0.0868194795751012,0.0835645418760506,0.0829877421607388,0.108278046683644,0.1112420427643230190510824045,0.0865696650490121190510824045,0.0246723777153109,3.6341419855601808058727849553,49.716393826500633287705482539,52.329417702042083398151142479,1624630000
20.53,2,0.0834601558798095674076591771,0.0873927822721674,0.0868168757069787,0.0835619322133414,0.0829856746075892,0.108262724721516,0.1112266392622332274869939762,0.0865542615469223274869939762,0.0246723777153109,3.6335872846572632082465156028,49.712244043441357656798790341,52.325514823179273573424352517,1625422000
20.54,2,0.0834575512073578714076591771,0.0873896386689078,0.0868142731186758,0.0835593243645955,0.0829836081035726,0.108247409347074,0.1112112423884816700381433798,0.0865388646731707700381433798,0.0246723777153109,3.6330328435824378141764184336,49.708104695430135927974310734,52.32162113350824821067259759,1626214000
20.55,2,0.0834549493459549844076591771,0.0873864983083747,0.0868116730101732,0.0835567193303263,0.0829815436506415,0.108232106213616,0.1111958578348011195440903696,0.0865234801194902195440903696,0.0246723777153109,3.6324788244074781114409748867,49.703952570944494875553604602,52.317716155745710177830235785,1627005000
20.56,2,0.0834523601828339794076591771,0.0873833711148185,0.086809085307156,0.0835541270098241,0.0829794911495216,0.108216815863066,0.1111804864891872439646882202,0.0865081087738763439646882202,0.0246723777153109,3.6319252515872093990702937667,49.699802518436335658039214566,52.313812887801989317794586775,1627797000
20.57,2,0.0834497629415102694076591771,0.0873802364494664,0.0868064893722825,0.0835515266012681,0.0829774297998244,0.108201543327551,0.1111651326604673268807563308,0.0864927549451564268807563308,0.0246723777153109,3.6313722475760740028643679102,49.695676501890668342176216839,52.309930497940350288775049167,1628589000
20.58,2,0.0834471684724726464076591771,0.0873771050043599,0.0868038958990226,0.0835489289683789,0.0829753704666994,0.108186283501152,0.1111497916190308751123252482,0.0864774139037199751123252482,0.0246723777153109,3.6308196758963624373715627998,49.691538045157017167348412378,52.306037090227674849108604786,1629380000
20.59,2,0.0834445858300048184076591771,0.087373985913665,0.0868013140229664,0.0835463431764815,0.0829733222168969,0.108171038196926,0.1111344654956575558096514110,0.0864620877803466558096514110,0.0246723777153109,3.6302675966060289748521031955,49.687414837394368505243214625,52.302156898836577659772249976,1630172000
20.60,2,0.0834419959767530034076591771,0.0873708602819097,0.0867987248500637,0.0835437501650069,0.0829712659912702,0.108155812475295,0.1111191586882932585554871013,0.0864467809729823585554871013,0.0246723777153109,3.6297161347125773735016796572,49.683283930011275054592431296,52.298269702213174601451017108,1630964000
20.61,2,0.0834394189120202904076591771,0.0873677475727201,0.086796147845358,0.0835411699576464,0.0829692218149293,0.108140589948516,0.1111038554984996403541111358,0.0864314777831887403541111358,0.0246723777153109,3.6291648395045271478686576669,49.679168087099706730020075055,52.294395783890536580296198849,1631756000
20.62,2,0.0834368336534389174076591771,0.0873646272011782,0.0867935624253463,0.0835385815464453,0.082967168681335,0.108125383097428,0.1110885676811571430750515387,0.0864161899658462430750515387,0.0246723777153109,3.6286140467500191645874483033,49.67504171164728875043174756,52.290512447154866965443682293,1632547000
20.63,2,0.0834342611819869254076591771,0.087361520161643,0.0867909895857986,0.0835360059379669,0.0829651275984627,0.10811019120582,0.1110732952532333690140066279,0.0864009175379224690140066279,0.0246723777153109,3.6280637559507641550838580877,49.670909831669086545673540971,52.286624096079787277162364208,1633339000
20.64,2,0.0834316805152992634076591771,0.087358405352756,0.0867884082267646,0.0835334221242591,0.0829630775597692,0.108095011965533,0.1110580351715981699863472513,0.0863856574562872699863472513,0.0246723777153109,3.627513878943155633906252501,49.66680733475881928474171247,52.282761387098187365874979585,1634131000
20.65,2,0.0834291126526844304076591771,0.0873553040303632,0.0867858396054951,0.0835308511302381,0.0829610395915764,0.108079851622491,0.1110427944202386633788494544,0.0863704167049277633788494544,0.0246723777153109,3.6269646148193099000847403428,49.662690298044711483925715532,52.278885648068586674653646543,1634923000
20.66,2,0.0834265465567967124076591771,0.0873522048913669,0.0867832724202935,0.0835282819050987,0.0829590026444812,0.108064703144821,0.1110275655771396918115020404,0.0863551878618287918115020404,0.0246723777153109,3.6264157499697882794193144552,49.658593145294861983098351768,52.275027219601625116185276862,1635714000
20.67,2,0.0834239832636028744076591771,0.0873491086991297,0.0867807074359207,0.083525715486071,0.0829569677571126,0.108049558671835,0.1110123408130940115365188856,0.0863399630977831115365188856,0.0246723777153109,3.625867059119956665314269958,49.654478433600094026419286404,52.271153417896419218924955146,1636506000
20.68,2,0.0834214227540876484076591771,0.0873460161793631,0.086778145379483,0.0835231518541165,0.0829549349118278,0.108034439530665,0.1109971414676161276463722943,0.0863247637523052276463722943,0.0246723777153109,3.6253191526175174103394837292,49.650386514748957200130288142,52.267299189404637523222605522,1637298000
20.69,2,0.0834188640458926714076591771,0.087342925649746,0.0867755845700509,0.0835205900256789,0.0829529031264631,0.108019325728424,0.1109819475013353263201812631,0.0863095697860244263201812631,0.0246723777153109,3.6247714553924179755035531733,49.646276840302048675766444401,52.26342937796585995107999801,1638090000
20.70,2,0.0834162971200053474076591771,0.0873398277555595,0.0867730156542939,0.0835180199695277,0.0829508623711773,0.108004236812915,0.1109667781237181573357677608,0.0862944004084072573357677608,0.0246723777153109,3.6242245167709630922322848091,49.642183203074144805845804295,52.259573221691007215478550071,1638881000
20.71,2,0.0834137539757421954076591771,0.087336753768797,0.0867704699055904,0.0835154737240015,0.0829488446856946,0.107989150279604,0.1109516119353675198988836218,0.0862792342200566198988836218,0.0246723777153109,3.623677722721215653929973756,49.638097381866858404871620409,52.255723947524887524348660816,1639673000
20.72,2,0.0834112026124210454076591771,0.0873336722332858,0.0867679158691496,0.0835129192493945,0.0829468180316921,0.107974083397904,0.1109364650974179664869076819,0.0862640873821070664869076819,0.0246723777153109,3.6231315352412200131664968962,49.633997065023308470962622759,52.251861645245208200460764914,1640465000
20.73,2,0.0834086530293610384076591771,0.0873305927890662,0.0867653631863906,0.0835103665572196,0.0829447924220622,0.107959025355425,0.1109213271405488054590685162,0.0862489494252379054590685162,0.0246723777153109,3.6225856534226716577203356698,49.629923563873034413110673922,52.248022763402967650884144185,1641256000
20.74,2,0.0834060962442104404076591771,0.0873275066766574,0.086762803099208,0.0835078066541714,0.0829427588648758,0.107943983004967,0.1109062046077292604804856126,0.0862338268924183604804856126,0.0246723777153109,3.6220402637234462922474125566,49.625830425194699734796795073,52.244166414040939442953835397,1642048000
20.75,2,0.0834035612196354694076591771,0.0873244427248423,0.0867602644377567,0.083505268538235,0.082940746359491,0.107928950994992,0.1108910931568416029112146815,0.0862187154415307029112146815,0.0246723777153109,3.6214952407666744045262089978,49.621759957886949352787676291,52.24032979484978553607961742,1642840000
20.76,2,0.0834010189916147704076591771,0.0873213722255202,0.0867577184953052,0.0835027232100685,0.0829387259079358,0.107913938171701,0.1108760006268475471555129577,0.0862036229115366471555129577,0.0246723777153109,3.6209508081377031851481132724,49.617679268092460285559047506,52.236483884113434499004906994,1643632000
20.77,2,0.0833984795228171904076591771,0.087318304675627,0.0867551747701553,0.08350018064449,0.0829367074863949,0.107898930676182,0.1108609134987612519763225346,0.0861885357834503519763225346,0.0246723777153109,3.6204065775617442303303273442,49.613609098053160655624163932,52.232647152160915382774376012,1644423000
20.78,2,0.0833959518492239824076591771,0.087315249604033,0.0867526427925397,0.0834976498884996,0.0829347001432319,0.107883942149423,0.1108458457378633855125926538,0.0861734680225524855125926538,0.0246723777153109,3.6198629481302647574341235303,49.609531342545058200976041765,52.2288034222248840823123713,1645215000
20.79,2,0.0833934159335065984076591771,0.0873121865192392,0.0867501020723194,0.083495110880334,0.0829326838180441,0.107868960635537,0.1108307846804543495359827054,0.0861584069651434495359827054,0.0246723777153109,3.6193195560706066063240288734,49.605456656312784146008347834,52.224962298318150909303003992,1646007000
20.80,2,0.0833908838116488904076591771,0.0873091280445428,0.0867475652341474,0.0834925756706546,0.0829306705628497,0.107854002322275,0.1108157469450172171774185502,0.0861433692297063171774185502,0.0246723777153109,3.6187768764829013183182928924,49.60139859018011953538974073,52.221135318583613220703857876,1646798000
20.81,2,0.0833883634463248964076591771,0.0873060815676994,0.0867450396671328,0.0834900522318456,0.0829286683513871,0.107839050328863,0.1108007159189375151026351821,0.0861283382036266151026351821,0.0246723777153109,3.6182344324664070036986517485,49.597329488019332201439218054,52.217298560794390832682425534,1647590000
20.82,2,0.0833858448551932804076591771,0.0873030374818601,0.0867425157657765,0.0834875305693925,0.0829266671904925,0.107824115930994,0.1107857025358135523627087006,0.0861133248205026523627087006,0.0246723777153109,3.6176925362612917446177732036,49.593278596857761261142731045,52.213477450850481942668720517,1648382000
20.83,2,0.0833833180375862134076591771,0.087299985597283,0.0867399833416837,0.0834850006704321,0.0829246570686506,0.107809194238255,0.1107707015526404767170059021,0.0860983238373295767170059021,0.0246723777153109,3.6171510366821652992713478148,49.589221955323815085530244903,52.209651071594338768693604384,1649174000
20.84,2,0.0833808049928371544076591771,0.0872969479428059,0.0867374644250362,0.0834824845611251,0.0829226600133668,0.107794284942794,0.1107557134305956423189288930,0.0860833357152847423189288930,0.0246723777153109,3.6166099459564089666894843873,49.585181189468520966002186813,52.205838381024747241440010978,1649965000
20.85,2,0.0833782937202808414076591771,0.0872939122801609,0.0867349467789062,0.083479970226172,0.0829206640106828,0.107779381869308,0.1107407315710771763433585981,0.0860683538557662763433585981,0.0246723777153109,3.6160690740636528290248506767,49.581115338705463877436545223,52.202003575619536961196186821,1650757000
20.86,2,0.0833757742009255164076591771,0.0872908691962003,0.086732420991484,0.0834774476343632,0.0829186590307275,0.10776450289183,0.1107257735087599979194779925,0.0860533957934490979194779925,0.0246723777153109,3.6155289223509470233290668868,49.577066085159682379047399898,52.198182854731788365120863775,1651549000
20.87,2,0.0833732674524362484076591771,0.0872878391096533,0.086729907482833,0.0834749378289941,0.0829166661181315,0.107749629757759,0.1107108217148132483854819158,0.0860384439995023483854819158,0.0246723777153109,3.6149889876699194697763121773,49.573026772260112325528097804,52.19437073761318638415848016,1652341000
20.88,2,0.0833707625650293924076591771,0.0872848117756522,0.086727396009417,0.0834724298869769,0.0829146743511393,0.107734782079398,0.1106958954320988168663620861,0.0860235177167879168663620861,0.0246723777153109,3.6144498203035866293751839488,49.568988954935137039958161931,52.19055941028789941056057297,1653132000
20.89,2,0.0833682503378742414076591771,0.0872817771056687,0.0867248764840358,0.0834699145962609,0.0829126745190291,0.107719934918459,0.1106809693854814960761626146,0.0860085916701705960761626146,0.0246723777153109,3.6139106951882962603213727618,49.564960093627142948326618067,52.18675593839660671498418439,1653924000
20.90,2,0.0833657508796047774076591771,0.0872787558128866,0.0867223696211989,0.0834674120900016,0.0829106867562828,0.107705104533313,0.1106660605463535292773219967,0.0859936828310426292773219967,0.0246723777153109,3.6133720975342528236234760157,49.560914105120655589462964573,52.182937079228057893886812612,1654716000
20.91,2,0.0833632631712355854076591771,0.0872757467559843,0.0867198742809061,0.0834649213479713,0.0829087100439951,0.107690287474042,0.1106511654271144387701845377,0.0859787877118035387701845377,0.0246723777153109,3.6128339264446970774771842721,49.556883131921174055868044609,52.179131101424944733066814419,1655508000
20.92,2,0.0833607572304380674076591771,0.0872727197833383,0.0867173603128536,0.0834624123512788,0.0829067143645951,0.107675480463629,0.1106362797005123727252526942,0.0859639019852014727252526942,0.0246723777153109,3.6122960569686369420566766917,49.552858588755097173608494452,52.175330557459338860815884975,1656299000
20.93,2,0.0833582640565571074076591771,0.0872697061569251,0.0867148589803337,0.0834599161370717,0.0829047307565471,0.107660689398526,0.1106214103504809367344363654,0.0859490326351700367344363654,0.0246723777153109,3.6117586881966542839963643546,49.548831209468658430114559808,52.171527166718525373880385451,1657091000
20.94,2,0.0833557836306110654076591771,0.0872667055981952,0.0867123700061099,0.0834574326863451,0.08290275920216,0.107645906846639,0.1106065499397778483586998226,0.0859341722244669483586998226,0.0246723777153109,3.611221606083095455866124141,49.544816802446285320484900702,52.167734949550555647387402691,1657883000
20.95,2,0.0833532949702751054076591771,0.0872636972792689,0.0867098725636125,0.083454940991187,0.0829007786948326,0.107631138330064,0.1105917032602975600910223387,0.0859193255449866600910223387,0.0246723777153109,3.6106849469212463243003671307,49.54078275599380837951516633,52.1639251862075501886742656,1658675000
20.96,2,0.0833508081284261204076591771,0.0872606917929197,0.0867073772469219,0.0834524511167335,0.0828987993010087,0.107616398782626,0.1105768856064971409710740589,0.0859045078911862409710740589,0.0246723777153109,3.6101491478806702418689702066,49.536787730239307848069084935,52.160149024764383447059319573,1659466000
20.97,2,0.0833483239789435124076591771,0.0872576888716843,0.0867048837898787,0.0834499639379296,0.082896821896938,0.107601655474715,0.1105620642594148117641297160,0.0858896865441039117641297160,0.0246723777153109,3.6096132706477876695805307683,49.532763834340148680543490248,52.156347569534313614757129351,1660258000
20.98,2,0.0833458425564651974076591771,0.0872546891746294,0.0867023928528506,0.0834474794894555,0.0828948465186024,0.10758692628577,0.1105472571106452189124576506,0.0858748793953343189124576506,0.0246723777153109,3.6090778267946657980264370936,49.528762420159678941220598194,52.152565502764072252325835188,1661050000
20.99,2,0.0833433628969990934076591771,0.0872516917977596,0.0866999035331398,0.0834449968061436,0.082892872202133,0.107572212984332,0.1105324658961474303486208632,0.0858600881808365303486208632,0.0246723777153109,3.6085428650684890614454025469,49.524751010980825133816964091,52.148774285325428971499783579,1661841000
21.00,2,0.0833408949998988004076591771,0.0872487065643186,0.0866974256552856,0.0834425258995411,0.0828909089603729,0.107557510003304,0.1105176853950884537978662010,0.0858453076797775537978662010,0.0246723777153109,3.6080082349190513800116062871,49.520731782390799058674953666,52.144975929443072180727893644,1662633000
21.01,2,0.0833384298278635974076591771,0.0872457248281894,0.0866949505744624,0.0834400577213269,0.0828889477462935,0.107542829018193,0.1105029269741618840527634196,0.0858305492588509840527634196,0.0246723777153109,3.6074742609937725119207388745,49.516749942855011588633095542,52.14120986458181440455614022,1663425000
21.02,2,0.0833359574169051004076591771,0.0872427359631625,0.0866924676657497,0.0834375822953617,0.0828869785850454,0.107528151587511,0.1104881718323101710709260039,0.0858157941169992710709260039,0.0246723777153109,3.6069404036976675125555840298,49.512740870893319075762760953,52.13741977042949544282470975,1664217000
21.03,2,0.0833334868376359074076591771,0.0872397495631698,0.0866899865243657,0.0834351087033196,0.0828850105595895,0.107513492221843,0.1104734348061457708518902056,0.0858010570908348708518902056,0.0246723777153109,3.6064070870840005457376459926,49.508755974234730487475159406,52.133650444704147186124027543,1665008000
21.04,2,0.0833310279284908164076591771,0.0872367751389525,0.0866875166623345,0.0834326467956328,0.0828830535216418,0.107498841021723,0.1104587063341994677632214497,0.0857863286188885677632214497,0.0246723777153109,3.6058740362524875048712198859,49.50475685253211864294260355,52.129868383367115406947181271,1665800000
21.05,2,0.0833285617418425464076591771,0.0872337938382674,0.0866850392286929,0.0834301776015682,0.08288108850175,0.107484201711349,0.1104439894805105591481960813,0.0857716117651996591481960813,0.0246723777153109,3.6053413379970188509649031075,49.500759745435750212538455415,52.12608776837338957798838936,1666592000
21.06,2,0.0833261083137076054076591771,0.0872308260278141,0.0866825745914178,0.0834277211815754,0.0828791355616418,0.10746958271037,0.1104292933704316005230425952,0.0857569156551207005230425952,0.0246723777153109,3.6048092527553333689842702584,49.4967829847629415552794169,52.122324492043487801143326379,1667384000
21.07,2,0.0833236566067926144076591771,0.0872278601923906,0.0866801112365814,0.0834252664849016,0.0828771836518392,0.107454970911554,0.1104146045028838287761649102,0.0857422267875729287761649102,0.0246723777153109,3.6042773927656369255637324213,49.492795624522522553710177542,52.118551673035565024303429909,1668175000
21.08,2,0.0833211967462741724076591771,0.087224887029395,0.0866776398628532,0.0834228036246813,0.082875222886749,0.107440383218548,0.1103999394466076305051945650,0.0857275617312967305051945650,0.0246723777153109,3.6037462317030180084817710338,49.488830849838115289083819949,52.114798083817548425370179854,1668967000
21.09,2,0.0833187495347890534076591771,0.0872219265330893,0.0866751804657633,0.0834203534289193,0.0828732740956451,0.107425795392483,0.1103852746753309232747737102,0.0857128969600200232747737102,0.0246723777153109,3.6032150946050552139555880588,49.484846990145658430597723365,52.11102763948722377633030798,1669759000
21.10,2,0.0833163040426177864076591771,0.0872189681320141,0.0866727224751181,0.0834179049545678,0.0828713263367459,0.107411218265227,0.1103706206454312813389790985,0.0856982429301203813389790985,0.0246723777153109,3.6026842800405481917421535349,49.480862184529934787261352048,52.107256035504602178499693404,1670551000
21.11,2,0.0833138613057829354076591771,0.0872160130451691,0.0866702671111796,0.0834154592389128,0.0828693806486007,0.107396657022233,0.1103559825817867069535709818,0.0856836048664758069535709818,0.0246723777153109,3.6021539367068392141016922237,49.476895367821454614678913934,52.103499775727057091902222434,1671342000
21.12,2,0.0833114203941444364076591771,0.0872130605555957,0.0866678136582492,0.0834130153506798,0.0828674361011956,0.107382117816915,0.1103413666090879361940558568,0.0856689888937770361940558568,0.0246723777153109,3.6016242390790394983954764455,49.472927657941018086790470711,52.099742155206063801332015832,1672134000
21.13,2,0.0833089721110206654076591771,0.0872101008061464,0.086665352260436,0.0834105640819724,0.0828654834878917,0.107367582217831,0.1103267539631532241463739709,0.0856543762478423241463739709,0.0246723777153109,3.6010946486185680732364058817,49.468971002061414367696245499,52.095994046439651066287571483,1672926000
21.14,2,0.0833065465813416494076591771,0.0872071643210918,0.0866629134432646,0.0834081355944566,0.0828635529716097,0.107353060082106,0.1103121555604290406100625843,0.0856397778451181406100625843,0.0246723777153109,3.6005654770742132644244733708,49.465002002664113665159831956,52.092234680478714433140181119,1673717000
21.15,2,0.0833041117678236294076591771,0.0872042189528826,0.0866604650604368,0.0834056978117805,0.0828616124772496,0.107338549930758,0.1102975688009449991801965446,0.0856251910856340991801965446,0.0246723777153109,3.6000366489779419653639740348,49.461048958957236813937721957,52.088488944361071175680444008,1674509000
21.16,2,0.0833016697766506404076591771,0.0872012669757814,0.0866580093874631,0.0834032528426966,0.0828596641148126,0.107324056466531,0.1102829984639940657108458228,0.0856106207486831657108458228,0.0246723777153109,3.5995083002620569610204824735,49.457082863886972208589453494,52.084731273212642093306408197,1675301000
21.17,2,0.0832992504301465494076591771,0.0871983381390566,0.0866555761748576,0.0834008305458959,0.0828577377442361,0.107309576034739,0.1102684419353938471376056767,0.0855960642200829471376056767,0.0246723777153109,3.5989803550513610912585257281,49.453128403947284816172054547,52.080983384035836021623685597,1676093000
21.18,2,0.0832968228162538684076591771,0.0871954012222905,0.0866531342034451,0.0833983999716248,0.0828558024170096,0.107295101424764,0.1102538909193872032426288492,0.0855815132040763032426288492,0.0246723777153109,3.5984525747055788973963533178,49.449184254160194620482821035,52.077244282454181974510913458,1676884000
21.19,2,0.0832943979343491404076591771,0.0871924678727702,0.086650695121752,0.0833959721326733,0.0828538691471635,0.107280650613952,0.1102393637888948787317240913,0.0855669860735839787317240913,0.0246723777153109,3.5979254845857230573200036839,49.445235974457619501800326398,52.07350090413537653253285814,1677676000
21.20,2,0.0832919748536312484076591771,0.087189536548556,0.0866482573890758,0.083393546097105,0.0828519370039991,0.107266206150318,0.1102248430487950946765944924,0.0855524653334841946765944924,0.0246723777153109,3.5973985825091255179735400283,49.441297485090594016277949458,52.069765828432560500544074869,1678468000
21.21,2,0.0832895634154256884076591771,0.0871866173252494,0.0866458310822518,0.0833911317182467,0.0828500158420778,0.107251774226948,0.1102103352400755675359853375,0.0855379575247646675359853375,0.0246723777153109,3.5968720548769146051569551902,49.437353750694943155461096233,52.066025715597354889725314038,1679259000
21.22,2,0.0832871446890171054076591771,0.0871836909886013,0.0866433969882622,0.0833887100422977,0.082848086708831,0.107237347716363,0.1101958325690761046243089419,0.0855234548537652046243089419,0.0246723777153109,3.5963456774328027798788465686,49.433400385547404687281454793,52.062276873429932162102204747,1680051000
21.23,2,0.0832847277104422904076591771,0.0871807672482582,0.086640964817982,0.0833862901163138,0.0828461586525437,0.107222945434727,0.1101813541794022091978300353,0.0855089764640913091978300353,0.0246723777153109,3.5958199976163147735650206873,49.429476737991241854697141942,52.05855343581889446895749999,1680843000
21.24,2,0.0832823235119168264076591771,0.0871778567788044,0.0866385452472208,0.0833838829859641,0.0828442427201111,0.107208556562711,0.1101668896308964196861260515,0.0854945119155855196861260515,0.0246723777153109,3.5952947153546211007638430239,49.425540498520246127924446932,52.054818476614377900189863585,1681635000
21.25,2,0.0832799109720917864076591771,0.0871749380800527,0.0866361167770144,0.0833814675041429,0.0828423177656512,0.107194171358467,0.1101524284373415119598684571,0.0854800507220306119598684571,0.0246723777153109,3.59476952925534146613123606,49.421615254220142495251272491,52.051092915324473253207906326,1682426000
21.26,2,0.0832775011415957924076591771,0.087172022606508,0.0866336908630877,0.0833790547349546,0.0828403948544892,0.107179800808435,0.1101379819782853958459802083,0.0854656042629744958459802083,0.0246723777153109,3.5942447643341532222370766762,49.417684926112383767117023767,52.04736239357246642860504784,1683218000
21.27,2,0.0832751031073831544076591771,0.0871691195255848,0.0866312766740723,0.0833766537764349,0.0828384830858786,0.107165446740514,0.1101235524004933138334889316,0.0854511746851824138334889316,0.0246723777153109,3.5937204811069793976942645536,49.413758139927168692131511365,52.043634432925770488818947624,1684010000
21.28,2,0.0832727077119494024076591771,0.0871662192023771,0.0866288645762768,0.0833742554599119,0.0828365732923628,0.107151095963506,0.1101091261845916823387136599,0.0854367484692807823387136599,0.0246723777153109,3.5931962912879407774683742912,49.409842333642566056603139919,52.039915841156328344913336919,1684802000
21.29,2,0.0832703040423337414076591771,0.087163311479919,0.0866264444139471,0.0833718488591169,0.0828346545488857,0.107136770698034,0.1100947251832371305312922279,0.0854223474679262305312922279,0.0246723777153109,3.5926728199251472014239329313,49.405922256003707029788134523,52.036192766071759645980651482,1685593000
21.30,2,0.0832679121485913464076591771,0.0871604156426483,0.0866240354727298,0.0833694540485554,0.0828327469311623,0.107122447969075,0.1100803271084620131081013031,0.0854079493931511131081013031,0.0246723777153109,3.5921494275310120489007013945,49.402009359729593271507908489,52.032475723843686744578156665,1686385000
21.31,2,0.0832655229103711904076591771,0.0871575230070572,0.0866216290703233,0.0833670618967545,0.0828308413089267,0.107108140764024,0.1100659446367405166916035952,0.0853935669214296166916035952,0.0246723777153109,3.5916264762754022133029747985,49.39809436079306895825997658,52.02875629280827883458107108,1687177000
21.32,2,0.0832631253594852014076591771,0.0871546224615209,0.0866192140963064,0.0833646614221508,0.0828289267018197,0.107093845550047,0.1100515738496443048850856675,0.0853791961343334048850856675,0.0246723777153109,3.5911038529192379936608619456,49.39419524969497687223149079,52.025050344044246474631034337,1687969000
21.33,2,0.0832607406190571024076591771,0.0871517352636327,0.086616811809473,0.0833622737736268,0.0828270242599253,0.10707956507102,0.1100372182312980321828565063,0.0853648405159871321828565063,0.0246723777153109,3.5905816562909702833786579579,49.390276509895730366425103209,52.021326617993867143138477408,1688760000
21.34,2,0.0832583575142483084076591771,0.0871488502311529,0.0866144110287815,0.0833598877627166,0.0828251227959764,0.107065299700488,0.1100228777648065623597605984,0.0853505000494956623597605984,0.0246723777153109,3.5900598849222410294004260326,49.386376090622679108892990137,52.017618426558212348438634441,1689552000
21.35,2,0.0832559770949556014076591771,0.0871459680502207,0.0866120124415664,0.0833575044405975,0.0828232233623462,0.107051038966741,0.1100085420088266222449853898,0.0853361642935157222449853898,0.0246723777153109,3.5895382387062125039863909323,49.382479555771646104727779827,52.013913309724588412293589783,1690344000
21.36,2,0.0832535884840611574076591771,0.087143078202366,0.0866096055305504,0.0833551129168873,0.082821315069846,0.107036793710001,0.1099942214299281598584041211,0.0853218437146172598584041211,0.0246723777153109,3.5890170165036700597064295377,49.378577153774893256370999907,52.010202480666893571112764395,1691135000
21.37,2,0.0832512214888922864076591771,0.0871402106047554,0.0866072202140896,0.0833527430352621,0.0828194277633424,0.107022565513787,0.1099799186548032854912609750,0.0853075409394923854912609750,0.0246723777153109,3.5884962925794215631949529287,49.374689379425870425943535515,52.006503872809431757017659486,1691927000
21.38,2,0.0832488471957594154076591771,0.0871373358988996,0.0866048271348822,0.0833503658467734,0.0828175324950748,0.107008343155656,0.1099656214432887277830462911,0.0852932437279778277830462911,0.0246723777153109,3.5879757152942723937917220252,49.37079102652334995726248194,52.002795607046595187782632725,1692719000
21.39,2,0.0832464647089764064076591771,0.0871344534185419,0.0866024256278558,0.0833479804546427,0.08281562836945,0.106994133252499,0.1099513363850338676936994285,0.0852789586697229676936994285,0.0246723777153109,3.5874554724433919857354501898,49.366898415981784172248657338,51.999091869184194349243535232,1693511000
21.40,2,0.0832441048363621494076591771,0.0871315941717179,0.0866000467022279,0.0833456177042579,0.0828137462330384,0.106979939923487,0.1099370686789076015262508941,0.0852646909635967015262508941,0.0246723777153109,3.5869357119790380972218279798,49.363020099675815104630146342,51.995400053495886494443945541,1694302000
21.41,2,0.0832417367320828414076591771,0.0871287270509963,0.0865976592517466,0.0833432467121698,0.0828118552035708,0.106965757293646,0.1099228113679215544391202124,0.0852504336526106544391202124,0.0246723777153109,3.5864162336138066216551505187,49.359126716491876650563431633,51.991694520691239597894156325,1695094000
21.42,2,0.0832393702592672574076591771,0.0871258619863745,0.0865952732075856,0.0833408773535349,0.0828099651573808,0.106951586760997,0.1099085661958373935056661558,0.0852361884805264935056661558,0.0246723777153109,3.5858970863184214524397129252,49.355263232745562389229906954,51.98801471130035224759030514,1695886000
21.43,2,0.0832370064854971154076591771,0.0871229999548761,0.086592889547942,0.0833385106972369,0.0828080771645266,0.106937425676313,0.1098943305491816085904739990,0.0852219528338707085904739990,0.0246723777153109,3.5853781942380249421453920804,49.351371457200919735402553366,51.984309579530923533056744387,1696678000
21.44,2,0.0832346444963598374076591771,0.0871201402998003,0.0865905076172869,0.083336145827748,0.0828061903106525,0.106923281467373,0.1098801118283303810348937971,0.0852077341130194810348937971,0.0246723777153109,3.5848597683933999574065990655,49.347496985963881814489766132,51.980619000549871418566387649,1697469000
21.45,2,0.0832322951188167654076591771,0.0871172935365135,0.0865881379321547,0.0833337935852326,0.082804315437092,0.106909144643919,0.1098659009158290494406517175,0.0851935232005181494406517175,0.0246723777153109,3.5843415466043538507932107602,49.343629751470766382258100947,51.976934320950435435556555169,1698261000
21.46,2,0.0832299385245594834076591771,0.0871144402648111,0.0865857610935069,0.0833314341172026,0.0828024326925236,0.106895028504143,0.1098517104247514238078699572,0.0851793327094405238078699572,0.0246723777153109,3.5838238892244564889396382452,49.339761715419399965562751663,51.973248211422406302914106415,1699053000
21.47,2,0.0832275825408735964076591771,0.0871115875408177,0.0865833841586314,0.0833290752604885,0.082800549914942,0.106880910554719,0.1098375181217701137807407952,0.0851651404064592137807407952,0.0246723777153109,3.5833061583314392244157584009,49.335899553512911678031761669,51.969566996534849298939540064,1699844000
21.48,2,0.0832252392532704494076591771,0.0871087483567994,0.0865810201209548,0.0833267291153396,0.0827986792057576,0.106866816128415,0.1098233497776849679390097094,0.0851509720623740679390097094,0.0246723777153109,3.582789091219966950625866347,49.33202658157433653220371109,51.965875477277179218347381553,1700636000
21.49,2,0.0832228877469415544076591771,0.0871059011747276,0.0865786474436069,0.0833243747414424,0.0827967996258158,0.106852728474389,0.1098091879002315905925748264,0.0851368101849206905925748264,0.0246723777153109,3.5822721857892095609742572058,49.328163222307562257442626653,51.962191950303887169743466854,1701428000
21.50,2,0.0832205488496572144076591771,0.0871030672613358,0.0865762873944762,0.0833220329919661,0.0827949320294419,0.106838659071532,0.1097950447035481250266827536,0.0851226669882372250266827536,0.0246723777153109,3.5817557909640848136566215358,49.324313918038998034431615987,51.958520054273444675216931471,1702220000
21.51,2,0.0832182017139844254076591771,0.087100225438628,0.0865739187967198,0.0833196829940549,0.0827930555449337,0.106824599546074,0.1097809110799029645729948717,0.0851085333645920645729948717,0.0246723777153109,3.5812396448429235753073704197,49.320457001590684059880970931,51.954840948210014295873256246,1703011000
21.52,2,0.0832158662046710294076591771,0.0870973956738321,0.0865715616187158,0.083317344636681,0.0827911900624143,0.106810551791757,0.1097667896187724242561401050,0.0850944119034615242561401050,0.0246723777153109,3.5807238206244083604748693368,49.316616199160729477664081349,51.951175407970996548746751102,1703803000
21.53,2,0.0832135234556390804076591771,0.0870945589525493,0.0865691968472131,0.08331499903076,0.0827893166939477,0.106796512549719,0.1097526763997261004944423208,0.0850802986844152004944423208,0.0246723777153109,3.5802082050121059005849248069,49.3127576079518585088619927,51.947493737402616698611381747,1704595000
21.54,2,0.0832111923136297264076591771,0.087091734406428,0.0865668436150052,0.0833126650460158,0.0827874543104035,0.106782488991085,0.1097385792572461456339901064,0.0850662015419352456339901064,0.0246723777153109,3.5796930214630290890418319517,49.308906599351979646534061854,51.943818046818725184645830133,1705387000
21.55,2,0.0832088539489042884076591771,0.0870889029370164,0.0865644828247825,0.0833103238297478,0.0827855840602243,0.106768474407493,0.1097244908205689608730007257,0.0850521131052580608730007257,0.0246723777153109,3.5791780578359968460197699318,49.305072515364605424753918019,51.940156690826744124789368871,1706178000
21.56,2,0.0832065271718685474076591771,0.087086083669181,0.0865621336025518,0.0833079942153002,0.082783724777895,0.106754476818278,0.1097104197716334992615886181,0.0850380420563225992615886181,0.0246723777153109,3.578663561865862470548847546,49.301225180945394708640023786,51.936482980057908999549752168,1706970000
21.57,2,0.0832042021707961904076591771,0.0870832664367855,0.086559785783314,0.0833056663789817,0.0827818666408624,0.106740486588525,0.1096963561266410785706572975,0.0850239784113301785706572975,0.0246723777153109,3.5781492465534952884290576373,49.297394971291153886249167999,51.932823796445896612449216037,1707762000
21.58,2,0.0832018797747400624076591771,0.0870804520524992,0.0865574401808733,0.0833033411508562,0.0827800104803257,0.106726503205597,0.1096822994016673637858074349,0.0850099216863564637858074349,0.0246723777153109,3.577635097051126219834579364,49.293550687610044152257508424,51.929151744039792188745205501,1708553000
21.59,2,0.0831995491533315434076591771,0.087077630335156,0.0865550866151959,0.0833010076873477,0.0827781454538422,0.106712545827658,0.1096682683879284819896200772,0.0849958906726175819896200772,0.0246723777153109,3.5771216507030651313998238079,49.289715229950988455053581922,51.925486532992965985467562629,1709345000
21.60,2,0.0831972411176140974076591771,0.0870748314909376,0.0865527552935931,0.0832986968370727,0.0827763024111586,0.106698595519287,0.1096542452157568817314072496,0.0849818675004459817314072496,0.0246723777153109,3.5766083945966979700688541695,49.285900694634670052430893215,51.921839159412024214798391651,1710137000
21.61,2,0.0831949148369054364076591771,0.0870720147391713,0.0865504054365196,0.0832963677195574,0.0827744404729291,0.106684655851942,0.1096402320312516133247103430,0.0849678543159407133247103430,0.0246723777153109,3.5760953892288498728932906483,49.28207085999118544872439412,51.9181777589612989379907609,1710929000
21.62,2,0.0831926001775498634076591771,0.0870692097518325,0.0865480667170754,0.0832940502375671,0.0827725895430442,0.106670719694672,0.1096262227433804058792232755,0.0849538450280695058792232755,0.0246723777153109,3.5755824591199374628602192455,49.278245292806657979537527479,51.914519640220143564221228017,1711720000
21.63,2,0.0831902882718967444076591771,0.0870664084175545,0.0865457310250159,0.0832917355126371,0.0827707407441624,0.10665680916922,0.1096122391773677458595330798,0.0849398614620568458595330798,0.0246723777153109,3.5750702285322219305610282423,49.274421711455666554402863011,51.910862332642794446447572247,1712512000
21.64,2,0.0831879879499514454076591771,0.0870636187805366,0.0865434064056602,0.0832894323855409,0.0827689029181773,0.106642901310335,0.1095982586627293665594373340,0.0849258809474184665594373340,0.0246723777153109,3.5745580470198011694000127582,49.27060296530278690507079958,51.907208812270538193738434876,1713304000
21.65,2,0.0831856693987347334076591771,0.0870608114195273,0.0865410634388739,0.0832871110069434,0.0827670462168716,0.106629008897711,0.1095842929446259712441076385,0.0849119152293150712441076385,0.0246723777153109,3.5740462500723760727814679142,49.266791840952204329327948701,51.903561273184133250946870733,1714096000
21.66,2,0.0831833634302399344076591771,0.0870580167852049,0.08653873257645,0.0832848022264119,0.0827652014909281,0.106615119970141,0.1095703311318895314286815718,0.0848979534165786314286815718,0.0246723777153109,3.5735345246965989665053865494,49.262971307178879817315662113,51.899904980135235033438535568,1714887000
21.67,2,0.0831810692311767474076591771,0.0870552347798654,0.0865364137217966,0.0832825052296644,0.0827633679271775,0.106601255061905,0.1095563937429211578192623254,0.0848840160276102578192623254,0.0246723777153109,3.5730234577170033383502501066,49.25917351737561944502589717,51.896267736979436516084086133,1715679000
21.68,2,0.0831787666138533554076591771,0.087052444503579,0.0865340859760936,0.083280199804391,0.0827615253144204,0.106587394834916,0.1095424607220539624625127968,0.0848700830067430624625127968,0.0246723777153109,3.5725124735966799197418651057,49.255359779801479452183269218,51.892615975400780442700942675,1716471000
21.69,2,0.0831764667463414714076591771,0.0870496575716815,0.0865317609557838,0.0832778971322824,0.0827596848354551,0.106573551511928,0.1095285446900055993505895502,0.0848561669746946993505895502,0.0246723777153109,3.5720019329081900364802243856,49.251549621662069745577791982,51.888966575484487816072279359,1717263000
21.70,2,0.0831741784779188134076591771,0.0870468825660436,0.0865294472438431,0.0832756060734076,0.0827578553514564,0.106559716971697,0.1095146378300206319379647300,0.0848422601147097319379647300,0.0246723777153109,3.5714916107336261763438093879,49.247753258901424442585370564,51.885328671126896763209842811,1718054000
21.71,2,0.0831718829580199614076591771,0.0870441009737213,0.0865271263284294,0.0832733077542137,0.0827560179899742,0.106545901870104,0.1095007501454341203425183947,0.0848283724301232203425183947,0.0246723777153109,3.5709817926630602327369152332,49.243956453167085102020894952,51.881689537707149226659941893,1718846000
21.72,2,0.0831695890362357394076591771,0.0870413210570999,0.086524806473028,0.0832710110350833,0.0827541816124914,0.106532088928057,0.1094868646560724415164978568,0.0848144869407615415164978568,0.0246723777153109,3.5704719912659763694810461621,49.240168282978458394598940741,51.878057504013781427474788337,1719638000
21.73,2,0.0831673068616922294076591771,0.0870385533206075,0.0865224981831643,0.0832687260775189,0.0827523563816088,0.106518287788247,0.1094729913653897219393542280,0.0848006136500788219393542280,0.0246723777153109,3.5699624921358646419589858957,49.236367653311779496438031013,51.874413821294201014822985445,1720429000
21.74,2,0.0831650162659647124076591771,0.0870357777218552,0.0865201814175442,0.0832664326885012,0.0827505221054024,0.1065045031166,0.1094591342370385016406071465,0.0847867565217276016406071465,0.0246723777153109,3.569453407838639375970727274,49.232572293533247358280995658,51.870773974634934821331090384,1721221000
21.75,2,0.0831627284161993974076591771,0.0870330053423369,0.0865178672587543,0.0832641420487942,0.0827486899657297,0.10649073187519,0.1094452906217192110884196340,0.0847729129064083110884196340,0.0246723777153109,3.5689446614930833029420768159,49.228798473662674122037111029,51.867152308035822860383365361,1722013000
21.76,2,0.0831604532462714794076591771,0.087030245955897,0.086515565481729,0.0832618641043873,0.0827468699096705,0.106476968960788,0.1094314557604532253782892452,0.0847590780451423253782892452,0.0246723777153109,3.5684361157801519374214000042,49.225003927591809221273796796,51.863511785364537522273659292,1722805000
21.77,2,0.0831581686353825024076591771,0.0870274773055686,0.0865132538305888,0.0832595767075064,0.0827450397905391,0.106463211633069,0.1094176261378649320009075576,0.0847452484225540320009075576,0.0246723777153109,3.5679276690073741460431079174,49.221227116646837328065665047,51.859886264487971701156952359,1723596000
21.78,2,0.0831558967868743464076591771,0.0870247222330012,0.0865109551480686,0.0832573020885695,0.0827432218398394,0.106449477007345,0.1094038196560407798508115477,0.0847314419407298798508115477,0.0246723777153109,3.5674198330473836870028911176,49.217445933578538906297479427,51.856255938589232533140130585,1724388000
21.79,2,0.0831536165147713114076591771,0.0870219589907808,0.0865086476878372,0.0832550190357656,0.0827413948468438,0.106435750116167,0.1093900205977134299893297610,0.0847176428824025299893297610,0.0246723777153109,3.5669121566492704537050447256,49.213671628013025830700070464,51.852631018304462477530833938,1725180000
21.80,2,0.0831513489854541794076591771,0.0870192087892204,0.0865063526612879,0.0832527487412868,0.0827395800048255,0.106422031108502,0.1093762298520253015080458271,0.0847038521367144015080458271,0.0246723777153109,3.5664046643007289339280501803,49.209900049372781506033045009,51.849007832701212931736496288,1725971000
21.81,2,0.0831490830315842444076591771,0.087016460515385,0.0865040589565638,0.0832504800241764,0.0827377661339064,0.106408322127363,0.1093624491728870463609104275,0.0846900714575761463609104275,0.0246723777153109,3.5658974052632142647235276839,49.206124824232771798832874482,51.845380739255484625713138358,1726763000
21.82,2,0.0831468088375653644076591771,0.087013704636128,0.0865017570415939,0.0832482030568686,0.0827359434075969,0.106394631775316,0.1093486868249592385764028016,0.0846763091096483385764028016,0.0246723777153109,3.5653906153174719874097267555,49.202352979060680058766650418,51.841755730325270171881593596,1727555000
21.83,2,0.0831445472828356034076591771,0.0870109619535603,0.0864994677195621,0.083245938744263,0.0827341327318706,0.106380956743942,0.1093349402278582747471789661,0.0846625625125473747471789661,0.0246723777153109,3.5648842195565689418511744355,49.198599729667014116171049195,51.838146223972480176443839373,1728347000
21.84,2,0.0831422873021230514076591771,0.0870082208457686,0.0864971793696262,0.083243676007594,0.0827323230290334,0.106367281672873,0.1093211936250120011796551552,0.0846488159097011011796551552,0.0246723777153109,3.5643777656035978862435612861,49.194827368961882566991991714,51.834519418291317347151207885,1729139000
21.85,2,0.0831400290610483104076591771,0.0870054822267654,0.0864948929068669,0.0832414150126843,0.0827305144659768,0.106353627984528,0.1093074684577251080299059507,0.0846350907424142080299059507,0.0246723777153109,3.5638718667223423351352527861,49.191075449105468845948069757,51.830909604661794453674659826,1729930000
21.86,2,0.0831377734942652374076591771,0.0870027466957798,0.0864926089315796,0.0832391566953274,0.0827287079795614,0.10633998602459,0.1092937550985123479063624417,0.0846213773832014479063624417,0.0246723777153109,3.5633662461212795607864736968,49.187318855389804799876341364,51.827294914727741516719687556,1730722000
21.87,2,0.0831355184817497754076591771,0.087000011659358,0.0864903248513741,0.0832368989329141,0.0827269014482422,0.106326342346848,0.1092800400188810013231835261,0.0846076623035701013231835261,0.0246723777153109,3.5628605152532748889972168592,49.183554307112152140774768274,51.823672746927039796265877268,1731514000
21.88,2,0.0831332672069967004076591771,0.0869972813091979,0.0864880448590096,0.0832346449128212,0.082725098060458,0.106312725655622,0.1092663520519889385349448889,0.0845939743366780385349448889,0.0246723777153109,3.5623554991431068343158477513,49.179815567342281787546832001,51.820072150731333278992199219,1732305000
21.89,2,0.0831310075038956164076591771,0.0869945425257104,0.0864857558359563,0.0832323824541022,0.0827232856363221,0.10629910928429,0.1092526640896298448799859256,0.0845802863743189448799859256,0.0246723777153109,3.5618504202134941281681728977,49.176057735655934345889576769,51.816454242150281583278486801,1733097000
21.90,2,0.0831287685189843644076591771,0.0869918250997248,0.0864834875740998,0.0832301407388382,0.0827214933589726,0.106285510155707,0.1092389940840714221205790702,0.0845666163687605221205790702,0.0246723777153109,3.561345791774654663958487416,49.172317745417904299857431556,51.81285108783374470478185104,1733889000
21.91,2,0.0831265232056298584076591771,0.0869891019215158,0.0864812129647697,0.0832278926874135,0.0827196941498493,0.106271927880284,0.1092253406998830914209919767,0.0845529629845721914209919767,0.0246723777153109,3.5608415745849623618609704661,49.168575480121758729163236674,51.809245033694397012795067373,1734681000
21.92,2,0.0831242784625190154076591771,0.08698637933028,0.0864789383482139,0.0832256452069279,0.0827178949171042,0.106258346074799,0.1092116877850937326624215605,0.0845393100697828326624215605,0.0246723777153109,3.5603373049401424941358468114,49.164828051396614135700520658,51.805633878731895337048014216,1735472000
21.93,2,0.0831220364357391594076591771,0.0869836600221749,0.0864766664216401,0.0832234004460858,0.0827160978104923,0.106244780378721,0.1091980510637770499872966842,0.0845256733484661499872966842,0.0246723777153109,3.5598334323173784401228773704,49.161098337494642955603888722,51.80203738764283043727180616,1736264000
21.94,2,0.0831197960605593214076591771,0.0869809428251681,0.0864743960140632,0.0832211573388577,0.082714301765032,0.10623122777509,0.1091844274799450895181310061,0.0845120497646341895181310061,0.0246723777153109,3.5593298681846860664564732232,49.157356904111625903926309637,51.798429753661017045651965219,1737056000
21.95,2,0.0831175572358950584076591771,0.0869782275776843,0.0864721269649528,0.083218915784036,0.0827125066805614,0.106217686536935,0.1091708153020738743911893576,0.0844984375867629743911893576,0.0246723777153109,3.5588265619531978609151158119,49.153618391372384073888292313,51.794823872990657565859117183,1737848000
21.96,2,0.0831153311623683504076591771,0.0869755254108423,0.0864698704064707,0.0832166869959013,0.0827107237724046,0.106204154087029,0.1091572123430157112691804212,0.0844848346277048112691804212,0.0246723777153109,3.5583234499813739873203093765,49.149899285042125128632868181,51.791234274391589805409605124,1738639000
21.97,2,0.0831130967204938404076591771,0.086972815207457,0.0864676052224719,0.083214449829214,0.0827089318963629,0.106190631597802,0.1091436190375418906677029683,0.0844712413222309906677029683,0.0246723777153109,3.5578205437401335010548376372,49.146165886734576846781110909,51.787631328311687053310072372,1739431000
21.98,2,0.0831108648460703334076591771,0.0869701080771824,0.0864653425236489,0.0832122152331086,0.0827071420026097,0.106177123474782,0.1091300401762554261530155872,0.0844576624609445261530155872,0.0246723777153109,3.5573179794857781603143911543,49.14244435118638870865360676,51.784037912387395564479802276,1740223000
21.99,2,0.0831086336842896384076591771,0.0869674022874158,0.0864630805784348,0.083209981350515,0.0827053522351114,0.106163633314623,0.1091164792931879989550893727,0.0844441015778770989550893727,0.0246723777153109,3.5568158574764812641290787287,49.138727266747730177168201068,51.780447432173459688555743452,1741014000
22.00,2,0.0831064151708777184076591771,0.0869647092614026,0.0864608308111084,0.0832077601317144,0.0827035745451835,0.106150145816365,0.1091029214954020619869522547,0.0844305437800911619869522547,0.0246723777153109,3.55631375007666032704726584,49.135000092132237553363783684,51.776847418788471873745988822,1741806000
22.01,2,0.0831041892235323604076591771,0.086962009119409,0.0864585733429674,0.083205531469915,0.082701788827066,0.106136667833031,0.1090893729379895783394842060,0.0844169952226786783394842060,0.0246723777153109,3.5558118326323246213291772496,49.131293458083242734382465817,51.773264656109961928773162065,1742598000
22.02,2,0.0831019739870003534076591771,0.0869593203224334,0.0864563266360391,0.0832033135319904,0.0827000132486622,0.106123207470111,0.1090758423658176963093056333,0.0844034646505067963093056333,0.0246723777153109,3.5553103546811175263145738789,49.127570666458513926836341492,51.769666698669366122798543246,1743390000
22.03,2,0.0830997513972347094076591771,0.0869566246869302,0.0864540725078049,0.0832010882318651,0.0826982297249242,0.106109762252086,0.1090623266703155662872804594,0.0843899489550046662872804594,0.0246723777153109,3.5548092261846558818679827668,49.123872623715839557623931265,51.766089559566789565508818973,1744181000
22.04,2,0.0830975404353754894076591771,0.086953940750394,0.0864518294967839,0.083198874573826,0.0826964572611639,0.106096318480015,0.1090488128078718027374204426,0.0843764350925609027374204426,0.0246723777153109,3.5543080724866506349334671139,49.120155680566275273955816289,51.762495146683201746656919738,1744973000
22.05,2,0.0830953220377491404076591771,0.0869512498781426,0.086449578969316,0.0831966534709522,0.0826946767714832,0.106082889437453,0.1090353134036434442306698850,0.0843629356883325442306698850,0.0246723777153109,3.5538072542868320845411357226,49.116450803010704293382664992,51.758910402075929909996659912,1745765000
22.06,2,0.0830931153485119234076591771,0.086948571349416,0.0864473402056614,0.0831944440907454,0.0826929074244047,0.106069477989551,0.1090218319939084456509016241,0.0843494542785975456509016241,0.0246723777153109,3.5533068719077445832608654703,49.112756837869451704957234136,51.755334231346578483247926308,1746557000
22.07,2,0.0830909103039181164076591771,0.0869458944985258,0.0864451025411493,0.0831922363571876,0.0826911391449286,0.106056067426206,0.1090083515065515776964993404,0.0843359737912406776964993404,0.0246723777153109,3.5528064352849249709571834015,49.109050202747221880825232622,51.751746264199437266153546466,1747348000
22.08,2,0.0830886968851116394076591771,0.0869432097439109,0.0864428563952345,0.0831900202392051,0.0826893619029976,0.106042670794835,0.1089948846466838657578731120,0.0843225069313729657578731120,0.0246723777153109,3.5523063074086552213440367531,49.105345764603061106988511091,51.748159291468526016361218142,1748140000
22.09,2,0.0830864960103903944076591771,0.0869405378782095,0.0864406225615682,0.0831878166806048,0.0826875966434324,0.106029283400915,0.1089814274483317262464461210,0.0843090497330208262464461210,0.0246723777153109,3.5518063736777746066816502863,49.101657646973840705655165774,51.744585806581451828083162093,1748932000
22.10,2,0.0830842958599788624076591771,0.0869378674874023,0.0864383896271424,0.0831856138471976,0.0826858315330555,0.106015917483073,0.1089679917443580639281593725,0.0842956140290471639281593725,0.0246723777153109,3.5513069720944770471442031636,49.097962883052129677932884659,51.741005363533296875200441238,1749724000
22.11,2,0.0830820893337753864076591771,0.0869351907653991,0.0864361497868757,0.0831834046302234,0.0826840594641166,0.10600255319643,0.1089545574295800574928005448,0.0842821797142691574928005448,0.0246723777153109,3.5508075257033348685316882224,49.094282795368676692669674616,51.737437128109573891625217121,1750515000
22.12,2,0.0830798933686289994076591771,0.0869325249941398,0.0864339203237146,0.083181205987185,0.0826822973951256,0.105989199535622,0.1089411340963193521064032636,0.0842687563810084521064032636,0.0246723777153109,3.5503083083197429374785165468,49.090584936162252992542295851,51.733852366985400842979557663,1751307000
22.13,2,0.0830777001076702074076591771,0.0869298626631013,0.0864316937281407,0.0831790100516319,0.0826805374606372,0.105975866830352,0.1089277318059077753318435750,0.0842553540905968753318435750,0.0246723777153109,3.5498096071952710389502627345,49.086900491936440419220429851,51.730278273992412396822019098,1752099000
22.14,2,0.0830755084693487674076591771,0.0869272020203922,0.0864294682492649,0.0831768157406949,0.0826787785787851,0.105962535941197,0.1089143313694779211682074704,0.0842419536541670211682074704,0.0246723777153109,3.5493108716250002283297105071,49.083224161840729093492575946,51.726710593123462971707177495,1752890000
22.15,2,0.0830733184714708194076591771,0.0869245436930107,0.0864272445150853,0.0831746230722018,0.0826770207683977,0.105949224312167,0.1089009502423286353471325117,0.0842285725270177353471325117,0.0246723777153109,3.5488126006820222102727823459,49.079541947559731007022495612,51.723136640340065054222921467,1753682000
22.16,2,0.0830711310768601134076591771,0.0869218883687904,0.0864250232144334,0.0831724330101506,0.0826752649944715,0.105935924018089,0.1088875805281554457966727920,0.0842152028128445457966727920,0.0246723777153109,3.5483145671695289317235414493,49.075881843024903503495674214,51.719581187861925933933726021,1754474000
22.17,2,0.0830689442410636644076591771,0.0869192335160294,0.0864228018166033,0.083170243507595,0.0826735092110568,0.105922621213071,0.1088742083011804543765525779,0.0842018305858695543765525779,0.0246723777153109,3.5478163711589922593163988993,49.072193937829876759128578768,51.716000649894745865509468727,1755266000
22.18,2,0.0830667601064852384076591771,0.0869165822227382,0.0864205834105988,0.0831680567095515,0.0826717555641639,0.105909342863454,0.1088608606191223477838019315,0.0841884829038114477838019315,0.0246723777153109,3.547318786812588951247045256,49.068522049923571976653554584,51.71243296418888977647677059,1756057000
22.19,2,0.0830645785919452804076591771,0.0869139337379664,0.0864183672464609,0.0831658725347415,0.0826700039735064,0.105896069793731,0.1088475182919819089041735610,0.0841751405766710089041735610,0.0246723777153109,3.5468212633929789276896596811,49.064860847820401975685404917,51.708873847843052738908993057,1756849000
22.20,2,0.0830623977152546224076591771,0.0869112865496742,0.0864161518131389,0.0831636889985587,0.0826682524554676,0.105882815571041,0.1088341948258980641364006287,0.0841618171105871641364006287,0.0246723777153109,3.5463241868381616228829555326,49.06119346316669302850957566,51.705308176509931092618469918,1757641000
22.21,2,0.0830602203589435314076591771,0.0869086427804856,0.086413939234244,0.0831615089870484,0.0826665038970806,0.105869558283449,0.1088208683963977261654647006,0.0841484906810868261654647006,0.0246723777153109,3.5458269309386742274183210937,49.057518300234770984567016935,51.7017350070424852824549773,1758432000
22.22,2,0.0830580437198212244076591771,0.0869060006777456,0.0864117277581064,0.0831593296936014,0.0826647554927219,0.10585632816121,0.1088075691541874685106107799,0.0841351914388765685106107799,0.0246723777153109,3.5453303584642823910527264029,49.053875750180973253205433978,51.69818920144273784841188479,1759224000
22.23,2,0.0830558786986750994076591771,0.0869033702953327,0.0864095274395869,0.0831571620322983,0.0826630181574552,0.105843100380816,0.1087942726417918556549907502,0.0841218949264809556549907502,0.0246723777153109,3.5448337677755436832334893808,49.050213831052894378217685216,51.694625573555693767944622771,1760016000
22.24,2,0.0830537062766641564076591771,0.086900732754672,0.0864073194010912,0.0831549869611053,0.0826612728502279,0.105829879955466,0.1087809832105349836967237128,0.0841086054952240836967237128,0.0246723777153109,3.5443372825443501593433937504,49.046551616082221364943198092,51.691060793550397063595885481,1760808000
22.25,2,0.0830515354899316494076591771,0.0868980974489939,0.0864051130368285,0.0831528135271849,0.0826595286191817,0.105816676637293,0.1087677109344643113706754445,0.0840953332191534113706754445,0.0246723777153109,3.5438411903865375775781300688,49.04290764489571187739198303,51.687510941200595567364571142,1761599000
22.26,2,0.0830493763196384214076591771,0.0868954740760383,0.086402918045515,0.0831506517238695,0.0826577954586259,0.10580348178717,0.1087544475181960243860002759,0.0840820698028851243860002759,0.0246723777153109,3.5433452526724853721764116981,49.039250055265836205783700263,51.683948172836672265916351365,1762391000
22.27,2,0.0830472096854088154076591771,0.0868928437246918,0.0864007155170112,0.0831484824475158,0.082656054265892,0.105790301251849,0.1087411981449641501668532664,0.0840688204296532501668532664,0.0246723777153109,3.5428496169065653548736972801,49.035610781105465315708254471,51.680400450186986742657750607,1763183000
22.28,2,0.0830450437465355114076591771,0.0868902141816396,0.0863985132389749,0.0831463138673664,0.0826543132111953,0.105777123933697,0.1087279519956832121213433418,0.0840555742803723121213433418,0.0246723777153109,3.5423539721604313923043978935,49.031959376942323996812154607,51.67684122840916744379280592,1763975000
22.29,2,0.0830428904042449944076591771,0.086887598007546,0.0863963237730399,0.0831441578991608,0.0826525842112459,0.105763968092912,0.1087147277578218702320927506,0.0840423500425109702320927506,0.0246723777153109,3.5418588528062573778728086586,49.028317541739433029710085594,51.67328918156989499126083673,1764766000
22.30,2,0.0830407286946851074076591771,0.0868849737705629,0.0863941256883263,0.0831419935534822,0.0826508462775955,0.105750821426262,0.1087015123877155064209274235,0.0840291346724046064209274235,0.0246723777153109,3.5413638841862106373789224169,49.024688944588886502674571994,51.669747809377595104339027457,1765558000
22.31,2,0.0830385695806935024076591771,0.0868823522426007,0.0863919297577101,0.0831398318065372,0.0826491103874169,0.105737677891847,0.1086883002231134844795608684,0.0840159225078025844795608684,0.0246723777153109,3.5408689031044010909969183287,49.021048210502852078837778372,51.66619491385941964925010982,1766350000
22.32,2,0.0830364220984198444076591771,0.0868797429665697,0.0863897455250653,0.0831376817054945,0.0826473855888432,0.105724551527892,0.1086751056267650853057615626,0.0840027279114541853057615626,0.0246723777153109,3.5403743200389086053612074752,49.017408114522217386816210687,51.662641414999198635113962508,1767142000
22.33,2,0.0830342661312678744076591771,0.0868771255851584,0.0863875526340422,0.0831355231092265,0.0826456517417091,0.105711436495233,0.1086619220526362870679079749,0.0839895443373253870679079749,0.0246723777153109,3.5398799464753169654373644547,49.013784041394641176912232092,51.659100975953789236327352977,1767933000
22.34,2,0.0830321218560039914076591771,0.0868745200456891,0.0863853710329223,0.0831333762191044,0.0826439290483456,0.105698325166211,0.1086487425739007271125147632,0.0839763648585898271125147632,0.0246723777153109,3.5393855829902886054641026301,49.01014731858742450742167474,51.655548524876984797543201434,1768725000
22.35,2,0.0830299691926179624076591771,0.0868719067722852,0.0863831811467868,0.0831312209306312,0.082642197405214,0.105685233029428,0.1086355819865700000882599181,0.0839632042712591000882599181,0.0246723777153109,3.5388916524739773104069966008,49.006531293518119210006439249,51.652013064681476782035495667,1769517000
22.36,2,0.0830278291406075204076591771,0.0868693062600382,0.0863810034716822,0.0831290782689126,0.0826404778383758,0.105672144540231,0.1086224254707616780735240375,0.0839500477554507780735240375,0.0246723777153109,3.5383977293836555412746437684,49.002899304089083099812153467,51.648462665505571254964297244,1770308000
22.37,2,0.0830256906811435224076591771,0.086866707924908,0.0863788274245216,0.0831269372016826,0.0826387593165187,0.105659072726671,0.1086092856772460300110438148,0.0839369079619351300110438148,0.0246723777153109,3.5379041751528286238670369709,48.999278681212120609451753251,51.644921085773014705461673904,1771100000
22.38,2,0.0830235438320532764076591771,0.0868641017487239,0.086376642988086,0.0831247877345954,0.082637031846249,0.105646017080906,0.1085961617488958395970983338,0.0839237840335849395970983338,0.0246723777153109,3.5374109642422324248185872912,48.995669598110223963914869274,51.641388490521288331693676177,1771892000
22.39,2,0.0830214185928372084076591771,0.0868615172000506,0.0863744796318889,0.0831226599037348,0.0826353254646001,0.105632960827002,0.1085830379484661358627433613,0.0839106602331552358627433613,0.0246723777153109,3.536917644828662755864753368,48.992048503914245955360620666,51.637844498647467553900033182,1772684000
22.40,2,0.0830192758840576024076591771,0.0868589156183015,0.0863722986962908,0.0831205145820072,0.082633601045426,0.105619918006906,0.1085699269601494400749510927,0.0838975492448385400749510927,0.0246723777153109,3.5364245793030790244743645245,48.988430152093975978984649563,51.634301807365104780316065077,1773475000
22.41,2,0.0830171448448375414076591771,0.0868563260383313,0.0863701292170916,0.0831183809440698,0.0826318877643296,0.105606884107919,0.1085568252873295668433788826,0.0838844475720186668433788826,0.0246723777153109,3.5359316665104596099871816789,48.984824137144343291132885867,51.630768924115251630111446555,1774267000
22.42,2,0.0830150154139982014076591771,0.0868537386814908,0.0863679614165849,0.0831162489164744,0.0826301755488062,0.105593867747779,0.1085437412012576977981318395,0.0838713634859467977981318395,0.0246723777153109,3.5354391424203183790376159122,48.981212280074800855207912013,51.627229676897977046720627523,1775059000
22.43,2,0.0830128875727157934076591771,0.0868511532875727,0.0863657950355046,0.0831141184803744,0.0826284643809509,0.105580862015117,0.1085306677857273100919195610,0.0838582900704164100919195610,0.0246723777153109,3.5349468079135666574256600651,48.977620599781931382398580039,51.623707092477890200046862886,1775851000
22.44,2,0.0830107513571507494076591771,0.0868485599145422,0.0863636201327548,0.0831119796597796,0.0826267442857129,0.105567868056387,0.1085176058395540300929922381,0.0838452281242431300929922381,0.0246723777153109,3.5344546848902283653254932971,48.974010456508648256283630433,51.620167162151393790117419963,1776642000
22.45,2,0.0830086277118254974076591771,0.0868459792022932,0.0863614573491661,0.0831098534247535,0.0826250362340932,0.105554876050699,0.1085045462681870823638275514,0.0838321685528761823638275514,0.0246723777153109,3.533962511826240234162922131,48.97040212827237599079769256,51.61662791014660951638283139,1777434000
22.46,2,0.0830065056912300124076591771,0.0868434005919668,0.0863592961268146,0.0831077288164385,0.0826233292681696,0.105541897643776,0.1084915003417862149284542233,0.0838191226264753149284542233,0.0246723777153109,3.5334706106035353193207302849,48.966811740537078401325456051,51.613103272635956967562158672,1778226000
22.47,2,0.0830043852582162604076591771,0.0868408240647004,0.0863571364477708,0.0831056057976412,0.0826216233516823,0.10552893336116,0.1084784685849488109699923295,0.0838060908696379109699923295,0.0246723777153109,3.5329789952663477846204220002,48.963217431429669411289297535,51.609574002865095096377315216,1779017000
22.48,2,0.0830022674122926434076591771,0.0868382506024318,0.086354979294903,0.0831034853690889,0.0826199194862899,0.105515982647287,0.1084654504767515101005249786,0.0837930727614406101005249786,0.0246723777153109,3.5324876499069616854447809993,48.959620845947202621668128568,51.606041552551744077904389282,1779809000
22.49,2,0.0830001611712962134076591771,0.0868356890031758,0.0863528334671552,0.0831013765596155,0.0826182267017557,0.105503038734736,0.1084524395609736771589974253,0.0837800618456627771589974253,0.0246723777153109,3.5319963885839147799894978393,48.956034927576666416243406586,51.602517439685859829216562552,1780601000
22.50,2,0.0829980455164093444076591771,0.0868331183549287,0.0863506780534503,0.0830992583247718,0.0826165239545581,0.105490105783543,0.1084394392653319375062280670,0.0837670615500210375062280670,0.0246723777153109,3.5315053085096783672846813225,48.952444868640122737159725696,51.598988559132885451339249422,1781393000
22.51,2,0.0829959324654708364076591771,0.0868305506531948,0.0863485250502174,0.0830971426970519,0.0826148232781163,0.105477182524405,0.1084264487399646710750381444,0.0837540710246537710750381444,0.0246723777153109,3.5310143843531609618786969306,48.948867417445753563580632228,51.595469655959360746928423418,1782184000
22.52,2,0.0829938219215664524076591771,0.0868279858158882,0.0863463743762937,0.0830950295794234,0.0826131245763216,0.105464269386993,0.1084134684114497202075390464,0.0837410906961388202075390464,0.0246723777153109,3.5305236273505408628016534608,48.94527981607016124190060304,51.591940695153395428788193307,1782976000
22.53,2,0.0829917120588028834076591771,0.0868254221239192,0.0863442243135102,0.0830929171437663,0.0826114260219753,0.105451369525401,0.1084005013719962058137058439,0.0837281236566853058137058439,0.0246723777153109,3.5300331251027159634578460372,48.941701003951005848254064445,51.58841826494998642201025055,1783768000
22.54,2,0.0829896047801980884076591771,0.0868228611909906,0.0863420764764887,0.0830908072954192,0.0826097295213356,0.105438474554986,0.1083875392984174280579334297,0.0837151615831065280579334297,0.0246723777153109,3.5295426381835845896472674982,48.938125512644463722268283733,51.584897727506578697822994054,1784560000
22.55,2,0.0829875090852665574076591771,0.0868203125254605,0.0863399403745041,0.0830887090448712,0.0826080440858089,0.105425598575537,0.1083745966137836902478671178,0.0837022188984727902478671178,0.0246723777153109,3.529052578799309499565608405,48.934551247256785644123783202,51.581376923884504699158735357,1785351000
22.56,2,0.0829854049918514214076591771,0.086817755705517,0.0863377955866598,0.083086602385598,0.0826063497097866,0.105412730043963,0.1083616610693548589194317515,0.0836892833540439589194317515,0.0246723777153109,3.528562595064962721825768438,48.930969818488380445262976916,51.577848730319180130034812597,1786143000
22.57,2,0.0829833024811411204076591771,0.086815200704826,0.086335652087534,0.0830844973109598,0.0826046563875421,0.105399868221819,0.1083487322752449740622675419,0.0836763545599340740622675419,0.0246723777153109,3.5280726748267776089976244779,48.9274124409310993792369499,51.574340610848887962300456277,1786935000
22.58,2,0.0829812025709805034076591771,0.086812648861316,0.0863335112159668,0.0830823948400424,0.0826029651390732,0.105387022221748,0.1083358193852693508209564372,0.0836634416699584508209564372,0.0246723777153109,3.5275830793378809192768670843,48.923839941722635475337170785,51.570817899123439272235619566,1787726000
22.59,2,0.0829791142242319494076591771,0.0868101089594692,0.0863313817573495,0.0830803039466382,0.0826012849390818,0.105374186465947,0.1083229171316297924524896993,0.0836505394163188924524896993,0.0246723777153109,3.5270936567025896545065118977,48.920269769029857212619725813,51.567296052583265605196268249,1788518000
22.60,2,0.0829770164770697954076591771,0.0868075597193634,0.0863292424326668,0.083078203641357,0.0825995947990852,0.105361353001006,0.1083100168231342385312096690,0.0836376391078233385312096690,0.0246723777153109,3.5266041569522380320478312404,48.916714357192881345004791855,51.563786192178267943785817611,1789310000
22.61,2,0.0829749323290136814076591771,0.0868050248695379,0.0863271169713631,0.0830761169517654,0.0825979177475559,0.105348541498177,0.1082971389471971195035570835,0.0836247612318862195035570835,0.0246723777153109,3.5261151660236364861395384719,48.913155614504298240460894682,51.560271953683151793208152949,1790102000
22.62,2,0.0829728387429285434076591771,0.0868024807817738,0.0863249817461229,0.0830740208126355,0.0825962307201698,0.105335736238079,0.1082842669694313295323197615,0.0836118892541204295323197615,0.0246723777153109,3.525626209257139396121394512,48.90958754236544217299596503,51.55674840810909531520712993,1790893000
22.63,2,0.0829707567549912734076591771,0.0867999487007802,0.0863228580025566,0.0830719362857969,0.0825945547796582,0.105322942090032,0.1082714064976524307853330371,0.0835990287823415307853330371,0.0246723777153109,3.5251374463204406018579264021,48.906041402571163474053027801,51.553242935108976715412875522,1791685000
22.64,2,0.0829686673463962804076591771,0.0867974095224065,0.0863207266374128,0.0830698443292514,0.0825928708849228,0.105310157606573,0.1082585554185840697686459292,0.0835861777032731697686459292,0.0246723777153109,3.5246488156882740235233133021,48.902489023267530689877985291,51.549730786220628720758305496,1792477000
22.65,2,0.0829665895166665964076591771,0.0867948821637079,0.0863186065686444,0.0830677639656912,0.082591198059554,0.105297379430578,0.1082457110373755033355466405,0.0835733333220646033355466405,0.0246723777153109,3.5241602391744888517089434927,48.89894241394187121283241779,51.546222580275648716858058145,1793269000
22.66,2,0.0829645132653260984076591771,0.0867923569559327,0.0863164881283949,0.083065685182445,0.0825895262917764,0.105284617585353,0.1082328830338237551632490179,0.0835605053185128551632490179,0.0246723777153109,3.5236719931004807094019029756,48.89539480808875767088242467,51.542712148765381501966690954,1794060000
22.67,2,0.0829624285918995004076591771,0.0867898237387534,0.0863143611572307,0.0830635979668422,0.0825878455698136,0.105271868017306,0.1082200670022457514685697550,0.0835476892869348514685697550,0.0246723777153109,3.5231839502683513280279982689,48.891849320457018684291998386,51.53920232093059752682194508,1794852000
22.68,2,0.0829603564959123624076591771,0.0867873032969199,0.0863122464407933,0.0830615233440166,0.0825861769196918,0.105259123475709,0.1082072564217395135169048751,0.0835348787064286135169048751,0.0246723777153109,3.5226959228836444390130358948,48.888314297576017286597187296,51.535700575696654075652541615,1795644000
22.69,2,0.0829582849952188524076591771,0.08678478364105,0.0863101319905902,0.0830594493172106,0.0825845083455434,0.105246384381144,0.1081944512942386915865388961,0.0835220735789277915865388961,0.0246723777153109,3.5222079100174141512795676531,48.884763231496523649062915994,51.532183580267249903896432408,1796436000
22.70,2,0.0829562060526906514076591771,0.0867822573979804,0.0863080104343463,0.0830573678394948,0.0825828318013277,0.105233670168177,0.1081816707851821248378997787,0.0835092930698712248378997787,0.0246723777153109,3.5217204597346455751093297066,48.881224973326101863355270035,51.528676304198385475842324182,1797227000
22.71,2,0.0829541397045113764076591771,0.0867797437037257,0.0863059009089616,0.0830552989714863,0.0825811673485482,0.105220954009459,0.1081688887514300090906914951,0.0834965110361191090906914951,0.0246723777153109,3.5212328221052093870291761311,48.877698804285687697149659434,51.525178672209346667965586843,1798019000
22.72,2,0.0829520739135543734076591771,0.0867772311230002,0.086303791980035,0.0830532306613796,0.082579502936284,0.10520825377015,0.1081561226482052682540898539,0.0834837449328943682540898539,0.0246723777153109,3.5207454962000251564864248513,48.874164463551622321792377136,51.521672472038594752252634256,1798811000
22.73,2,0.0829500097160049224076591771,0.0867747203868942,0.0863016843795391,0.0830511639466234,0.0825778396028669,0.105195560659147,0.1081433637153065006629625049,0.0834709859999956006629625049,0.0246723777153109,3.5202582300734393444896732671,48.870629837553737516777879953,51.518164826165689711421002745,1799602000
22.74,2,0.0829479370747380284076591771,0.0867722019259926,0.0862995685389389,0.0830490887778531,0.0825761672998128,0.105182888595794,0.1081306255296599059579388857,0.0834582478143490059579388857,0.0246723777153109,3.5197714116913874655872868561,48.867115918046876450703782172,51.51467391026268502567533379,1800394000
22.75,2,0.0829458870259406304076591771,0.0867697059722324,0.0862974746910495,0.083047036229103,0.0825745171020349,0.105170212923143,0.1081178845044487677100187966,0.0834455067891378677100187966,0.0246723777153109,3.5192843643569606568308858226,48.863580952980012467391001666,51.511163480987750833376225521,1801186000
22.76,2,0.0829438185324893824076591771,0.0867671922246247,0.0862953625357593,0.0830449652132064,0.0825728479232441,0.105157556871532,0.1081051624494056459706521585,0.0834327847340947459706521585,0.0246723777153109,3.518797711888614838394649325,48.860066570243367969940225697,51.507669698577797712588543019,1801978000
22.77,2,0.0829417616305728714076591771,0.0867646902202796,0.0862932616110527,0.08304290580298,0.082571189837132,0.105144904575376,0.1080924445394722691082603038,0.0834200668241613691082603038,0.0246723777153109,3.5183110285953454712871747644,48.856543267442890594142271214,51.504166910899183786194306855,1802769000
22.78,2,0.0829397163593917484076591771,0.0867622004872678,0.0862911724458733,0.0830408580376722,0.0825695428838204,0.105132270032002,0.1080797447819069870463789828,0.0834073670665960870463789828,0.0246723777153109,3.5178247147711889080783390202,48.853024299737181763282604016,51.500666475769381396057238294,1803561000
22.79,2,0.0829376635840966724076591771,0.0867597033593739,0.0862890753748768,0.0830388027590994,0.0825678879059975,0.105119639027655,0.1080670482853045470615320274,0.0833946705699936470615320274,0.0246723777153109,3.5173383428244224210283668541,48.849516490532150645846827094,51.497174713873861935646453831,1804353000
22.80,2,0.0829356023806126654076591771,0.0867571981706397,0.086286969732974,0.08303673904206,0.082566223979331,0.105107019002217,0.1080543624618025901649939232,0.0833819847464916901649939232,0.0246723777153109,3.5168521241128013894770191867,48.845997811191315986139096348,51.493672070006978339761028739,1805145000
22.81,2,0.0829335517484760364076591771,0.08675470399442,0.0862848745943872,0.0830346859092592,0.0825645701273942,0.105094411074029,0.1080416890947415101578437445,0.0833693113794306101578437445,0.0246723777153109,3.5163661087408852476630093774,48.842488465227438131698560917,51.490176282132451060777274908,1805936000
22.82,2,0.0829315136688961314076591771,0.0867522229812081,0.0862827921104751,0.0830326453443224,0.0825629283346785,0.105081819986909,0.1080290330001304502090908235,0.0833566552848195502090908235,0.0246723777153109,3.5158804336928063213863302689,48.838990304038616338997467514,51.486688870058858605184558609,1806728000
22.83,2,0.0829294671780664384076591771,0.0867497337562794,0.0862807009073766,0.0830305963578787,0.0825612776126769,0.105069235072113,0.1080163827697892693930901008,0.0833440050544783693930901008,0.0246723777153109,3.5153947711639209632168587397,48.835485754475015237415135436,51.483194605194423252610735044,1807520000
22.84,2,0.0829274232388701504076591771,0.0867472473220064,0.0862786119883261,0.0830285499261801,0.0825596289385039,0.105056656886007,0.1080037393437512905430215577,0.0833313616284403905430215577,0.0246723777153109,3.5149091470998320665588899107,48.831978201127108563350464939,51.479696439834935984852418305,1808312000
22.85,2,0.0829253798691745994076591771,0.0867447617245498,0.0862765234003442,0.0830265040646766,0.08255798032847,0.105044086342644,0.1079911035673536817995340121,0.0833187258520427817995340121,0.0246723777153109,3.5144235847332889304425325813,48.828483875734265650775589724,51.476208637787239725940181401,1809103000
22.86,2,0.0829233390685201474076591771,0.0867422792083672,0.0862744373887466,0.0830244607753471,0.0825563337854126,0.105031530350733,0.1079784824234591845386837222,0.0833061047081482845386837222,0.0246723777153109,3.5139382831242154750419659157,48.824981666878859412813603336,51.472712458006153711505591335,1809895000
22.87,2,0.0829213088181201844076591771,0.0867398077301855,0.0862723619111165,0.0830224280491377,0.0825546973011347,0.10501898779085,0.1079658750710396740100706719,0.0832934973557287740100706719,0.0246723777153109,3.5134532171945625937614850295,48.821488581700050985262882598,51.469222883555337231585015196,1810687000
22.88,2,0.0829192711358444584076591771,0.0867373288987099,0.0862702785770138,0.0830203878819896,0.0825530528724327,0.105006447888239,0.1079532701000868467097558204,0.0832808923847759467097558204,0.0246723777153109,3.5129680590872950180268964482,48.817999093209254194981276967,51.465735289115115409964156951,1811478000
22.89,2,0.0829172350212357434076591771,0.0867348521173057,0.0862681967906562,0.0830183492844204,0.082551409510677,0.104993921735279,0.1079406789244249591116535714,0.0832683012091140591116535714,0.0246723777153109,3.5124831348000422623865656478,48.814505557594745513537240516,51.46224269262072357626650843,1812270000
22.90,2,0.0829152005310328714076591771,0.0867323775032287,0.0862661166701505,0.0830163123132378,0.0825497672735271,0.10498141106195,0.1079281032771018350494153434,0.0832557255617909350494153434,0.0246723777153109,3.5119984929965805991007173924,48.811029955689909739443988995,51.458764401478832185999528346,1813062000
22.91,2,0.0829131785319958774076591771,0.0867299155486316,0.0862640487084987,0.0830142878484535,0.0825481370418442,0.104968904571492,0.1079155322344381508637291332,0.0832431545191272508637291332,0.0246723777153109,3.511513819752200975113414879,48.807538930168543921202677986,51.455271278171396630846715333,1813854000
22.92,2,0.0829111570992590944076591771,0.0867274544582887,0.086261981111322,0.0830122639506601,0.0825465068770685,0.104956406601092,0.1079029697193637612514671134,0.0832305920040528612514671134,0.0246723777153109,3.511029226466188689454766912,48.804047408277756475226738633,51.451776372896535471239975465,1814645000
22.93,2,0.0829091282140407094076591771,0.0867221913849805,0.0862571110322466,0.0830102325912971,0.0825448687514857,0.104863884155869,0.1078103336730052842653050949,0.0832180441334909842653050949,0.0245922895395143,3.5105448873911190679247663284,48.784129795574312820567207076,51.448302285575816435723985056,1815437000
22.94,2,0.0829071008942152564076591771,0.086719547996468,0.0862548601398772,0.0830082027992359,0.0825432316948114,0.104846334776361,0.1077927164290951251144063191,0.0832055004370048251144063191,0.0245872159920903,3.513182137661910871517310344,48.779600076411423485727618088,51.462141377807753999900249773,1816229000
22.95,2,0.0829050851210025044076591771,0.0867169168657517,0.0862526210080562,0.083006184567868,0.0825416057012794,0.104828805174841,0.1077751193615607015102807952,0.0831929727131157015102807952,0.024582146648445,3.5128232448090348715173103443,48.775068772491094441935818051,51.459349159898331533139009053,1817021000
22.96,2,0.0829030609122785714076591771,0.0867142778766967,0.0862503735214888,0.0830041578907022,0.0825399707652393,0.104811292560707,0.1077575389794879324101934741,0.0831804574730641324101934741,0.0245770815064238,3.5124647095917608715173103435,48.77056016288611150858071909,51.456576584169362522078037414,1817812000
22.97,2,0.0829010483426551394076591771,0.0867116508875427,0.0862481375392529,0.0830021428668304,0.0825383469866217,0.104793789685994,0.1077399687323992192841511440,0.0831679481685261192841511440,0.0245720205638731,3.5121063444144248715173103439,48.766041825166773985953037491,51.453795296228579595753296901,1818604000
22.98,2,0.0828990372431637874076591771,0.0867090258904164,0.086245903054312,0.0830001293148834,0.0825367241848947,0.104776301696664,0.1077224134138796400606915469,0.0831554495952410400606915469,0.0245669638186386,3.5117482866648398715173103438,48.761520353058668302502150553,51.451010986415579815627870078,1819396000
22.99,2,0.0828970186884832964076591771,0.0867063938317537,0.0862436610139371,0.0829981082986559,0.0825350934246883,0.104758825387956,0.1077048695051860897081796429,0.0831429582366197897081796429,0.0245619112685663,3.5113904356001488715173103434,48.757011933154234303959558843,51.448237955262264013846960315,1820187000
23.00,2,0.0828950016964929224076591771,0.0867037640408173,0.0862414207482234,0.0829960888470242,0.0825334637357122,0.104741369204175,0.1076873457710948613557371210,0.0831304828595930613557371210,0.0245568629115018,3.5110330423744158715173103439,48.752502565944926875136672931,51.445463706746101859299484504,1820979000
23.01,2,0.0828930052484171504076591771,0.0867011550231032,0.0862392007634986,0.0829940899643596,0.0825318541231697,0.104723918527658,0.1076698282487086891339944789,0.0831180095034175891339944789,0.0245518187452911,3.5106757070418068715173103433,48.747987966452748459451519874,51.442684782314540805483719329,1821771000
23.02,2,0.0828909913621367964076591771,0.0866985294419928,0.0862369637239737,0.0829920736222251,0.082530226559454,0.104706493833246,0.1076523360973964773343398391,0.0831055573296160773343398391,0.0245467787677804,3.5103189785395118715173103429,48.743496955687371851991734246,51.439926081836337763589984009,1822563000
23.03,2,0.0828889890188779034076591771,0.0866959155974232,0.0862347379304133,0.0829900688371884,0.0825286100619608,0.10468907409281,0.1076348492895206762466914011,0.0830931063127056762466914011,0.024541742976815,3.5099622831797058715173103436,48.738988133765043286405192243,51.437151671498914377700974547,1823354000
23.04,2,0.0828869793111291214076591771,0.0866932950274294,0.0862325049216786,0.0829880566786812,0.0825269857009484,0.104671673055801,0.1076173809218715588422790097,0.0830806695516302588422790097,0.0245367113702413,3.5096059962194888715173103437,48.734487794364731748239846232,51.434384363000831072106756301,1824146000
23.05,2,0.0828849900708406364076591771,0.0866906952901239,0.0862302922567064,0.0829860650125934,0.0825253813431317,0.104654281422194,0.1075999226618838235390575871,0.0830682387159788235390575871,0.024531683945905,3.5092498790101648715173103437,48.729995020270464860286305759,51.431623532247881350468987486,1824938000
23.06,2,0.0828829823722397994076591771,0.0866880776957234,0.086228061246536,0.0829840548656842,0.0825237580160929,0.104636907989401,0.1075824819513854256550744061,0.0830558212497336256550744061,0.0245266607016518,3.5088941448061168715173103441,48.725498147006660144108529744,51.428858767953520081323758097,1825730000
23.07,2,0.0828809872148835234076591771,0.0866854732616288,0.0862258429093894,0.082982057275313,0.0825221467580129,0.104619551644101,0.1075650587602515346254328956,0.0830434171249236346254328956,0.0245216416353279,3.508538792806033871517310343,48.721020132182360207039708451,51.426110234074983589414505164,1826521000
23.08,2,0.0828789936166572674076591771,0.0866828706043012,0.0862236258625467,0.0829800612459732,0.0825205365742046,0.104602201466401,0.1075476417779921317247969142,0.0830310150332131317247969142,0.024516626744779,3.5081834990499608715173103432,48.716523773900927896274180399,51.423345504776598397259955824,1827313000
23.09,2,0.0828770016330746164076591771,0.0866802701758284,0.0862214105589131,0.082978066833246,0.0825189275210672,0.104584868809766,0.1075302423669615897090692368,0.0830186263391104897090692368,0.0245116160278511,3.5078285891070808715173103441,48.712036454360224109963197771,51.420588377996426722555253369,1828105000
23.10,2,0.0828750101333923124076591771,0.0866776708421222,0.0862191958652159,0.0829760729050092,0.0825173184672946,0.104567553637625,0.1075128604510605762141352066,0.0830062509686705762141352066,0.02450660948239,3.5074740608590218715173103435,48.707561085360699777712426727,51.417841410128013988837083435,1828897000
23.11,2,0.0828730211731899774076591771,0.0866750745257381,0.0862169837048249,0.0829740815193492,0.0825157114717878,0.104550252032936,0.1074954921827568870867284711,0.0829938850765152870867284711,0.0245016071062416,3.5071198041438158715173103433,48.70307988642912182985804565,51.415089071104822214670641927,1829688000
23.12,2,0.0828710347337005804076591771,0.0866724811295745,0.0862147739814507,0.082972092657476,0.0825141065165695,0.104532961753442,0.1074781353178000045502446228,0.0829815264205482045502446228,0.0244966088972518,3.5067657547301318715173103432,48.698591729619830543638611853,51.412330420656081073948931349,1830480000
23.13,2,0.0828690488694689534076591771,0.0866698887852859,0.0862125648275583,0.0829701043715621,0.0825125016546233,0.104515685109183,0.1074607920996473093079747294,0.0829691772463809093079747294,0.0244916148532664,3.5064119769500028715173103436,48.694110843356222091900791033,51.409577901766387300321237411,1831272000
23.14,2,0.0828670555990356754076591771,0.0866672894593153,0.0862103482103996,0.082968108670415,0.0825108888955661,0.104498421026457,0.1074434611749104104934730661,0.0829568362027791104934730661,0.0244866249721313,3.5060584320934178715173103436,48.689649323859484841775508874,51.406842162212364138274412818,1832063000
23.15,2,0.0828650827923042454076591771,0.086664711357804,0.0862081523369231,0.0829661334579244,0.0825092961440952,0.104481177673523,0.1074261516912827568232526317,0.0829445124395902568232526317,0.0244816392516925,3.5057053822841978715173103442,48.685176560840066943973743374,51.404096123468308936780674569,1832855000
23.16,2,0.0828631025411919534076591771,0.0866621260239501,0.0862059487511324,0.0829641507919748,0.0825076954589012,0.104463940799397,0.1074088484133597515431521203,0.0829321907235639515431521203,0.0244766576897958,3.5053523911218648715173103441,48.680711636483708451197319534,51.40135687565867961615847264,1833647000
23.17,2,0.0828611238269355524076591771,0.086659542763588,0.0862037467596658,0.0829621696647552,0.0825060958329774,0.104446719228718,0.1073915604852015518394677743,0.0829198802009142518394677743,0.0244716802842873,3.504999720626150871517310343,48.676243434527079378646656875,51.398614456456934586282617396,1834439000
23.18,2,0.0828591556491003254076591771,0.0866569708717284,0.086201555658336,0.0829601990868055,0.0825045062776662,0.10442952095036,0.1073742962152363576347725271,0.0829075891822238576347725271,0.0244667070330125,3.5046476088777128715173103439,48.671783222795374342088324293,51.395878570530101131176739744,1835230000
23.19,2,0.0828571710808947694076591771,0.0866543826589963,0.0861993477585684,0.0829582120984982,0.082502899834141,0.104412325537641,0.1073570342229082223992485672,0.0828952962890907223992485672,0.0244617379338175,3.5042954434304458715173103434,48.667327874535639594201625886,51.393146947767547687366217828,1836022000
23.20,2,0.0828552069745371584076591771,0.0866518155932816,0.0861971605290518,0.0829562455969911,0.082501313400359,0.104395148690116,0.1073397915058454480465599992,0.0828830185212973480465599992,0.0244567729845481,3.5039437112922448715173103438,48.662865339520722360397152069,51.390408633045689135924909851,1836814000
23.21,2,0.0828532344033011604076591771,0.0866492405468047,0.0861949648428036,0.0829542706202831,0.0824997180151166,0.104377986166023,0.1073225628083529041747090485,0.0828707506253025041747090485,0.0244518121830504,3.5035922619602398715173103432,48.65840593844795186444346599,51.387672800819075433572415195,1837605000
23.22,2,0.0828512633667550524076591771,0.0866466675424349,0.0861927707234888,0.0829522971801365,0.0824981236909721,0.104360838108637,0.1073053486234408650599590083,0.0828584930962708650599590083,0.02444685552717,3.503241109619853871517310343,48.653966324120466200831476523,51.384954051702261652320909827,1838397000
23.23,2,0.0828492949378564544076591771,0.0866440977140186,0.0861905793057472,0.0829503263508173,0.0824965315029857,0.104343706205338,0.1072881506770582480728708016,0.0828462476623052480728708016,0.024441903014753,3.5028903037775858715173103441,48.649516040566541668405995638,51.382225620043598303172713577,1839189000
23.24,2,0.0828473369693346814076591771,0.0866415387189758,0.086188398247791,0.082948365994631,0.0824949493142554,0.10432658445171,0.1072709632357143605312758131,0.0828340085920691605312758131,0.0244369546436452,3.5025396802427398715173103439,48.645066231031344355882527604,51.379497412000236490185518485,1839981000
23.25,2,0.0828453715525399564076591771,0.08663897257902,0.0861862095721243,0.0829463981810888,0.0824933591950836,0.104309471791952,0.1072537846168473909458078540,0.0828217742051549909458078540,0.0244320104116924,3.5021891908751838715173103435,48.640627425276053502125405912,51.376778702854156672906533433,1840772000
23.26,2,0.0828434176503879784076591771,0.0866364187862624,0.0861840327716471,0.082944441896231,0.0824917801322996,0.104292382386615,0.1072366296526737057325511000,0.0828095593359330057325511000,0.0244270703167407,3.5018392606483218715173103431,48.636183582695623796377834349,51.374055086156587109849579769,1841564000
23.27,2,0.0828414543539145514076591771,0.0866338557946375,0.086181846301081,0.0829424762055958,0.0824901911922295,0.104275299087038,0.1072194804530588702367025082,0.0827973460964231702367025082,0.0244221343566357,3.5014893771092738715173103435,48.631734181796988184492121672,51.37132650515263529565001373,1842356000
23.28,2,0.0828395035163573774076591771,0.0866313060478944,0.0861796726049608,0.08294052298907,0.082488614255546,0.104258237658192,0.1072023535566735278019451060,0.0827851510274500278019451060,0.0244172025292235,3.5011400141177578715173103439,48.627312920553285552689774914,51.368622148648747253462393002,1843148000
23.29,2,0.0828375442104889784076591771,0.0866287482573265,0.0861774903953633,0.0829385612939062,0.082487028370286,0.104241188845157,0.1071852389712980424540463674,0.0827729641389479424540463674,0.0244122748323501,3.5007908854794748715173103431,48.622872345558849296081891679,51.365900612926076958954936974,1843939000
23.30,2,0.0828355875088310294076591771,0.0866261933955082,0.0861753106456457,0.0829366022061286,0.0824854446232565,0.10422414920563,0.1071681336396911832478348624,0.0827607823758302832478348624,0.0244073512638609,3.5004419036726398715173103441,48.618435756496799658299644384,51.363182404693579947056861866,1844731000
23.31,2,0.0828336412466730174076591771,0.0866236493460099,0.0861731412401588,0.0829346535705814,0.0824838708600829,0.10420711971162,0.1071510388084284993113670815,0.0827486069868261993113670815,0.0244024318216023,3.5000931044707078715173103433,48.614012668854802376488060542,51.360475840200852440556804396,1845523000
23.32,2,0.0828316965332564084076591771,0.0866211076876386,0.0861709737584888,0.0829327064856643,0.0824822981799443,0.104190114275546,0.1071339680875873924987500060,0.0827364515841674924987500060,0.0243975165034199,3.4997448778353948715173103429,48.609591810742261469275075623,51.357770725640249665578668172,1846314000
23.33,2,0.0828297443498298124076591771,0.0866185588304468,0.0861687986114653,0.0829307519216278,0.082480717553869,0.104173117013023,0.1071169052678009774704576135,0.0827242999606412774704576135,0.0243926053071597,3.499396759464252871517310344,48.605161352455014850456358982,51.355057050827482939750208484,1847106000
23.34,2,0.0828278027503397634076591771,0.0866160209489276,0.0861666339743573,0.0829288079544346,0.082479147058596,0.104156130430046,0.1070998534878459440573426142,0.0827121552571783440573426142,0.0243876982306676,3.4990488393383208715173103432,48.600741118586596417398123651,51.352352129700202041932014809,1847898000
23.35,2,0.0828258626072351024076591771,0.0866134852725174,0.0861644710773754,0.0829268654454028,0.082477577556218,0.104139165227638,0.1070828231361648004177611410,0.0827000278643754004177611410,0.0243827952717894,3.4987014151262678715173103431,48.596323548091481938681632979,51.349649096388853336519951949,1848690000
23.36,2,0.0828239149928540434076591771,0.0866109422901368,0.0861623004102127,0.0829249154559836,0.0824760001089593,0.104122205166658,0.1070657976516045151740880083,0.0826879012232336151740880083,0.0243778964283709,3.4983540124477208715173103441,48.59190095197685458431741077,51.346941581761626721823282615,1849481000
23.37,2,0.0828219789609584324076591771,0.0866084116914206,0.0861601416632748,0.0829229770631742,0.0824744337945885,0.104105267457735,0.1070487949214939863736784173,0.0826757932232357863736784173,0.0243730016982582,3.4980071437986108715173103429,48.587498739272110795693488492,51.344251458842118039271765128,1850273000
23.38,2,0.0828200444027010184076591771,0.0866058828901293,0.0861579842510918,0.0829210401458002,0.0824728684927008,0.104088338959791,0.1070318014433344014817400625,0.0826636903640372014817400625,0.0243681110792972,3.4976604224225508715173103439,48.58308870471111885749617137,51.341554302235879282739741233,1851065000
23.39,2,0.0828181013535795264076591771,0.0866033461280642,0.0861558184162326,0.0829190947272077,0.0824712942274108,0.104071426102676,0.1070148233025286808478583147,0.0826515987331951808478583147,0.0243632245693335,3.4973140227152118715173103434,48.578674719011288494899899899,51.338853368286820751890273579,1851857000
23.40,2,0.0828161699038273654076591771,0.0866008214170393,0.0861536641712774,0.0829171609221296,0.0824697311142179,0.10405452558805,0.1069978579011746640606075054,0.0826395157349614640606075054,0.0243583421662132,3.4969678703138838715173103439,48.574280373504253624261303962,51.336169394681174889262176862,1852648000
23.41,2,0.0828142398899886404076591771,0.0865982985714554,0.0861515113313917,0.0829152285547159,0.0824681689780372,0.104037637314328,0.1069809047823039136337513363,0.0826274409145217136337513363,0.0243534638677822,3.4966219521890958715173103432,48.569866745992482972540671129,51.333468272979727618488143722,1853440000
23.42,2,0.0828123114023601674076591771,0.0865957776199591,0.0861493599259848,0.0829132977153736,0.0824666079100391,0.104020759511309,0.1069639621778214863044579669,0.0826153725059353863044579669,0.0243485896718861,3.4962762177503778715173103442,48.565460520844927582242367541,51.330773433113575479009289089,1854232000
23.43,2,0.0828103745126643004076591771,0.0865932492395429,0.0861472006328107,0.082911358463718,0.0824650379706006,0.104003910031858,0.1069470476043728721665045879,0.0826033280280015721665045879,0.0243437195763713,3.4959311688743548715173103435,48.561077453605509927091461595,51.328098284347430373472716762,1855024000
23.44,2,0.0828084600761461524076591771,0.0865907432672956,0.0861450632897182,0.0829094416926208,0.082463490053354,0.10398705810304,0.1069301313490960729247435842,0.0825912777700127729247435842,0.0243388535790833,3.4955859544119538715173103443,48.556671375571397354173100156,51.325403036502442058130014035,1855815000
23.45,2,0.0828065261462634554076591771,0.0865882186439639,0.0861429068382121,0.0829075054043877,0.0824619221613635,0.103970231331335,0.1069132395687335158069655554,0.0825792478908654158069655554,0.0243339916778681,3.4952413237603558715173103434,48.552283346607440025004294703,51.322723079666505300123513763,1856607000
23.46,2,0.0828046048128837574076591771,0.0865857068881085,0.0861407627976099,0.0829055817280185,0.0824603664243862,0.103953411675215,0.1068963553327561668773165768,0.0825672214621846668773165768,0.0243291338705715,3.4948967919573448715173103437,48.547895945707911231202306092,51.320043529718894596807599036,1857399000
23.47,2,0.0828026839132961864076591771,0.0865831959323891,0.0861386191013261,0.0829036584859704,0.0824588106656347,0.103936602502997,0.1068794815863103235589692004,0.0825552014312708235589692004,0.0243242801550395,3.4945524434368548715173103443,48.543502963631799055660095736,51.317358878868527354487268236,1858190000
23.48,2,0.0828007655374312004076591771,0.086580688053004,0.0861364780263128,0.0829017377707226,0.0824572569783422,0.10391980903916,0.1068626236301573685018746396,0.0825431931010394685018746396,0.0243194305291179,3.4942084301162268715173103438,48.539126238816127050858658268,51.314688140294318659187365421,1858982000
23.49,2,0.0827988477566466774076591771,0.0865781814411418,0.0861343377645107,0.0828998176512808,0.0824557034322671,0.103903034816245,0.1068457849315859370930553375,0.0825311999409333370930553375,0.0243145849906526,3.493864851387673871517310343,48.53474129527305347987697287,51.312009788890625742718023311,1859774000
23.50,2,0.0827969324086021114076591771,0.0865756774643257,0.0861321996841934,0.0828978999675456,0.0824541518680608,0.10388626627499,0.1068289519873457827415653496,0.0825192084498562827415653496,0.0243097435374895,3.4935213204732818715173103437,48.530351980221428693666948162,51.309327503075686774088832741,1860566000
23.51,2,0.0827950185647180484076591771,0.0865731756029486,0.0861300632665025,0.0828959837898052,0.0824526013567607,0.103869515175459,0.1068121365322298845329358397,0.0825072303647553845329358397,0.0243049061674745,3.4931781736118168715173103431,48.525975406889572990239533255,51.30665600651445425264631441,1861357000
23.52,2,0.0827931063144989424076591771,0.0865706760707025,0.0861279287258775,0.0828940692076732,0.0824510519887283,0.103852785069201,0.1067953421231071187235195146,0.0824952692446535187235195146,0.0243000728784536,3.4928355127617738715173103442,48.52160975823513212492405083,51.303993623696598194014486536,1862149000
23.53,2,0.0827911955143010074076591771,0.0865681780058232,0.0861257952013,0.0828921560773306,0.082449503620891,0.10383605539944,0.1067785481856747697315580297,0.0824833045174023697315580297,0.0242952436682724,3.4924927485745158715173103437,48.517230899746733478414447507,51.301319683076701235990846383,1862941000
23.54,2,0.0827892962885004964076591771,0.0865656925005105,0.0861236737857141,0.0828902545354999,0.0824479663907159,0.103819353350504,0.1067617822748400884410884481,0.0824713637400629884410884481,0.0242904185347771,3.4921506705016898715173103433,48.512875193450431923638252525,51.298665403684799149541708007,1863733000
23.55,2,0.0827873884936987874076591771,0.0865631983909022,0.0861215433160002,0.0828883444142185,0.0824464201309835,0.103802650755568,0.1067450155023523805774989850,0.0824594180265389805774989850,0.0242855974758134,3.4918084510175908715173103433,48.508499598441674202841629952,51.295993747397714052788515312,1864524000
23.56,2,0.0827854822193421824076591771,0.0865607065058735,0.0861194146217748,0.0828864358152363,0.0824448749441855,0.10378596826042,0.1067282688793731650676854968,0.0824474883901461650676854968,0.024280780489227,3.4914666921093738715173103434,48.504129422289311449134978605,51.293326398864011064988504467,1865316000
23.57,2,0.0827835875363068954076591771,0.0865582266795192,0.0861172975378724,0.0828845388217106,0.0824433409142194,0.103769298556817,0.1067115354453404370038150007,0.0824355678724762370038150007,0.0242759675728642,3.491125194433324871517310344,48.49976625089449251844752514,51.290664904480132879732056238,1866108000
23.58,2,0.0827816752649053274076591771,0.086555729757703,0.086115162910895,0.0828826242183702,0.0824417888265525,0.103752643905364,0.1066948164420438763037511324,0.0824236577174731763037511324,0.0242711587245707,3.4907839936258138715173103436,48.495412616546410780065342806,51.288011451456544391061512008,1866899000
23.59,2,0.0827797836022208034076591771,0.0865532540072349,0.086113049008389,0.0828807302488785,0.0824402569255852,0.10373600430132,0.1066781132002636268136089869,0.0824117592580714268136089869,0.0242663539421922,3.4904431278725998715173103433,48.491055050493252429219216455,51.285354214442033099435101374,1867691000
23.60,2,0.0827778833504815474076591771,0.0865507698165816,0.0861109262195562,0.082878827679858,0.0824387159786756,0.103719369425966,0.1066614143741634872637380525,0.0823998611505886872637380525,0.0242615532235748,3.4901022722011228715173103432,48.48670625062378726006962559,51.282704570905798580047213885,1868483000
23.61,2,0.0827759946171615314076591771,0.0865482978079739,0.0861088151673614,0.0828769366433029,0.0824371861185523,0.103702752966407,0.1066447343622441530323251837,0.0823879777956797530323251837,0.0242567565665644,3.4897618391597538715173103431,48.482350170165693282692655484,51.280048140374579189228373078,1869275000
23.62,2,0.0827740984545106174076591771,0.0865458191158512,0.0861066969869756,0.0828750381683572,0.0824356483750914,0.103686158269023,0.1066280758504719682308818022,0.0823761118814651682308818022,0.0242519639690068,3.4894219057574738715173103432,48.477999321094052007102572843,51.277395814504846741808114632,1870067000
23.63,2,0.0827722037384323834076591771,0.0865433420685185,0.0861045800074346,0.0828731411417483,0.0824341116357515,0.103669569187545,0.1066114229930938502724064639,0.0823642475643459502724064639,0.0242471754287479,3.4890820181086058715173103437,48.473653432628543326078658747,51.274747718940064228959010873,1870858000
23.64,2,0.0827703195737710504076591771,0.0865408760857003,0.0861024736491922,0.0828712546794232,0.0824325850172093,0.103652994261878,0.1065947846535812708277962305,0.0823523937099476708277962305,0.0242423909436336,3.4887424301946138715173103439,48.469313440463595946933600757,51.272104467752541681348003423,1871650000
23.65,2,0.0827684278733277954076591771,0.0865384029441302,0.0861003596897093,0.0828693606721267,0.0824310504109374,0.10363643054324,0.1065781572489910081929818271,0.0823405467374812081929818271,0.0242376105115098,3.4884030394334458715173103434,48.464968289803244994296758219,51.269456466180945853679215203,1872442000
23.66,2,0.0827665367233800454076591771,0.0865359309193224,0.0860982464052264,0.082867467215997,0.0824295159138007,0.103619883026945,0.1065615460604304970309614363,0.0823287119302080970309614363,0.0242328341302224,3.4880639971793958715173103442,48.460625583288714001897322246,51.266810246714926589877480837,1873233000
23.67,2,0.0827646580186426294076591771,0.0865334714387002,0.0860961452238914,0.082865586220254,0.0824279934357442,0.10360333770824,0.1065449374905155160498355635,0.0823168756928984160498355635,0.0242280617976171,3.4877249139578158715173103433,48.456291496023309000121516213,51.264171526036809989162064771,1874025000
23.68,2,0.0827627807928614344076591771,0.0865310142627357,0.0860940459068994,0.0828637067052708,0.0824264719978644,0.103586815972412,0.1065283525541766689105763023,0.0823050590426365689105763023,0.0242232935115401,3.4873863918638228715173103436,48.451952622340807841647444202,51.261528086459004460386836927,1874817000
23.69,2,0.0827608941528548124076591771,0.0865285482952189,0.0860919373587621,0.0828618177645819,0.082424940694418,0.103570312576238,0.1065117856241571355228751981,0.0822932563543201355228751981,0.024218529269837,3.4870482697501028715173103435,48.44762322525454942667950518,51.258892538462951445073137505,1875609000
23.70,2,0.0827590099570430384076591771,0.0865260849705135,0.0860898310145637,0.0828599312710684,0.0824234113990069,0.103553814754959,0.1064952243425527713519452944,0.0822814552721989713519452944,0.0242137690703538,3.4867101936504878715173103439,48.443297868164310095833586677,51.256260408413739569110666298,1876400000
23.71,2,0.0827571373094364014076591771,0.086523634026523,0.0860877366129258,0.0828580563398427,0.0824218932274622,0.103537340183846,0.1064786867137394249782225854,0.0822696738028029249782225854,0.0242090129109365,3.4863726794140598715173103432,48.438974666237109021638829674,51.25362962996786672374887564,1877192000
23.72,2,0.0827552661053506284076591771,0.0865211845429004,0.0860856432342193,0.0828561828538981,0.0824203760634954,0.103520866034809,0.1064621495424458683711097100,0.0822578887530151683711097100,0.0242042607894307,3.486035062606964871517310344,48.434644294059516572954235255,51.250992579819939686632615518,1877984000
23.73,2,0.0827533864668868734076591771,0.0865187272481016,0.0860835416076154,0.0828543009232901,0.0824188500178778,0.103504410189124,0.1064456303755068800146605029,0.0822461176718243800146605029,0.0241995127036825,3.4856978459706958715173103438,48.430329374042914885470983982,51.248368643828727376801617012,1878775000
23.74,2,0.0827515182346168184076591771,0.0865162819289183,0.0860814515206201,0.0828524304127853,0.0824173349560908,0.103487970067118,0.1064291273253950755584112811,0.0822343586738572755584112811,0.0241947686515378,3.4853609754932868715173103429,48.426007662383497360350980181,51.245738403862929215541468168,1879567000
23.75,2,0.0827496515853886324076591771,0.0865138385784057,0.0860793629670016,0.0828505614872528,0.0824158210437168,0.103471540920332,0.1064126352973312749481729460,0.0822226066664888749481729460,0.0241900286308424,3.4850243052817788715173103435,48.421683174015490019884506972,51.243105490468166416568224243,1880359000
23.76,2,0.0827477763783404554076591771,0.086511387121441,0.0860772658723484,0.0828486839934644,0.0824142981282395,0.103455125162611,0.1063961563520984614194405743,0.0822108637126563614194405743,0.0241852926394421,3.4846878944349688715173103433,48.417382216239614599011632424,51.240492866558384340062202076,1881151000
23.77,2,0.0827459126466874454076591771,0.086508947484203,0.0860751801635494,0.0828468179890649,0.082412786268014,0.103438718679134,0.1063796870728198717332281962,0.0821991263976367717332281962,0.0241805606751831,3.4843516451282498715173103431,48.413058903384514526511036467,51.237860473901356356433968033,1881942000
23.78,2,0.0827440504783921454076591771,0.0865065099463826,0.0860730961210039,0.0828449535499296,0.0824112755396246,0.103422327479608,0.1063632331263345075036370391,0.0821874003904235075036370391,0.024175832735911,3.4840157197663198715173103434,48.408745513823247597224507096,51.235236414148349054283484076,1882734000
23.79,2,0.0827421897329495884076591771,0.0865040744877526,0.0860710137251915,0.0828430905353821,0.0824097658031022,0.103405955015686,0.1063467979615087746102090737,0.0821756891420370746102090737,0.0241711088194717,3.4836802172136338715173103436,48.404450648321626117150976332,51.232628126617847890708278636,1883526000
23.80,2,0.0827403305682919704076591771,0.0865016409022828,0.086068932770788,0.0828412291035473,0.0824082572172778,0.103389590856545,0.1063303711467108160820600788,0.0821639822229997160820600788,0.0241663889237111,3.4833448386876628715173103433,48.400147490019415095534018625,51.230012399441784890837176968,1884318000
23.81,2,0.0827384738074959394076591771,0.0864992100280964,0.0860668540966202,0.0828393700785055,0.0824067506069362,0.103373235389907,0.1063139530986986344009368276,0.0821522800522233344009368276,0.0241616730464753,3.4830095961893488715173103431,48.39583538803050450148538653,51.227388654709928321031141375,1885109000
23.82,2,0.0827366076082594534076591771,0.0864967704883663,0.0860647663265642,0.0828375016035134,0.0824052341160374,0.103356902565714,0.1062975573618961347342811084,0.0821405961762861347342811084,0.02415696118561,3.4826748777995708715173103436,48.39154451638865960486515433,51.224782961531479343868374356,1885901000
23.83,2,0.0827347528488790584076591771,0.0864943429450192,0.0860626901232478,0.0828356445823279,0.0824037286490399,0.10334058509395,0.1062811773718445472711896875,0.0821289240328836472711896875,0.0241522533389609,3.482340495522153871517310344,48.387251037204824620783283053,51.222174626483638701136677336,1886693000
23.84,2,0.0827328996318357314076591771,0.0864919169766154,0.0860606150659312,0.0828337891053602,0.0824022242970553,0.103324268490078,0.1062647982891503748657894710,0.0821172487847760748657894710,0.0241475495043743,3.4820060243014878715173103439,48.382949513245159540257655406,51.219559241929911255738653243,1887485000
23.85,2,0.0827310488356619864076591771,0.0864894939800634,0.0860585425522213,0.0828319360522143,0.0824007219403863,0.103307967552374,0.1062484349518523259175933182,0.0821055852721566259175933182,0.0241428496796957,3.4816718892777918715173103443,48.378664159464795772765615383,51.216957632135342447893129813,1888276000
23.86,2,0.0827291986175890684076591771,0.0864870723245133,0.0860564709519652,0.0828300835778742,0.0823992197347144,0.103291688445941,0.1062320934644045386275551106,0.0820939396016332386275551106,0.0241381538627713,3.4813382653924968715173103439,48.374374018999805969327467937,51.214351331184369199840844108,1889068000
23.87,2,0.0827273498014015334076591771,0.0864846522716949,0.0860544005275883,0.082828232507129,0.0823977185055247,0.103275415032445,0.1062157577074640897266966865,0.0820822956560173897266966865,0.0241334620514467,3.481004690922162871517310344,48.370079503564785723429590827,51.211741075706694451508179049,1889860000
23.88,2,0.0827255025440981494076591771,0.0864822342975642,0.0860523317557407,0.082826382997169,0.0823962184107021,0.103259156437376,0.1061994368175950472639986409,0.0820706625740269472639986409,0.0241287742435681,3.4806714276717718715173103431,48.365807416658602039005874298,51.209150080803184534223386878,1890651000
23.89,2,0.0827236577063538004076591771,0.0864798191414344,0.0860502653764286,0.0828245359097185,0.0823947203126642,0.103242909140271,0.1061831273023064903109640073,0.0820590368653254903109640073,0.024124090436981,3.4803383756505508715173103439,48.361516798231869929719239071,51.2065426238927110075927382,1891443000
23.90,2,0.0827218134266075814076591771,0.0864774051396888,0.0860481997267263,0.0828226893809467,0.0823932223482717,0.103226678907018,0.1061668348659387534822347459,0.0820474242364070534822347459,0.0241194106295317,3.4800056983375118715173103429,48.357235010328066858952053686,51.203942487536036728448659842,1892235000
23.91,2,0.0827199715474407894076591771,0.0864749941339203,0.0860461366489171,0.0828208452556816,0.0823917263630434,0.103210465612756,0.1061505594479999508759956556,0.0820358246289342508759956556,0.0241147348190657,3.4796733940614118715173103431,48.352972844217496760468139852,51.201359101892384666488771702,1893027000
23.92,2,0.0827181302437167534076591771,0.0864725839198545,0.0860440739394146,0.0828190017065611,0.0823902305303057,0.103194258495999,0.1061342902166568667802603187,0.0820242272132276667802603187,0.0241100630034292,3.4793411525747888715173103433,48.348692615418215900392887184,51.198759785768036796963152791,1893818000
23.93,2,0.0827162904090730554076591771,0.0864701754501402,0.0860420125515552,0.0828171596283124,0.0823887357454736,0.103178059199763,0.1061180288471958973020998423,0.0820126336667280973020998423,0.0241053951804678,3.479009021932781871517310343,48.344416605521281527687892144,51.196163972646728543265571611,1894610000
23.94,2,0.0827144629923631114076591771,0.0864677802900461,0.0860399640512933,0.0828153299831406,0.0823872529714385,0.10316188480216,0.1061017928109706544736031150,0.0820010614629429544736031150,0.0241007313480277,3.478677502714504871517310344,48.340158457093420307971805868,51.193583171626420587957667285,1895402000
23.95,2,0.0827126261314488194076591771,0.0864653757580128,0.0860379057577538,0.0828134908822476,0.082385760320087,0.103145712983523,0.1060855590103605932210649806,0.0819894875064060932210649806,0.0240960715039545,3.4783459332835898715173103434,48.335879225582657278775939606,51.190983895079799453236626242,1896194000
23.96,2,0.0827107916878221264076591771,0.0864629744069798,0.086035850224559,0.0828116542015901,0.082384269668059,0.103129562922785,0.1060693470507290782932517928,0.0819779314046347782932517928,0.0240914156460943,3.4780148753540298715173103437,48.331616194212279741634124737,51.188398258358640722083744324,1896985000
23.97,2,0.0827089577807872814076591771,0.0864605739144881,0.0860337951299318,0.0828098180581787,0.0823827791330474,0.103113422068024,0.1060531443067724931709584066,0.0819663805344796931709584066,0.0240867637722928,3.477683967299234871517310344,48.327363065225805169937051344,51.185821053454997992183278983,1897777000
23.98,2,0.0827071352903961374076591771,0.0864581850578376,0.0860317512518522,0.0828079933453331,0.0823812996090524,0.103097286906703,0.1060369476442393291808454957,0.0819548317638432291808454957,0.0240821158803961,3.4773531193912178715173103438,48.323095542741022759237689877,51.183231128060553348874096017,1898569000
23.99,2,0.0827053053540514204076591771,0.0864557894843926,0.0860297002383632,0.082806161177454,0.0823798122111539,0.103081173030526,0.1060207720048617217089878538,0.0819433000366119217089878538,0.0240774719682498,3.4770227597407928715173103441,48.318832978841583380624649107,51.180645036395284648768727373,1899360000
24.00,2,0.0827034758337087494076591771,0.0864533949208441,0.0860276498168335,0.0828043294260842,0.0823783248115727,0.103065076154062,0.1060046133755008042632355308,0.0819317813418007042632355308,0.0240728320337001,3.4766927734417018715173103442,48.314596941652153902686865407,51.178081710728944615715925167,1900152000
24.01,2,0.0827016588482143494076591771,0.086451012993666,0.0860256116144129,0.0828025102248484,0.0823768495446099,0.103048981542591,0.1059884574361931694159118130,0.0819202613616005694159118130,0.0240681960745926,3.4763627503189308715173103436,48.310333260439082603846926614,51.175494170325045536200393448,1900944000
24.02,2,0.0826998323467149194076591771,0.0864486221842924,0.0860235641132105,0.0828006814960032,0.0823753643331974,0.103032905594211,0.1059723198240852568264478438,0.0819087557353118568264478438,0.0240635640887734,3.4760331384054318715173103442,48.306081879842822850299227847,51.172916936535783676695217858,1901736000
24.03,2,0.0826980082602592764076591771,0.0864462343098256,0.0860215191310016,0.0827988551851468,0.082373881123607,0.10301684442074,0.1059561970657975310625144905,0.0818972609917094310625144905,0.0240589360740881,3.4757038382579298715173103438,48.301847195462923598899513374,51.170353927636029821773660566,1902527000
24.04,2,0.0826961947073516294076591771,0.0864438572967875,0.0860194845949805,0.0827970394206837,0.0823724080449157,0.103000792099119,0.1059400835185339490662363427,0.0818857714901509490662363427,0.024054312028383,3.4753746882839248715173103432,48.297596836686292341968178293,51.167777005535915745136616022,1903319000
24.05,2,0.0826943735688516864076591771,0.0864414733336901,0.0860174426943295,0.0827952160613779,0.0823709269565586,0.102984758388722,0.1059239883141349132109422187,0.0818742963646313132109422187,0.0240496919495036,3.4750459501530958715173103432,48.293353093855830088225734196,51.165205420542802912419449951,1904111000
24.06,2,0.0826925529813641304076591771,0.0864390901966696,0.0860154012058542,0.0827933932537565,0.0823694460057323,0.102968732540723,0.1059079009817297063375404928,0.0818628251464335063375404928,0.0240450758352962,3.4747173239587918715173103443,48.289106675036181251790266185,51.162631305456130694595559006,1904903000
24.07,2,0.0826907437893226284076591771,0.0864367188891808,0.0860133711336776,0.0827915818554774,0.0823679760507634,0.102952718540655,0.1058918258884597591046162009,0.0818513622048535591046162009,0.0240404636836062,3.474388934872123871517310343,48.284880608821357162883888869,51.160074663714416195938284136,1905694000
24.08,2,0.0826889271474329034076591771,0.0864343405398008,0.086011333607043,0.0827897629982653,0.0823664982240433,0.102936716627701,0.1058757626147847867966656144,0.0818399071225049867966656144,0.0240358554922798,3.4740607709358498715173103436,48.28063521695170093067212676,51.157500859612741442129795661,1906486000
24.09,2,0.0826871209685909414076591771,0.086431973193449,0.0860093066715354,0.0827879546168602,0.0823650304609778,0.102920729643919,0.1058597146308125551414576175,0.0818284633716497551414576175,0.0240312512591628,3.4737329316229478715173103438,48.276399785858770985953057124,51.154935381001728113844756647,1907278000
24.10,2,0.0826853162025761614076591771,0.086429607657149,0.0860072811348419,0.0827861476500052,0.0823635637009742,0.102904753975491,0.1058436780041188527399326832,0.0818170270220178527399326832,0.024026650982101,3.4734053043394758715173103429,48.272178340837954807232494049,51.152381833152696128109523214,1908070000
24.11,2,0.0826835039854274674076591771,0.0864272352301139,0.0860052482968386,0.08278433322293,0.0823620890699253,0.102888794759541,0.1058276575650686902874153090,0.0818056029061281902874153090,0.0240220546589405,3.4730780275269028715173103438,48.267946639955771795333607184,51.149818937294193939231304157,1908861000
24.12,2,0.0826816921621497974076591771,0.0864248637744317,0.0860032160202744,0.082782519190206,0.0823606144230641,0.102872852074186,0.1058116536661374834920341397,0.0817941913786104834920341397,0.024017462287527,3.4727511113446218715173103441,48.263728366885285090908430936,51.147267358803925756136451835,1909653000
24.13,2,0.0826798928685567194076591771,0.0864225050554928,0.0860011960712,0.0827807177024461,0.0823591519116639,0.102856914675989,0.1057956554813676071949818289,0.0817827816156611071949818289,0.0240128738657065,3.4724242457134998715173103434,48.259510326909243618839288244,51.144715835979922041326089124,1910445000
24.14,2,0.0826780940544867644076591771,0.0864201473067314,0.0859991766837078,0.0827789166947941,0.0823576894715273,0.102840991317437,0.1057796713472877462483754619,0.0817713819559629462483754619,0.0240082893913248,3.472097669519204871517310343,48.255287275235703621864281604,51.14215959251271406378265725,1911236000
24.15,2,0.0826762866516771494076591771,0.0864177813565974,0.0859971486869052,0.0827771070879288,0.0823562180239909,0.102825079515898,0.1057636984627202583865885443,0.0817599896004925583865885443,0.0240037088622277,3.4717713025756218715173103441,48.251060992136656888068045282,51.139600249033050085531270817,1912028000
24.16,2,0.0826744917772767244076591771,0.0864154285700464,0.0859951334464036,0.0827753100247506,0.0823547587126114,0.102809185261123,0.1057477435594174977675729919,0.0817486112831561977675729919,0.0239991322762613,3.4714453377949548715173103441,48.246856994881685362150677841,51.137059913349966748066787108,1912820000
24.17,2,0.0826726973629675724076591771,0.0864130765336141,0.0859931185493933,0.0827735134222247,0.0823532994550089,0.102793299301744,0.1057317969584431922771800432,0.0817372373271717922771800432,0.0239945596312714,3.471119497957817871517310343,48.242637912966312707623501107,51.134506201872860504636512521,1913612000
24.18,2,0.0826708943589851714076591771,0.0864107164953125,0.0859910952445398,0.0827717082195508,0.082351831191037,0.102777430639119,0.1057158673502578154946128160,0.0817258764251539154946128160,0.0239899909251039,3.4707940320892748715173103434,48.238432613708563470839668739,51.131964097965683784199273452,1914403000
24.19,2,0.0826691028821426784076591771,0.0864083681904552,0.0859890832678085,0.0827699145580737,0.0823503740626928,0.102761567294443,0.1056999434521275197890009991,0.0817145172965228197890009991,0.0239854261556047,3.4704686170245208715173103429,48.234227522431385063682790204,51.129422024226045278040686358,1915195000
24.20,2,0.0826673128150072164076591771,0.086406022010954,0.0859870730117617,0.0827681223080228,0.0823489179408566,0.102745724383537,0.1056840400353709461672985236,0.0817031747147515461672985236,0.0239808653206194,3.4701436759923828715173103434,48.230019270935818552272766171,51.126876688512069808698794904,1915987000
24.21,2,0.0826655252741688314076591771,0.0864036784834364,0.0859850650036768,0.0827663325873496,0.08234746394413,0.102729884953564,0.1056681401758794005615070890,0.0816918317578850005615070890,0.0239763084179944,3.4698187242145568715173103429,48.225809426352999413160992654,51.124329862635153006749877382,1916778000
24.22,2,0.0826637281915937334076591771,0.0864013260166959,0.085983047652995,0.0827645333133039,0.0823459999904111,0.102714063291378,0.1056522577472990619534802281,0.0816805023017239619534802281,0.0239717554455751,3.4694941592034538715173103436,48.221605562166863489183759852,51.121787821478447391012122795,1917570000
24.23,2,0.0826619525178001284076591771,0.0863989956114006,0.0859810519610312,0.0827627554741469,0.0823445570686082,0.102698259211337,0.1056363936460306959315416326,0.0816691872448230959315416326,0.0239672064012076,3.4691700067007688715173103436,48.2174210622493743876166113,51.11926221708687603495502367,1918362000
24.24,2,0.0826601583690444424076591771,0.0863966470568598,0.0859790377177403,0.0827609591374983,0.082343095246987,0.102682465440674,0.1056205392004292471103106641,0.0816578779176913471103106641,0.0239626612827379,3.4688460183438778715173103435,48.213221300072563932470603072,51.116723049713965601627967856,1919154000
24.25,2,0.0826583756957902834076591771,0.0863943103334054,0.0859770349040983,0.0827591742903451,0.0823416445131791,0.102666681265367,0.1056046947432273855783765849,0.0816465746552156855783765849,0.0239581200880117,3.4685222037265858715173103441,48.209034476842835279956489489,51.114194911238266237987204493,1919945000
24.26,2,0.0826565944120690924076591771,0.0863919755807908,0.0859750336605016,0.0827573908344194,0.0823401947695597,0.102650913677698,0.1055888669183524371596767854,0.0816352841034775371596767854,0.0239535828148749,3.4681987532451008715173103438,48.204845948783917916604032916,51.111664867811012544461996641,1920737000
24.27,2,0.0826548146521326844076591771,0.0863896423206231,0.0859730335091986,0.0827556089041368,0.0823387461511864,0.102635145126757,0.1055730381689128182535983469,0.0816239887077393182535983469,0.0239490494611735,3.4678751639932358715173103438,48.200642286012020766069271361,51.109121628195400955615873023,1921529000
24.28,2,0.0826530363482858804076591771,0.0863873112511011,0.0859710351490287,0.0827538284317193,0.0823372985909222,0.10261939754841,0.1055572304418012736403912435,0.0816127104170480736403912435,0.0239445200247532,3.4675520647648708715173103431,48.196451787171930254548587717,51.10658934587193149553738731,1922321000
24.29,2,0.0826512594513838314076591771,0.0863849821500426,0.0859690383584486,0.0827520493679623,0.0823358520402016,0.102603665990064,0.1055414387797092931070092207,0.0816014442762491931070092207,0.0239399945034601,3.4672293136052828715173103435,48.192280177647752588339693664,51.104073129980646335671516192,1923112000
24.30,2,0.0826494840770194194076591771,0.0863826551529191,0.0859670432735678,0.0827502718285996,0.0823344066153968,0.102587951014892,0.1055256637502171017265339591,0.0815901908550771017265339591,0.02393547289514,3.4669069268361608715173103443,48.188098742337107542836832374,51.101547924288018338458087293,1923904000
24.31,2,0.0826477101576658204076591771,0.0863803300388699,0.0859650496741621,0.082748495746022,0.0823329622495354,0.102572248235504,0.1055099009609218213570184113,0.0815789457632830213570184113,0.0239309551976388,3.466584778686141871517310343,48.183918014883574047664185014,51.099023020019900327159703411,1924696000
24.32,2,0.0826459376260179374076591771,0.0863780063276014,0.0859630570805726,0.0827467210528425,0.0823315188758659,0.102556545828948,0.1054941385793344566540353592,0.0815676971705321566540353592,0.0239264414088023,3.4662625302410988715173103441,48.179749679083434610833457394,51.096508888762136446461502627,1925487000
24.33,2,0.0826441666339942744076591771,0.0863756849341506,0.0859610664084708,0.0827449479011646,0.0823300766471263,0.102540865640115,0.1054783984689943434481643652,0.0815564669425179434481643652,0.0239219315264764,3.465940807907006871517310343,48.175570239801556861567053571,51.093984517456076003937334067,1926279000
24.34,2,0.0826423970775801814076591771,0.086373365144632,0.0859590769446036,0.082743176186847,0.0823286354598082,0.102525190210002,0.1054626631566418918239111379,0.0815452376081348918239111379,0.023917425548507,3.4656191111735618715173103436,48.17139267313861548296062798,51.091461640951989049645198243,1927071000
24.35,2,0.0826406279262930174076591771,0.0863710465805804,0.0859570883111373,0.0827414048781504,0.0823271942828042,0.102509538263926,0.1054469513430017671417015429,0.0815340278702617671417015429,0.02391292347274,3.465297975838772871517310343,48.167239751539085768423039222,51.088959658758221887387033327,1927863000
24.36,2,0.0826388712950670184076591771,0.0863687406372479,0.0859551119039541,0.0827396461047826,0.0823257652464526,0.102493888558073,0.1054312421949110117887956292,0.0815228168978895117887956292,0.0239084252970215,3.4649768051381888715173103442,48.163066187297273704007307034,51.086439592964916680844148076,1928654000
24.37,2,0.0826371051350379644076591771,0.0863664257081311,0.0859531261171797,0.0827378777909918,0.082324326275631,0.10247825491528,0.1054155487727515003529915973,0.0815116177535545003529915973,0.023903931019197,3.4646559732859118715173103438,48.158896045092964967679987744,51.083922106449800957877690202,1929446000
24.38,2,0.0826353414091954354076591771,0.0863641138225009,0.0859511429807125,0.0827361119143559,0.0823228893485453,0.102462638606742,0.1053998727667820217703285557,0.0815004321296695217703285557,0.0238994406371125,3.4643355287659968715173103432,48.154744575989036900716091622,51.081420449845866052160676559,1930238000
24.39,2,0.0826335790872783664076591771,0.0863618034934759,0.0859491610082975,0.0827343474433575,0.0823214534343048,0.102447026610525,0.1053842011111316909337892588,0.0814892469625175909337892588,0.0238949541486141,3.4640150973305198715173103431,48.150583206550600999756200493,51.078910033156196616965432785,1931030000
24.40,2,0.0826318272654568124076591771,0.0863595042351619,0.0859471897146656,0.082732593485259,0.0823200276407975,0.10243143041811,0.1053685456223404297416247407,0.0814780740707930297416247407,0.0238904715515474,3.463695017560132871517310343,48.146417444434832328331844971,51.076395371261187120394104466,1931821000
24.41,2,0.0826300679134161614076591771,0.0863571979907532,0.0859452110436352,0.0827308319877587,0.0823185939163459,0.102415850215606,0.1053529058562516249884481227,0.0814669130124931249884481227,0.0238859928437585,3.4633752767923908715173103436,48.142262039554077898353976281,51.073889328635886298703016875,1932613000
24.42,2,0.0826283089460774814076591771,0.0863548923420177,0.0859432325775968,0.0827290708754295,0.0823171601861461,0.102400276048014,0.1053372721285520687334917106,0.0814557541054589687334917106,0.0238815180230931,3.4630555976538728715173103443,48.138117707112264518763423013,51.071392761334735337178389764,1933405000
24.43,2,0.0826265524959404774076591771,0.0863525899729739,0.0859412570011901,0.0827273122833716,0.0823157285859199,0.102384723597004,0.1053216602050527815495621796,0.0814446131176552815495621796,0.0238770470873975,3.4627364318634938715173103429,48.133968912006960373656417282,51.068891748282342402181196381,1934197000
24.44,2,0.0826247964962006424076591771,0.0863502884224065,0.0859392818538204,0.08272555414226,0.0823142970469632,0.102369181676407,0.1053060588205253918020679466,0.0814334787860084918020679466,0.0238725800345169,3.4624174567579638715173103441,48.129830886693689196559941958,51.066399834915422375674446815,1934988000
24.45,2,0.0826230519281793904076591771,0.0863479982461728,0.0859373176919636,0.0827238074468076,0.0823128765646079,0.10235363752711,0.1052904555920439628823250242,0.0814223387297462628823250242,0.0238681168622977,3.4620983176542818715173103437,48.12567946675715200567134144,51.06389626710592375850883863,1935780000
24.46,2,0.0826212987620007714076591771,0.086345700411907,0.0859353454838718,0.0827220521427127,0.0823114470851706,0.102338120763551,0.1052748794518084843772277836,0.0814112218832227843772277836,0.0238636575685857,3.4617798434606368715173103431,48.121533373192894628706670178,51.061396652856422154225184735,1936572000
24.47,2,0.0826195581114040464076591771,0.0863434151147584,0.0859333854253109,0.0827203093694619,0.0823100297487548,0.102322603974443,0.1052593037100509263633628535,0.0814001015588243263633628535,0.0238592021512266,3.4614612696332128715173103432,48.117385762095102683913626108,51.058895677879093144167437816,1937363000
24.48,2,0.0826178079098046254076591771,0.0863411213125802,0.0859314164747491,0.0827185570335614,0.0823086024624822,0.102307117652037,0.1052437581061104705591255167,0.0813890074980439705591255167,0.0238547506080665,3.461143448203024871517310343,48.113265431172480433103395184,51.056417703780430579665323039,1938155000
24.49,2,0.0826160590908350394076591771,0.0863388287388906,0.0859294483663189,0.0827168060819768,0.0823071761739329,0.102291626856652,0.1052282080613061541645225626,0.0813779051243550541645225626,0.0238503029369511,3.4608253886255488715173103442,48.109122742441240868758320062,51.053920330783616442805425612,1938947000
24.50,2,0.0826143217862392074076591771,0.0863365483723653,0.0859274920793088,0.0827150666588073,0.0823057610278194,0.102276155310342,0.1052126776664123823928361605,0.0813668185306858823928361605,0.0238458591357265,3.4605077811123388715173103432,48.104985319709221804454065792,51.051427035330445297032058713,1939739000
24.51,2,0.0826125759295967634076591771,0.0863342599501441,0.0859255273514702,0.0827133186731622,0.082304336933863,0.102260698439211,0.1051971616431766452431985361,0.0813557424409383452431985361,0.0238414192022383,3.4601904745143178715173103437,48.10086417687500806614777239,51.048947537287662596083718798,1940530000
24.52,2,0.0826108415205608944076591771,0.0863319831654261,0.0859235738766124,0.0827115821490837,0.0823029239167164,0.102245246419611,0.1051816508612401908830917415,0.0813446677269073908830917415,0.0238369831343328,3.459873207327673871517310343,48.096725696536648534058819512,51.046452779030801893469802365,1941322000
24.53,2,0.0826090974929818974076591771,0.0863296973789669,0.0859216110161006,0.0827098359947326,0.0823015008851504,0.102229812580298,0.1051661579209615212615006017,0.0813336069911061212615006017,0.0238325509298554,3.4595563405878128715173103438,48.092600517958737353558295251,51.043969137497660177870714865,1942114000
24.54,2,0.0826073659598469354076591771,0.0863274243839023,0.0859196605636784,0.082708102350062,0.0823000899797262,0.102214386603252,0.1051506732711956078870287248,0.0813225506845433078870287248,0.0238281225866523,3.4592396007362868715173103429,48.088485623074152750068693138,51.041494215423190342417678207,1942906000
24.55,2,0.0826056258916092154076591771,0.0863251435186524,0.0859177018583728,0.0827063601598804,0.0822986701458596,0.102198980127528,0.1051352078228512903647121229,0.0813115097202818903647121229,0.0238236981025694,3.4589233004093198715173103434,48.084364284970372295668072196,51.039013178848070058545450954,1943697000
24.56,2,0.0826038962512686294076591771,0.0863228733294093,0.0859157534469812,0.0827046284103124,0.082297260370281,0.102183580223685,0.1051197493016360814650695714,0.0813004718261837814650695714,0.0238192774754523,3.4586070880360528715173103443,48.08024082729574079669415917,51.036530093131005579704817489,1944489000
24.57,2,0.0826021690751367414076591771,0.0863206061381146,0.0859138076520499,0.082702899127958,0.0822958526801954,0.102168195488354,0.1051043060310067641020459828,0.0812894453278596641020459828,0.0238148607031471,3.4582912021276628715173103433,48.076120475397649050052988753,51.034049303941877567652676963,1945281000
24.58,2,0.0826004322606789884076591771,0.0863183297724159,0.0859118523018297,0.0827011601955242,0.0822944349589132,0.102152824556329,0.1050888762217994548156591641,0.0812784284382995548156591641,0.0238104477834999,3.4579755914900848715173103435,48.072016940088648134890021599,51.031582790957582093135195203,1946073000
24.59,2,0.0825987079570048064076591771,0.0863160663830085,0.0859099095476179,0.0826994337891304,0.0822930293831563,0.102137466312452,0.1050734595326060886078505178,0.0812674208182500886078505178,0.023806038714356,3.4576602464044258715173103437,48.067907921388001062435602503,51.029111145907046892725408999,1946864000
24.60,2,0.0825969840981828634076591771,0.0863138034835855,0.085907966903708,0.0826977078281314,0.0822916238728804,0.102122109350937,0.1050580441288417759169421172,0.0812564106352798759169421172,0.0238016334935619,3.457344827896495871517310344,48.063784181513263423293152068,51.026626617932269282042329012,1947656000
24.61,2,0.0825952516655436264076591771,0.0863115327499925,0.0859060160465458,0.0826959732828596,0.0822902093990182,0.102106774032634,0.1050426500684674046135093326,0.0812454179495044046135093326,0.023797232118963,3.4570299106462718715173103439,48.059689085002360646623237301,51.024166464113393941592561813,1948448000
24.62,2,0.0825935216300790024076591771,0.0863092646410391,0.085904067435539,0.0826942411376857,0.0822887969465391,0.102091445115685,0.1050272624839374563433506869,0.0812344278955318563433506869,0.0237928345884056,3.4567150687916478715173103442,48.0555801752176086762039047,51.02169408957790195357517569,1949240000
24.63,2,0.0825918120854908034076591771,0.0863070175990464,0.0859021395136062,0.082692529508376,0.0822874046318072,0.102076131635164,0.1050118910484699007837791215,0.0812234501487346007837791215,0.0237884408997353,3.4564005795116248715173103436,48.05147382867901039901492273,51.019223511922120784447285495,1950031000
24.64,2,0.0825900839843910874076591771,0.0863047525372569,0.0859001931945859,0.0826907992999259,0.082285993360414,0.102060834509628,0.1049965353159752867420893961,0.0812124842651772867420893961,0.023784051050798,3.4560864300883918715173103434,48.047383518500674095138087033,51.016766467129491064718682161,1950823000
24.65,2,0.0825883673264403154076591771,0.0863024991670399,0.0858982581904422,0.0826890805485792,0.0822845931691989,0.102045543911577,0.1049811865018720379409470459,0.0812015214624323379409470459,0.0237796650394397,3.4557723689239318715173103435,48.043285447198746927860912436,51.014302458134691408984932018,1951615000
24.66,2,0.0825866520929717264076591771,0.0863002478919598,0.0858963249053335,0.0826873632234517,0.0822831940278717,0.102030272457061,0.1049658568796366897891692289,0.0811905740161304897891692289,0.0237752828635062,3.4554587476891608715173103443,48.03918662923908266372406706,51.011837287571671123142337562,1952406000
24.67,2,0.0825849382369171634076591771,0.0862979982209545,0.0858943928487899,0.082685647277418,0.0822817958898999,0.102015007434197,0.1049505337280114981238419645,0.0811796292071680981238419645,0.0237709045208434,3.4551452020085998715173103433,48.035106093610156283836487035,51.009387827184572299888305623,1953198000
24.68,2,0.0825832148881065264076591771,0.0862957393243026,0.0858924511916818,0.0826839218270522,0.0822803878724494,0.101999750570837,0.1049352183958636491097424699,0.0811686883865663491097424699,0.0237665300092973,3.4548317705861548715173103438,48.031010319988381879760360962,51.006924873625103889466317492,1953990000
24.69,2,0.0825815139810921224076591771,0.0862935036746389,0.085890532407234,0.0826822188458495,0.082279001949606,0.10198451560234,0.1049199257434868397188081860,0.0811577664167730397188081860,0.0237621593267138,3.4545188791995918715173103431,48.02692347035507325063356544,51.004469084936816473499518349,1954782000
24.70,2,0.0825797944972093854076591771,0.086291249375513,0.0858885945995854,0.0826804972651246,0.0822775970532739,0.101969279541459,0.1049046313354910699373441695,0.0811468388645526699373441695,0.0237577924709384,3.4542058278882738715173103435,48.022826441781284961403375039,51.002004442319621981098960886,1955573000
24.71,2,0.0825780854544498464076591771,0.0862890062524052,0.0858866675948038,0.0826787861382556,0.0822762022374193,0.101954063991155,0.1048893578025916053391560820,0.0811359283627742053391560820,0.0237534294398174,3.453893265036135871517310344,48.018750768037108786117115332,50.99955782203246272503878925,1956365000
24.72,2,0.0825763788524778044076591771,0.0862867660724191,0.08588474316058,0.0826770774551505,0.0822748094925375,0.101938862710942,0.1048740986208022161378372081,0.0811250283896056161378372081,0.0237490702311966,3.4535810038064528715173103437,48.014666227283010626540999559,50.997103090226464284872658248,1957157000
24.73,2,0.0825746726078886504076591771,0.0862845265065606,0.0858828189685053,0.0826753691298641,0.0822734167332692,0.101923668777197,0.1048588467894566152851745282,0.0811141319465350152851745282,0.0237447148429216,3.4532688437066278715173103431,48.010586841178394146517848605,50.994652618299319146910144314,1957948000
24.74,2,0.0825729678682113144076591771,0.0862822889948787,0.0858808964592133,0.0826736623113246,0.0822720251091275,0.101908490506459,0.1048436106703037509785079169,0.0811032473974650509785079169,0.0237403632728387,3.4529570243448218715173103438,48.006523486450695072553391544,50.992215659245679267636385081,1958740000
24.75,2,0.0825712645499897944076591771,0.0862800534372027,0.0858789755331166,0.0826719569159744,0.0822706345371384,0.101893327424427,0.1048283897858577328031966903,0.0810923742670641328031966903,0.0237360155187936,3.4526455321037878715173103435,48.002450714198401043623995302,50.989770086508641325893246274,1959532000
24.76,2,0.0825695626712183374076591771,0.0862778193172746,0.085877055674539,0.0826702529618296,0.0822692450359004,0.101878164231154,0.1048131688274942206649236493,0.0810814972488620206649236493,0.0237316715786322,3.4523339284854538715173103436,47.998370361325500241283687143,50.987317878178739426629990675,1960324000
24.77,2,0.0825678622315639524076591771,0.0862755876722499,0.0858751379212174,0.0826685504485569,0.0822678566056618,0.101863030636424,0.1047979775231154772925408309,0.0810706460729151772925408309,0.0237273314502003,3.4520230651931998715173103438,47.99431695212769753116028125,50.984888323604068652428573338,1961115000
24.78,2,0.0825661632123664074076591771,0.0862733574618973,0.0858732212335005,0.0826668493574731,0.0822664692283195,0.101847897387231,0.1047827866012526995556406798,0.0810597914699089995556406798,0.0237229951313437,3.4517121037229278715173103441,47.990243770204045975641120097,50.98244151732332662148368039,1961907000
24.79,2,0.0825644655671934114076591771,0.0862711289735934,0.0858713058993434,0.0826651496420895,0.082265082857964,0.101832774045015,0.1047676056275700382407871464,0.0810489430076613382407871464,0.0237186626199087,3.4514013181724288715173103432,47.986172104496379595226591005,50.979995737619565719617828805,1962699000
24.80,2,0.0825627694246219234076591771,0.0862689025519201,0.0858693922639055,0.0826634514311398,0.0822636976239068,0.101817666788593,0.1047524407891661113552200254,0.0810381068754253113552200254,0.0237143339137408,3.4510908858507438715173103433,47.982122487520370714244032267,50.977568684362447745503960098,1963491000
24.81,2,0.0825610737015130744076591771,0.0862666768538162,0.0858674789847024,0.0826617536401642,0.0822623124422652,0.101802568231499,0.1047372846572242987867176183,0.0810272756465382987867176183,0.023710009010686,3.4507805939996608715173103436,47.978058354300946761173604423,50.975128744832042069040849227,1964282000
24.82,2,0.0825593803975365524076591771,0.0862644540768185,0.085865568259846,0.082660058271271,0.0822609293157229,0.10178748393511,0.1047221428664455838360827588,0.0810164549578553838360827588,0.0237056879085902,3.4504706041031828715173103437,47.973997923709851723006573216,50.972691621216252648425167613,1965074000
24.83,2,0.0825576875306903594076591771,0.0862622320998576,0.0858636579688414,0.0826583633400411,0.0822595462604357,0.101772410020886,0.1047070114666482771627648091,0.0810056408613488771627648091,0.0237013706052994,3.4501608030586478715173103442,47.969938115004526043108882111,50.970254732378002910701591775,1965866000
24.84,2,0.0825560070823174714076591771,0.0862600230493621,0.0858617602386902,0.0826566808424284,0.0822581752729308,0.101757350015727,0.1046918944058101163061990905,0.0809948373071509163061990905,0.0236970570986592,3.4498513040290058715173103432,47.965894524107254351955943224,50.967831538083949848628619296,1966658000
24.85,2,0.0825543070704169514076591771,0.0862577949707776,0.0858598431154096,0.0826549787574312,0.0822567843327786,0.10174230638134,0.1046767930289610018179729665,0.0809840456424453018179729665,0.0236927473865157,3.4495421456082298715173103434,47.961848848713657529716012232,50.9654060912813154732289973,1967449000
24.86,2,0.0825526284305953664076591771,0.0862555885333801,0.0858579472688471,0.0826532980705752,0.0822554144260764,0.101727269346099,0.1046616989897849508844489107,0.0809732575230703508844489107,0.0236884414667146,3.4492330887536958715173103438,47.957794450971690644007720814,50.962972829837852106785187549,1968241000
24.87,2,0.0825509412723793704076591771,0.0862533739355171,0.0858560428979195,0.082651608854937,0.0822540356264707,0.101712243019644,0.1046466153553747506722283519,0.0809624760182725506722283519,0.0236841393371022,3.4489242213928388715173103439,47.953747634703043945058607857,50.960545849916012249514851447,1969033000
24.88,2,0.0825492555313249344076591771,0.0862511612281129,0.08585414005412,0.0826499210581885,0.0822526578822025,0.101697230185083,0.1046315452579359150705959062,0.0809517042624120150705959062,0.0236798409955239,3.4486156333184618715173103437,47.949706907053532776389459399,50.958123774223555020873979299,1969824000
24.89,2,0.0825475812254332304076591771,0.086248960172455,0.0858522484993034,0.0826482447105476,0.0822512912240573,0.101682222966158,0.1046164811666925466860392674,0.0809409347268667466860392674,0.0236755464398258,3.4483071088514318715173103442,47.945659072704326936618663674,50.955695321191765072939514715,1970616000
24.90,2,0.0825458983360504084076591771,0.0862467511811002,0.0858503486465929,0.0826465597689482,0.082249915609536,0.101667234760035,0.1046014357870761289092759948,0.0809301801192222289092759948,0.0236712556678539,3.4479990120372568715173103434,47.941617124928206591588937729,50.95327146602331894658192548,1971408000
24.91,2,0.0825442158811786914076591771,0.0862445431246954,0.0858484493672011,0.0826448752623898,0.0822485400682038,0.101652260874469,0.1045864047393021140902780470,0.0809194360618484140902780470,0.0236669686774537,3.4476912174660738715173103438,47.937591382542019284828100799,50.950861284238730207022783383,1972200000
24.92,2,0.0825425458421652744076591771,0.0862423479170346,0.0858465625754858,0.0826432031868304,0.082247176596583,0.101637298747178,0.1045713858784537346214258358,0.0809087004119821346214258358,0.0236626854664716,3.4473836637522398715173103432,47.933560848462820364053404813,50.948446580418166109355178842,1972991000
24.93,2,0.0825408662186856514076591771,0.0862401434813485,0.0858446661952409,0.0826415215151169,0.0822458031680842,0.101622347341807,0.1045563773983583131083925818,0.0808979713656053131083925818,0.023658406032753,3.4470762992144438715173103437,47.929524000051064861529617632,50.946026076974998891489073167,1973783000
24.94,2,0.0825391889650893734076591771,0.0862379413981327,0.085842771807524,0.0826398422161767,0.082244431752197,0.101607395326186,0.1045413683779234542995482414,0.0808872380037792542995482414,0.0236541303741442,3.4467688110481338715173103443,47.925499880208793602690263141,50.943616594724099921267988111,1974575000
24.95,2,0.0825375121900847764076591771,0.0862357407379396,0.0858408784834486,0.0826381633964118,0.0822430604558848,0.101592470343005,0.1045263864105816881084322394,0.0808765279220909881084322394,0.0236498584884907,3.4464619898086448715173103433,47.92147445131324708990040559,50.941205242791633218525379051,1975367000
24.96,2,0.0825358468296435164076591771,0.086233551755618,0.0858389964784231,0.0826364960051299,0.0822417002290152,0.101577552314422,0.1045114117886308152392811740,0.0808658214149920152392811740,0.0236455903736388,3.4461552709735958715173103439,47.917447258909089231498740463,50.938792120364561049219987757,1976158000
24.97,2,0.0825341729017709434076591771,0.0862313544569546,0.0858371057987931,0.082634820035969,0.0822403310657856,0.101562641937522,0.1044964445109614039416042100,0.0808551184835274039416042100,0.023641326027434,3.445848654572925871517310343,47.913430772559076616524742322,50.936388060503220749451956952,1976950000
24.98,2,0.0825325103878173684076591771,0.0862291694755786,0.0858352270787453,0.0826331554946459,0.0822389729724706,0.101547756844143,0.1044815029187955096895453591,0.0808444374710732096895453591,0.0236370654477223,3.4455426661056498715173103439,47.909413202765865820926526735,50.93398235858278359865836097,1977742000
24.99,2,0.0825308492874614004076591771,0.0862269857994364,0.0858333493067829,0.0826314923686442,0.0822376159371108,0.101532868586036,0.1044665581969164549174609341,0.0808337495645666549174609341,0.0236328086323498,3.4452364801383218715173103431,47.905392582769992232841292448,50.931574030307075276376125717,1978534000
25.00,2,0.0825291786187099344076591771,0.0862247931707354,0.0858314622256684,0.0826298196625788,0.0822362489648767,0.101517998476994,0.1044516312881622618956357921,0.0808230757090000618956357921,0.0236285555791622,3.444930696700772871517310343,47.90137148768965440718690923,50.929164785838176360608423445,1979325000
0.01,4,0.4226325025104010080522846307,0.445164941217791,0.43503798247044,0.424699073605324,0.41454738585684,0.278552869867094,0.3082210446780122377661924420,0.3082210446780122377661924420,0,4.41494125429082,79.05843994424720251340808999,79.05843994424720251340808999,791730.1
0.02,4,0.3723245594925797723765729229,0.394734151330447,0.384607192583096,0.374145136868922,0.363993449120438,0.282079334227709,0.3082210446780122377661924420,0.3082210446780122377661924420,0,4.41494125429082,79.05843994424720251340808999,79.05843994424720251340808999,1583460
0.03,4,0.3470196649988802014516545032,0.369367464863438,0.359240506116088,0.348716507538904,0.33856481979042,0.283853145741917,0.3082210446780122377661924420,0.3082210446780122377661924420,0,4.41494125429082,79.05843994424720251340808999,79.05843994424720251340808999,2375190
0.04,4,0.3306388148039728587773391635,0.352946614301873,0.342819655554522,0.332255558933861,0.322103871185377,0.285001403471088,0.3082210446780122377661924420,0.3082210446780122377661924420,0,4.41494125429082,79.05843994424720251340808999,79.05843994424720251340808999,3166920
0.05,4,0.3187466626899407529299213915,0.341025422764412,0.330898464017062,0.32030525706166,0.310153569313176,0.285835014389871,0.3082210446780122377661924420,0.3082210446780122377661924420,0,4.41494125429082,79.05843994424720251340808999,79.05843994424720251340808999,3958650
0.06,4,0.3095211605000894564277982736,0.331777392838465,0.321650434091114,0.311034644389182,0.300882956640698,0.28648169963935,0.3082210446780122377661924420,0.3082210446780122377661924420,0,4.41494125429082,79.05843994424720251340808999,79.05843994424720251340808999,4750380
0.07,4,0.3020471858951481374305544798,0.324285167549278,0.314158208801927,0.303524123849437,0.293372436100953,0.287005607068186,0.3082210446780122377661924420,0.3082210446780122377661924420,0,4.41494125429082,79.05843994424720251340808999,79.05843994424720251340808999,5542110
0.08,4,0.2958041530065903879439269665,0.318026889810689,0.307899931063338,0.297250564034447,0.287098876285963,0.287443228478702,0.3082210446780122377661924420,0.3082210446780122377661924420,0,4.41494125429082,79.05843994424720251340808999,79.05843994424720251340808999,6333840
0.09,4,0.2904694083241836164475407469,0.312679118225478,0.302552159478128,0.291889733736064,0.28173804598758,0.287817181096658,0.3082210446780122377661924420,0.3082210446780122377661924420,0,4.41494125429082,79.05843994424720251340808999,79.05843994424720251340808999,7125571
0.10,4,0.2858301589854646640913619904,0.308028540312701,0.29790158156535,0.287227799586005,0.277076111837521,0.288142381183794,0.3082210446780122377661924420,0.3082210446780122377661924420,0,4.41494125429082,79.05843994424720251340808999,79.05843994424720251340808999,7917301
0.11,4,0.2817391232570523338923872606,0.303927514691994,0.293800555944643,0.283116759678704,0.27296507193022,0.288429152831148,0.3082210446780122377661924420,0.3082210446780122377661924420,0,4.41494125429082,79.05843994424720251340808999,79.05843994424720251340808999,8709031
0.12,4,0.2780904101556989531161109235,0.300269891805119,0.290142933057768,0.27945020524952,0.269298517501036,0.288684918738919,0.3082210446780122377661924420,0.3082210446780122377661924420,0,4.41494125429082,79.05843994424720251340808999,79.05843994424720251340808999,9500761
0.13,4,0.2748055005830068672881618244,0.296976960818045,0.286850002070694,0.276149233260587,0.265997545512103,0.288915182904795,0.3082210446780122377661924420,0.3082210446780122377661924420,0,4.41494125429082,79.05843994424720251340808999,79.05843994424720251340808999,10292490
0.14,4,0.2718247608262457965099175603,0.293988942398591,0.28386198365124,0.273153918404688,0.263002230656204,0.289124125506896,0.3082210446780122377661924420,0.3082210446780122377661924420,0,4.41494125429082,79.05843994424720251340808999,79.05843994424720251340808999,11084220
0.15,4,0.2691018055422700863249635256,0.291259337935332,0.281132379187981,0.270417648525528,0.260265960777044,0.289314998044879,0.3082210446780122377661924420,0.3082210446780122377661924420,0,4.41494125429082,79.05843994424720251340808999,79.05843994424720251340808999,11875950
0.16,4,0.2665999461131226074843704599,0.288751369220446,0.278624410473095,0.267903555606649,0.257751867858165,0.289490372301565,0.3082210446780122377661924420,0.3082210446780122377661924420,0,4.41494125429082,79.05843994424720251340808999,79.05843994424720251340808999,12667680
0.17,4,0.2642897278679493289144107758,0.286435509657772,0.276308550910421,0.265582040950953,0.255430353202469,0.289652312977691,0.3082210446780122377661924420,0.3082210446780122377661924420,0,4.41494125429082,79.05843994424720251340808999,79.05843994424720251340808999,13459410
0.18,4,0.2621470637373853162071082747,0.284287613359779,0.274160654612429,0.263428899709112,0.253277211960628,0.289802508518195,0.3082210446780122377661924420,0.3082210446780122377661924420,0,4.41494125429082,79.05843994424720251340808999,79.05843994424720251340808999,14251140
0.19,4,0.2601521489020646269815783827,0.28228782714575,0.272160868398399,0.261424230220964,0.25127254247248,0.289942347192711,0.3082210446780122377661924420,0.3082210446780122377661924420,0,4.41494125429082,79.05843994424720251340808999,79.05843994424720251340808999,15042870
0.20,4,0.2582884917063105885040945061,0.280419619089066,0.270292660341715,0.259551460190611,0.249399772442127,0.290072985026162,0.3082210446780122377661924420,0.3082210446780122377661924420,0,4.41494125429082,79.05843994424720251340808999,79.05843994424720251340808999,15834600
0.21,4,0.2565421752837404578504281022,0.278669038339774,0.268542079592423,0.257796604701546,0.247644916953062,0.29019539755701,0.3082210446780122377661924420,0.3082210446780122377661924420,0,4.41494125429082,79.05843994424720251340808999,79.05843994424720251340808999,16626330
0.22,4,0.2549013901233229943183779963,0.277024246549222,0.266897287801871,0.256147796497077,0.245996108748593,0.290310412603234,0.3082210446780122377661924420,0.3082210446780122377661924420,0,4.41494125429082,79.05843994424720251340808999,79.05843994424720251340808999,17418060
0.23,4,0.2533560322409594729093857407,0.275475115060411,0.26534815631306,0.254594882187056,0.244443194438572,0.290418738429528,0.3082210446780122377661924420,0.3082210446780122377661924420,0,4.41494125429082,79.05843994424720251340808999,79.05843994424720251340808999,18209790
0.24,4,0.2518973947495605899016452874,0.274012915724921,0.26388595697757,0.253129112309814,0.24297742456133,0.290520985367485,0.3082210446780122377661924420,0.3082210446780122377661924420,0,4.41494125429082,79.05843994424720251340808999,79.05843994424720251340808999,19001520
0.25,4,0.2505179847793413446634993004,0.272630137376142,0.262503178628791,0.251742957357239,0.241591269608755,0.290617678649039,0.3082210446780122377661924420,0.3082210446780122377661924420,0,4.41494125429082,79.05843994424720251340808999,79.05843994424720251340808999,19793250
0.26,4,0.2493334795665725162270260308,0.271442739722367,0.261315780975016,0.250552660199411,0.240400972450927,0.290700709581477,0.3082210446780122377661924420,0.3082210446780122377661924420,0,4.41494125429082,79.05843994424720251340808999,79.05843994424720251340808999,20584980
0.27,4,0.2482141627847680796842703455,0.27032068968306,0.26019373093571,0.249427870228267,0.239276182479783,0.290779170963567,0.3082210446780122377661924420,0.3082210446780122377661924420,0,4.41494125429082,79.05843994424720251340808999,79.05843994424720251340808999,21376710
0.28,4,0.2471551084271413376215162636,0.26925904922263,0.259132090475279,0.248363637350033,0.238211949601549,0.290853408096395,0.3082210446780122377661924420,0.3082210446780122377661924420,0,4.41494125429082,79.05843994424720251340808999,79.05843994424720251340808999,22168440
0.29,4,0.2461519375057245902591773002,0.268253428660065,0.258126469912714,0.247355561164546,0.237203873416062,0.29092372793636,0.3082210446780122377661924420,0.3082210446780122377661924420,0,4.41494125429082,79.05843994424720251340808999,79.05843994424720251340808999,22960170
0.30,4,0.2452007612584398562672601964,0.267299929737328,0.257172970989977,0.246399733894619,0.236248046146135,0.290990403076218,0.3082210446780122377661924420,0.3082210446780122377661924420,0,4.41494125429082,79.05843994424720251340808999,79.05843994424720251340808999,23751900
0.31,4,0.2442981184243930592040053846,0.266395082741477,0.256268123994126,0.245492677354625,0.235340989606141,0.291053676141935,0.3082210446780122377661924420,0.3082210446780122377661924420,0,4.41494125429082,79.05843994424720251340808999,79.05843994424720251340808999,24543630
0.32,4,0.2434409423317736490651032641,0.265535813512201,0.25540885476485,0.244631309877467,0.234479622128983,0.291113762099739,0.3082210446780122377661924420,0.3082210446780122377661924420,0,4.41494125429082,79.05843994424720251340808999,79.05843994424720251340808999,25335360
0.33,4,0.2426264641245497196306595694,0.264719346432206,0.254592387684855,0.243812849068076,0.233661161319592,0.2911708550397,0.3082210446780122377661924420,0.3082210446780122377661924420,0,4.41494125429082,79.05843994424720251340808999,79.05843994424720251340808999,26127090
0.34,4,0.2418522271638013028317214583,0.263943218863708,0.253816260116357,0.243034826275158,0.232883138526674,0.291225127166227,0.3082210446780122377661924420,0.3082210446780122377661924420,0,4.41494125429082,79.05843994424720251340808999,79.05843994424720251340808999,26918820
0.35,4,0.2411160027967089638506828470,0.263205196711747,0.253078237964396,0.24229500194832,0.232143314199836,0.291276734702457,0.3082210446780122377661924420,0.3082210446780122377661924420,0,4.41494125429082,79.05843994424720251340808999,79.05843994424720251340808999,27710550
0.36,4,0.2404157826408204780393083677,0.262503266689603,0.252376307942252,0.241591357884602,0.231439670136118,0.291325818431113,0.3082210446780122377661924420,0.3082210446780122377661924420,0,4.41494125429082,79.05843994424720251340808999,79.05843994424720251340808999,28502280
0.37,4,0.2397497579195766363809064246,0.26183561560387,0.251708656856519,0.240922076462964,0.23077038871448,0.291372505143029,0.3082210446780122377661924420,0.3082210446780122377661924420,0,4.41494125429082,79.05843994424720251340808999,79.05843994424720251340808999,29294010
0.38,4,0.2391163071679051069329922739,0.261200618030024,0.251073659282673,0.240285528289761,0.230133840541277,0.29141690849896,0.3082210446780122377661924420,0.3082210446780122377661924420,0,4.41494125429082,79.05843994424720251340808999,79.05843994424720251340808999,30085740
0.39,4,0.2385139715765862904969553135,0.26059681159658,0.25046985284923,0.239680247422546,0.229528559674062,0.291459130757882,0.3082210446780122377661924420,0.3082210446780122377661924420,0,4.41494125429082,79.05843994424720251340808999,79.05843994424720251340808999,30877470
0.40,4,0.2379413965066823078340283105,0.260022838356712,0.249895879609361,0.239104872598525,0.22895318485004,0.291499266876686,0.3082210446780122377661924420,0.3082210446780122377661924420,0,4.41494125429082,79.05843994424720251340808999,79.05843994424720251340808999,31669200
0.41,4,0.2373974270974482629807771371,0.259477540629621,0.24935058188227,0.23855824330996,0.228406555561476,0.291537397808302,0.3082210446780122377661924420,0.3082210446780122377661924420,0,4.41494125429082,79.05843994424720251340808999,79.05843994424720251340808999,32460930
0.42,4,0.2368809198888139365142720690,0.258959772163025,0.248832813415674,0.238039210505539,0.227887522757055,0.291573603706496,0.3082210446780122377661924420,0.3082210446780122377661924420,0,4.41494125429082,79.05843994424720251340808999,79.05843994424720251340808999,33252660
0.43,4,0.2363909889432018541104875206,0.258468644855978,0.248341686108627,0.237546883915663,0.227395196167179,0.291607946673336,0.3082210446780122377661924420,0.3082210446780122377661924420,0,4.41494125429082,79.05843994424720251340808999,79.05843994424720251340808999,34044390
0.44,4,0.2359267168353078707583899513,0.258003239042914,0.247876280295563,0.237080341629037,0.226928653880553,0.291640491018104,0.3082210446780122377661924420,0.3082210446780122377661924420,0,4.41494125429082,79.05843994424720251340808999,79.05843994424720251340808999,34836120
0.45,4,0.2354873198600970717562189391,0.257562769105073,0.247435810357722,0.2366387961085,0.226487108360016,0.291671291676614,0.3082210446780122377661924420,0.3082210446780122377661924420,0,4.41494125429082,79.05843994424720251340808999,79.05843994424720251340808999,35627850
0.46,4,0.2350721583500550259837489463,0.257146593812936,0.247019635065585,0.236221604558716,0.226069916810232,0.291700393488003,0.3082210446780122377661924420,0.3082210446780122377661924420,0,4.41494125429082,79.05843994424720251340808999,79.05843994424720251340808999,36419580
0.47,4,0.2347983600195251891184850417,0.256872126894788,0.246745168147437,0.235946467420327,0.225794779671843,0.291719586084573,0.3082210446780122377661924420,0.3082210446780122377661924420,0,4.41494125429082,79.05843994424720251340808999,79.05843994424720251340808999,37211310
0.48,4,0.2346051664285783877251373467,0.256678461544782,0.246551502797432,0.235752329159275,0.225600641410791,0.291733128485082,0.3082210446780122377661924420,0.3082210446780122377661924420,0,4.41494125429082,79.05843994424720251340808999,79.05843994424720251340808999,38003040
0.49,4,0.2344304646139605770035940301,0.256503333126139,0.246376374378788,0.235576773094882,0.225425085346398,0.291745374657079,0.3082210446780122377661924420,0.3082210446780122377661924420,0,4.41494125429082,79.05843994424720251340808999,79.05843994424720251340808999,38794780
0.50,4,0.2342740407990328858280916790,0.256346527340198,0.246219568592847,0.235419584405193,0.225267896656709,0.291756339585784,0.3082210446780122377661924420,0.3082210446780122377661924420,0,4.41494125429082,79.05843994424720251340808999,79.05843994424720251340808999,39586500
0.51,4,0.2341357687039884403874751607,0.256207917598789,0.246080958851438,0.235280636192923,0.225128948444439,0.291766032123105,0.3082210446780122377661924420,0.3082210446780122377661924420,0,4.41494125429082,79.05843994424720251340808999,79.05843994424720251340808999,40378230
0.52,4,0.2340155644129304045146615353,0.256087419781104,0.245960461033752,0.235159844131848,0.225008156383363,0.291774458151342,0.3082210446780122377661924420,0.3082210446780122377661924420,0,4.41494125429082,79.05843994424720251340808999,79.05843994424720251340808999,41169960
0.53,4,0.2339134244616013565672125837,0.255985030414423,0.245858071667072,0.235057204740769,0.224905516992285,0.291781617913331,0.3082210446780122377661924420,0.3082210446780122377661924420,0,4.41494125429082,79.05843994424720251340808999,79.05843994424720251340808999,41961690
0.54,4,0.2338293651774703183753889096,0.255900765866088,0.245773807118737,0.234972734426995,0.224821046678511,0.291787510264556,0.3082210446780122377661924420,0.3082210446780122377661924420,0,4.41494125429082,79.05843994424720251340808999,79.05843994424720251340808999,42753420
0.55,4,0.2338243050421794377431435721,0.255895693374462,0.245768734627112,0.234967649548862,0.224815961800378,0.291787864967724,0.3082210446780122377661924420,0.3082210446780122377661924420,0,4.41494125429082,79.05843994424720251340808999,79.05843994424720251340808999,43545160
0.56,4,0.2341192841670232424954374648,0.256191392808264,0.246064434060914,0.235264071050544,0.22511238330206,0.291767187649025,0.3082210446780122377661924420,0.3082210446780122377661924420,0,4.41494125429082,79.05843994424720251340808999,79.05843994424720251340808999,44336880
0.57,4,0.2344247558203873244868218331,0.256497610392274,0.246370651644922,0.235571036386684,0.225419348638199,0.291745774829614,0.3082210446780122377661924420,0.3082210446780122377661924420,0,4.41494125429082,79.05843994424720251340808999,79.05843994424720251340808999,45128610
0.58,4,0.2347413366891341276922642650,0.256814964319236,0.246688005571885,0.235889165259592,0.225737477511107,0.291723583281244,0.3082210446780122377661924420,0.3082210446780122377661924420,0,4.41494125429082,79.05843994424720251340808999,79.05843994424720251340808999,45920340
0.59,4,0.2350696864145425284973162139,0.257144115841208,0.246811092278392,0.236219120536034,0.225860864782807,0.291714976220265,0.3082210446780122377661924420,0.3082210446780122377661924420,0,4.41494125429082,79.05843994424720251340808999,79.05843994424720251340808999,46712070
0.60,4,0.2354104675922926455658330097,0.257485729171863,0.246946640793581,0.236561568051625,0.225996744293655,0.291705497744734,0.3082210446780122377661924420,0.3082210446780122377661924420,0,4.41494125429082,79.05843994424720251340808999,79.05843994424720251340808999,47503810
0.61,4,0.2359630427315472022204623781,0.25803965364329,0.247294500449542,0.237116845150156,0.226345453387442,0.291681173027989,0.3082210446780122377661924420,0.3082210446780122377661924420,0,4.41494125429082,79.05843994424720251340808999,79.05843994424720251340808999,48295540
0.62,4,0.2365224343095416375224074460,0.258600411198505,0.247649193189292,0.237678972018169,0.226701012250713,0.291656370495479,0.3082210446780122377661924420,0.3082210446780122377661924420,0,4.41494125429082,79.05843994424720251340808999,79.05843994424720251340808999,49087260
0.63,4,0.2370966836633893056223880911,0.259176062810748,0.248018779986069,0.23825602931298,0.22707150154078,0.291630526469044,0.3082210446780122377661924420,0.3082210446780122377661924420,0,4.41494125429082,79.05843994424720251340808999,79.05843994424720251340808999,49879000
0.64,4,0.2376867819209823093671700616,0.259767602028143,0.248404254388,0.238849013008855,0.227457917231913,0.291603571473031,0.3082210446780122377661924420,0.3082210446780122377661924420,0,4.41494125429082,79.05843994424720251340808999,79.05843994424720251340808999,50670720
0.65,4,0.2382938657838521959152552572,0.260376168327934,0.248806755872323,0.239459065365525,0.227861401583839,0.291575425827429,0.3082210446780122377661924420,0.3082210446780122377661924420,0,4.41494125429082,79.05843994424720251340808999,79.05843994424720251340808999,51462450
0.66,4,0.2389191093362432342135022013,0.261002938661355,0.24922746139028,0.240087366208221,0.228283134421793,0.291546007231792,0.3082210446780122377661924420,0.3082210446780122377661924420,0,4.41494125429082,79.05843994424720251340808999,79.05843994424720251340808999,52254190
0.67,4,0.2395639178075972708728449223,0.261649321689279,0.249667779602737,0.24073532763762,0.228724527846448,0.291515217182954,0.3082210446780122377661924420,0.3082210446780122377661924420,0,4.41494125429082,79.05843994424720251340808999,79.05843994424720251340808999,53045920
0.68,4,0.2402297823339018989722717385,0.262316812188892,0.250129205286886,0.241404448081004,0.229187080285089,0.291482951155913,0.3082210446780122377661924420,0.3082210446780122377661924420,0,4.41494125429082,79.05843994424720251340808999,79.05843994424720251340808999,53837640
0.69,4,0.2409183440531302285141582398,0.263007055305661,0.250613383588189,0.242096376701115,0.229672440900457,0.29144909411089,0.3082210446780122377661924420,0.3082210446780122377661924420,0,4.41494125429082,79.05843994424720251340808999,79.05843994424720251340808999,54629380
0.70,4,0.2416314911529513453699201870,0.263721943838017,0.25112220730508,0.242813010918406,0.230182507113006,0.291413513690527,0.3082210446780122377661924420,0.3082210446780122377661924420,0,4.41494125429082,79.05843994424720251340808999,79.05843994424720251340808999,55421100
0.71,4,0.2417569018229900924750918354,0.26384766074813,0.251041859399727,0.242939034816401,0.230101963006257,0.291419132163394,0.3082210446780122377661924420,0.3082210446780122377661924420,0,4.41494125429082,79.05843994424720251340808999,79.05843994424720251340808999,56212830
0.72,4,0.2418444786832198236483994199,0.263935451462127,0.250923585298258,0.243027039906374,0.229983400091487,0.291427402694246,0.3082210446780122377661924420,0.3082210446780122377661924420,0,4.41494125429082,79.05843994424720251340808999,79.05843994424720251340808999,57004570
0.73,4,0.2419319899271308251514830213,0.264023176399577,0.250805245420242,0.24311497905918,0.22986477123955,0.291435677824641,0.3082210446780122377661924420,0.3082210446780122377661924420,0,4.41494125429082,79.05843994424720251340808999,79.05843994424720251340808999,57796300
0.74,4,0.2420194352262589841584212081,0.264110835231213,0.250686839436413,0.243202851944749,0.229746076120376,0.291443957577605,0.3082210446780122377661924420,0.3082210446780122377661924420,0,4.41494125429082,79.05843994424720251340808999,79.05843994424720251340808999,58588030
0.75,4,0.2421068242540371155941646892,0.26419843765409,0.250568377043825,0.243290668283815,0.229627324454699,0.291452241275054,0.3082210446780122377661924420,0.3082210446780122377661924420,0,4.41494125429082,79.05843994424720251340808999,79.05843994424720251340808999,59379760
0.76,4,0.2421941266857803824075475247,0.264285953269474,0.250449827843743,0.243378397603412,0.229508485769553,0.291460531042674,0.3082210446780122377661924420,0.3082210446780122377661924420,0,4.41494125429082,79.05843994424720251340808999,79.05843994424720251340808999,60171480
0.77,4,0.2422813821986699446284247389,0.264373421851434,0.250331231610236,0.243466079774734,0.229389599936131,0.291468824099192,0.3082210446780122377661924420,0.3082210446780122377661924420,0,4.41494125429082,79.05843994424720251340808999,79.05843994424720251340808999,60963220
0.78,4,0.2423685604717419620724307282,0.264460813004963,0.250212557948301,0.243553684328553,0.229270636485208,0.291477122570033,0.3082210446780122377661924420,0.3082210446780122377661924420,0,4.41494125429082,79.05843994424720251340808999,79.05843994424720251340808999,61754940
0.79,4,0.2424556897097353287476657167,0.264548155003676,0.250093835131547,0.243641239607525,0.229151623759436,0.291485424478113,0.3082210446780122377661924420,0.3082210446780122377661924420,0,4.41494125429082,79.05843994424720251340808999,79.05843994424720251340808999,62546680
0.80,4,0.2425427325476233733506763951,0.264635410391302,0.249975025703709,0.243728708063915,0.229032524211084,0.291493732442631,0.3082210446780122377661924420,0.3082210446780122377661924420,0,4.41494125429082,79.05843994424720251340808999,79.05843994424720251340808999,63338410
0.81,4,0.2441292657176468965810178302,0.266225817713629,0.25135936821057,0.245322998998831,0.230420247141256,0.291396929784488,0.3082210446780122377661924420,0.3082210446780122377661924420,0,4.41494125429082,79.05843994424720251340808999,79.05843994424720251340808999,64130140
0.82,4,0.2457157403822532551832963769,0.267816166387675,0.252743652069151,0.246917231142252,0.231807911279935,0.291300131227433,0.3082210446780122377661924420,0.3082210446780122377661924420,0,4.41494125429082,79.05843994424720251340808999,79.05843994424720251340808999,64921860
0.83,4,0.2473021177056762498899922155,0.26940641748284,0.254127838348849,0.248511365468515,0.233195477601454,0.291203339493758,0.3082210446780122377661924420,0.3082210446780122377661924420,0,4.41494125429082,79.05843994424720251340808999,79.05843994424720251340808999,65713600
0.84,4,0.2488884629493747450662099347,0.270996636419946,0.25551199247049,0.250105467558192,0.234583011686388,0.291106550008793,0.3082210446780122377661924420,0.3082210446780122377661924420,0,4.41494125429082,79.05843994424720251340808999,79.05843994424720251340808999,66505320
0.85,4,0.2504747202333855807559869120,0.272586767182575,0.256896058417653,0.251699481258079,0.235970457381532,0.291009766689588,0.3082210446780122377661924420,0.3082210446780122377661924420,0,4.41494125429082,79.05843994424720251340808999,79.05843994424720251340808999,67297060
0.86,4,0.2520609262988080281527209964,0.274176846601545,0.258280073021156,0.253293443488931,0.23735785160764,0.290912986960682,0.3082210446780122377661924420,0.3082210446780122377661924420,0,4.41494125429082,79.05843994424720251340808999,79.05843994424720251340808999,68088780
0.87,4,0.2536470623168846923445765743,0.27576685580212,0.259664017406267,0.254887335329922,0.238745175443889,0.290816212141924,0.3082210446780122377661924420,0.3082210446780122377661924420,0,4.41494125429082,79.05843994424720251340808999,79.05843994424720251340808999,68880520
0.88,4,0.2552331279844402219592351519,0.277356794480386,0.261047891269067,0.256481156476396,0.240132428585619,0.290719442254566,0.3082210446780122377661924420,0.3082210446780122377661924420,0,4.41494125429082,79.05843994424720251340808999,79.05843994424720251340808999,69672250
0.89,4,0.2568191415238714626792361632,0.278946680903236,0.262431712876451,0.258074925239851,0.241519629344331,0.290622676021263,0.3082210446780122377661924420,0.3082210446780122377661924420,0,4.41494125429082,79.05843994424720251340808999,79.05843994424720251340808999,70463980
0.90,4,0.2584050841115408614663416539,0.280536496201067,0.263815463358817,0.259668622704607,0.242906758804345,0.290525914761506,0.3082210446780122377661924420,0.3082210446780122377661924420,0,4.41494125429082,79.05843994424720251340808999,79.05843994424720251340808999,71255700
0.91,4,0.260162238683499,0.2826350212669,0.265800285401324,0.261434369338998,0.244558524764215,0.295231157705722,0.313053280073595,0.307796250232685,0.00525702984091059,4.48415786433834,78.9445414012481,78.9445414756924,72047440
0.92,4,0.265433702399375,0.288256437061405,0.271080592125847,0.266731609242172,0.249513822643823,0.299705957912315,0.317885515469178,0.307371455787357,0.0105140596818212,4.55337447438585,78.8306428582489,78.8306430071375,72839170
0.93,4,0.272682557556504,0.295860072885531,0.277960291559697,0.274015909554253,0.256072418786746,0.3040689176857,0.322717750864761,0.306946661342029,0.0157710895227318,4.62259108443337,78.7167443152498,78.7167445385826,73630900
0.94,4,0.279273072296949,0.302803760692772,0.283967770191361,0.280638650323653,0.261756664253179,0.308492869079092,0.327549986260344,0.306521866896702,0.0210281193636423,4.69180769448088,78.6028457722506,78.6028460700278,74422620
0.95,4,0.285863587037394,0.309747448500014,0.289975248823024,0.287261391093054,0.267440909719612,0.312916820472484,0.332382221655927,0.306097072451374,0.0262851492045529,4.7610243045284,78.4889472292515,78.4889476014729,75214360
0.96,4,0.292454101777839,0.316691136307255,0.295982727454686,0.293884131862454,0.273125155186044,0.317340771865876,0.33721445705151,0.305672278006046,0.0315421790454635,4.83024091457591,78.3750486862524,78.3750491329181,76006090
0.97,4,0.299044616518284,0.323634824114496,0.30199020608635,0.300506872631854,0.278809400652477,0.321764723259269,0.342046692447093,0.305247483560719,0.0367992088863741,4.89945752462343,78.2611501432532,78.2611506643632,76797820
0.98,4,0.30563513125873,0.330578511921737,0.307997684718013,0.307129613401254,0.28449364611891,0.326188674652661,0.346878927842676,0.304822689115391,0.0420562387272847,4.96867413467094,78.1472516002541,78.1472521958084,77589550
0.99,4,0.312225645999175,0.337522199728978,0.314005163349675,0.313752354170654,0.290177891585342,0.330612626046053,0.351711163238259,0.304397894670064,0.0473132685681953,5.03789074471846,78.0333530572549,78.0333537272536,78381280
1.00,4,0.31881616073962,0.34446588753622,0.320012641981339,0.320375094940055,0.295862137051775,0.335036577439446,0.356543398633842,0.303973100224736,0.0525702984091058,5.10710735476597,77.9194545142558,77.9194552586987,79173010
1.01,4,0.325406675480065,0.351409575343461,0.326020120613001,0.326997835709455,0.301546382518207,0.339460528832838,0.361375634029425,0.303548305779408,0.0578273282500164,5.17632396481349,77.8055559712566,77.8055567901439,79964740
1.02,4,0.33199719022051,0.358353263150702,0.332027599244664,0.333620576478855,0.30723062798464,0.34388448022623,0.366207869425008,0.303123511334081,0.063084358090927,5.245540574861,77.6916574282575,77.691658321589,80756460
1.03,4,0.338587704960956,0.365296950957944,0.338035077876328,0.340243317248256,0.312914873451073,0.348308431619622,0.37104010482059,0.302698716888753,0.0683413879318376,5.31475718490852,77.5777588852584,77.5777598530342,81548190
1.04,4,0.345178219701401,0.372240638765185,0.34404255650799,0.346866058017656,0.318599118917505,0.352732383013015,0.375872340216174,0.302273922443425,0.0735984177727482,5.38397379495603,77.4638603422592,77.4638613844793,82339930
1.05,4,0.3517687344418459714835586232,0.379184326572426,0.350050035139654,0.353488798787056,0.324283364383938,0.357156334406406,0.3807045756117564093267406744,0.3018491279980976093267406744,0.0788554476136588,5.4531904050035498715173103441,77.349961799260079581935273719,77.34996291592445663977349683,83131660
1.06,4,0.3499306124696097942952958156,0.377503020653858,0.348492153459939,0.351641688841311,0.322559980066458,0.359583314300193,0.3830169711720134877979913760,0.3041615235583546877979913760,0.0788554476136588,5.4863130315454298715173103431,77.510948929402189317963087478,77.51095006722945131506441903,83923380
1.07,4,0.3481136658771795803619164776,0.375830593360079,0.346943150405015,0.349815857817876,0.32085787467129,0.361832218601302,0.3851523442643443879068233864,0.3062968966506855879068233864,0.0788554476136588,5.5168999980145198715173103431,77.659309916198783716162093721,77.659311073291098261695299757,84715120
1.08,4,0.3463175243697291815956723198,0.374169305458739,0.345405286742529,0.348010933611273,0.319176676092953,0.363940712143842,0.3871484256763933617792268585,0.3082929780627345617792268585,0.0788554476136588,5.5454917581332498715173103431,77.797795176999952984452577246,77.797796351874510268824832331,85506850
1.09,4,0.3445417915850068378455400542,0.372520581869134,0.343879987391778,0.346226517921134,0.31751598603108,0.3659348820927,0.3890313384233695532352205286,0.3101758908097107532352205286,0.0788554476136588,5.5724624965315298715173103429,77.928222159406193672770638488,77.928223350852278237283779599,86298580
1.10,4,0.3427861349249151931927363552,0.3708854170217,0.342368246783199,0.344462276523037,0.31587547026125,0.367833740768956,0.3908201178812561265036418073,0.3119646702675973265036418073,0.0788554476136588,5.5980848748856798715173103434,78.05193935110213591854940482,78.051940558111220057769873731,87090310
1.11,4,0.3410501453959651433297771472,0.369264394146665,0.340870648147017,0.342717798423615,0.314254717790093,0.369651520584612,0.3925290024766990394867056589,0.3136735548630402394867056589,0.0788554476136588,5.6225628436341298715173103435,78.170048497089643034432213212,78.170049718820215110181633112,87882040
1.12,4,0.3393335174580383731222015679,0.367657981913626,0.339387660152832,0.34099277658873,0.312653421583475,0.371399325341774,0.3941691016562377997376674349,0.3153136540425789997376674349,0.0788554476136588,5.6460555338767398715173103439,78.283215228322612676343200885,78.283216464030344855348036755,88673770
1.13,4,0.3376358788809597872191088555,0.366066415738585,0.337919518216646,0.339286836968092,0.311071207591103,0.373085883876614,0.3957491394148285430748699486,0.3168936918011697430748699486,0.0788554476136588,5.6686879076363798715173103439,78.392171470130039132015209397,78.392172719182399812379639131,89465500
1.14,4,0.3359569206083899745696088972,0.36448988897775,0.336466415694665,0.33759966899415,0.309507765245427,0.374718413479869,0.3972763289500986031963262262,0.3184208813364398031963262262,0.0788554476136588,5.6905632863582598715173103429,78.497404323567325170567771508,78.49740558540387358205063196,90257220
1.15,4,0.3342963466286118553275791610,0.36292850532965,0.335028456285419,0.335930975207762,0.307962797087305,0.37630266136101,0.3987564107052491220248858445,0.3199009630915903220248858445,0.0788554476136588,5.711763895834369871517310344,78.599214299315631909726992429,78.599215573419141021709987701,91048960
1.16,4,0.3325836210768578491956798470,0.361311894545766,0.33353526974039,0.334209874840777,0.306365422348587,0.377848403501889,0.4001942280679382888922044372,0.3213387804542794888922044372,0.0788554476136588,5.7323591124825498715173103441,78.698149881579765884221452676,78.698151167518507475955861409,91840690
1.17,4,0.3308864061747690090284184910,0.359708177940663,0.332054977374141,0.332504360966798,0.304783634102874,0.379355099463253,0.4015939938180862179337361193,0.3227385462044274179337361193,0.0788554476136588,5.752409279930159871517310343,78.794349752763373590713186196,78.794351050123310329497693626,92632420
1.18,4,0.3292069595748699245318621501,0.35811985201265,0.330590075684982,0.330816702277724,0.303219701042066,0.380825927804061,0.4029590529187618947135269812,0.3241036053051030947135269812,0.0788554476136588,5.7719623112438198715173103441,78.888100917585107712410513137,78.888102225996177492588065123,93424140
1.19,4,0.3275450139296420716943019543,0.356546872603089,0.329140520514275,0.329146630118772,0.30167335451138,0.382264108350408,0.404292614272374579937308192,0.325437166658715779937308192,0.0788554476136588,5.7910641705647598715173103436,78.979632669868120554534233924,78.979633988994038938194524518,94215880
1.20,4,0.3259002767258519007679694065,0.35498911406108,0.327625960443924,0.32749385054639,0.300063878896921,0.383677667996205,0.4055970801881388392652497979,0.3267416325744800392652497979,0.0788554476136588,5.8097492684377498715173103438,79.069087387547418686528758469,79.069088717073145027122372482,95007620
1.21,4,0.3242725166699824277592199076,0.35344650555895,0.326083351941794,0.325858131136091,0.298428159486622,0.38506633659927,0.4068747591348047976503274121,0.3280193115211459976503274121,0.0788554476136588,5.828050671241919871517310344,79.156704958484099013768351039,79.156706298131395916906606469,95799340
1.22,4,0.3226614647700939592640887627,0.351918928496972,0.324555774879816,0.324239201580629,0.296809229931161,0.386429272386122,0.4081278164893648681527986485,0.3292723688757060681527986485,0.0788554476136588,5.8459993957179498715173103435,79.24255660171383332139179576,79.24255795121349472749900587,96591070
1.23,4,0.3210697705756238004167317361,0.350409150933323,0.323045997316166,0.322639724385101,0.295209752735632,0.387767891859432,0.4093578583939388030304318652,0.3305024107802800030304318652,0.0788554476136588,5.8636184481570298715173103437,79.32681633797508488992202163,79.32681769708504497339716072,97382800
1.24,4,0.3195009917019512227019156760,0.348920852756476,0.321557699139319,0.321063274560767,0.293633302911298,0.389083569991051,0.4105665131670581391102475610,0.3317110655533993391102475610,0.0788554476136588,5.8809311525040498715173103433,79.40959634101891187137861151,79.40959770951360807968696825,98174530
1.25,4,0.3179520294803060127022743549,0.347450507125955,0.320087353508798,0.319506738287114,0.292076766637645,0.390370509057353,0.4117477511881055127930287581,0.3328923035744467127930287581,0.0788554476136588,5.8978511408056498715173103439,79.49003032814854280129779147,79.49003170568635695899888155,98966260
1.26,4,0.3164218859485884892009664565,0.345995535862465,0.318632382245309,0.317969112722247,0.290539141072778,0.39160621570395,0.4128789540506772883788047843,0.3340235064370184883788047843,0.0788554476136588,5.9140544282552698715173103442,79.56551973544829088113143935,79.56552112135043725835602967,99757990
1.27,4,0.3149099385001639456376703579,0.344557621008569,0.317194467391412,0.316449772215136,0.289019800565667,0.392823713334934,0.4139931820488715240863925230,0.3351377344352127240863925230,0.0788554476136588,5.9300145686832298715173103434,79.63982266542599955526002582,79.63982405951366820369485832,100549700
1.28,4,0.3134157142500740644298906697,0.343136352522243,0.315773198905087,0.314948241568528,0.28751826991906,0.394023950307762,0.4150913526269077893120522206,0.3362359050132489893120522206,0.0788554476136588,5.9457447035099598715173103433,79.71305895140725833761716034,79.7130603535201507151792832,101341400
1.29,4,0.3119388511255193128240446114,0.341628693578298,0.314265539961142,0.313464156939176,0.286034185289708,0.393738647279787,0.4147015756112310793473323562,0.3358461279975722793473323562,0.0788554476136588,5.9401615590225898715173103434,79.61177240344259149805193668,79.61177379065829192780975,102133200
1.30,4,0.3104790129338601894096112945,0.340131483699859,0.312768330082703,0.311997180490539,0.28456720884107,0.393357517036807,0.4142169337007933347007412079,0.3353614860871345347007412079,0.0788554476136588,5.9332195750117798715173103433,79.50001616156320474385904611,79.50001753248990657820294391,102924900
1.31,4,0.3090359156825953904621347963,0.338651315002874,0.311288161385717,0.310547026841461,0.283117055191992,0.392978922335312,0.4137360098881144548009628166,0.3348805622744556548009628166,0.0788554476136588,5.9263308488283198715173103434,79.38951106571612320036093668,79.38951242050425588117581027,103716600
1.32,4,0.3076092649004783221695543570,0.337187872150678,0.309824718533523,0.309113400080801,0.281683428431333,0.392602595710829,0.4132585153634799959915904391,0.3344030677498211959915904391,0.0788554476136588,5.9194912435777798715173103433,79.2801109405698455153192374,79.28011227934825186915676544,104508400
1.33,4,0.3061988570040968850577914318,0.335747875838859,0.308384722221704,0.307696095629674,0.280266123980206,0.392327580346367,0.4128837208577063757336088640,0.3340282732440475757336088640,0.0788554476136588,5.9141227077363998715173103436,79.183359588263317456888374754,79.18336091269981049068393492,105300100
1.34,4,0.3048044138403425906054371353,0.33434188450249,0.306978730885335,0.30629483397487,0.278864862325402,0.392308875884049,0.4127669849607785256611638641,0.3339115373471197256611638641,0.0788554476136588,5.9124505891834898715173103436,79.117218177824990920790637033,79.117219491997799388810775252,106091800
1.35,4,0.3034257441946909877294410489,0.332953010115699,0.305589856498543,0.304909422966872,0.277479451317403,0.392307726878272,0.4126689557742253075120378066,0.3338135081605665075120378066,0.0788554476136588,5.9110464245188398715173103438,79.054124958093185928989446704,79.05412626242778608171532845,106883600
1.36,4,0.3020626402252427783311032119,0.331580915245568,0.304217761628412,0.303539653747482,0.276109682098013,0.392322301918367,0.4125877828104725747235946517,0.3337323351968137747235946517,0.0788554476136588,5.9098837074604398715173103429,78.993843902395249022782895811,78.993845197286587139162920745,107675300
1.37,4,0.3007149031458628481101845512,0.330225288059475,0.302862134442318,0.30218532655855,0.274755354909081,0.392351005240406,0.4125218524404477201239726857,0.3336664048267889201239726857,0.0788554476136588,5.9089393244743998715173103436,78.936079677638767762582584079,78.936080963440680685932756764,108467000
1.38,4,0.2993823386811382277589831816,0.328885823571604,0.301522669954448,0.300846246174703,0.273416274525234,0.392392274014371,0.4124695843663750702700805868,0.3336141367527162702700805868,0.0788554476136588,5.9081906394624898715173103436,78.880628973383676267281964152,78.88063025042334679663827085,109258800
1.39,4,0.2980647786174602326282072084,0.32756225060184,0.300199096984684,0.299522243559808,0.272092271910339,0.392444653416119,0.4124295083914185603618285375,0.3335740607777597603618285375,0.0788554476136588,5.9076165934062698715173103442,78.827369290575379552402002482,78.827370559165788892886591697,110050500
1.40,4,0.2967620366561855390560636592,0.326254303325689,0.298891149708532,0.298213131504266,0.270783159854797,0.392507025737774,0.4124004909874057502138714973,0.3335450433737469502138714973,0.0788554476136588,5.9072009497106798715173103434,78.776075043621958717827379259,78.776076304044077528007545193,110842200
1.41,4,0.2954739426009701690441865236,0.324961710150233,0.297598556533078,0.296918738979514,0.269488767330046,0.392577958814538,0.4123810845328541349626293588,0.3335256369191953349626293588,0.0788554476136588,5.9069229727253998715173103436,78.726623017013943825393587708,78.726624269534019448655861344,111633900
1.42,4,0.2942003596001159108971333606,0.323684265050103,0.296321111432947,0.295638928464683,0.268208956815214,0.392656477788711,0.4123703021731660371357989371,0.3335148545595072371357989371,0.0788554476136588,5.9067685267995698715173103437,78.67881048734196753116228807,78.678811732197178968821517984,112425700
1.43,4,0.2929411026331106954968031744,0.322421720018749,0.295058566401592,0.294373514034554,0.266943542385085,0.392741701348574,0.4123672474433892996173348542,0.3335117998297304996173348542,0.0788554476136588,5.9067247710186298715173103442,78.63258180073403867537226248,78.632583038155794434220904515,113217400
1.44,4,0.2916960193985425396291291541,0.321160803934836,0.293797650317681,0.293122342642998,0.26569237099353,0.392646037623164,0.4121838596903059244521786603,0.3335154116733685244521786603,0.0786684480169374,5.9040984421819711715790522193,78.591188710851802005573858725,78.591189285397760610718082758,114009100
1.45,4,0.2904650112457878740808736085,0.319907203401184,0.292544049784028,0.291885315157014,0.264455343507546,0.392452229951293,0.4119030773714717227585818343,0.3335249429135897227585818343,0.078378134457882,5.9000765387320344142112180318,78.553002824397364402670623516,78.553003387428529021900946551,114800900
1.46,4,0.2892478894497757942245547963,0.318667873912641,0.291304720295484,0.290662241928712,0.263232270279243,0.392262465257281,0.4116273236797882228195801330,0.3335395027809609228195801330,0.0780878208988273,5.896126665060207656843383844,78.515980776776085274073980948,78.515981328445616162590833625,115592600
1.47,4,0.2880445408978787290264136362,0.317442665623165,0.290079512006009,0.289453009292368,0.2620230376429,0.392076230107764,0.4113560759798595836666966502,0.3335585686400870836666966502,0.0777975073397725,5.8922413349658994670798519367,78.479970787137518018163874185,78.479971327584932395955246269,116384300
1.48,4,0.2868548220701634759854111517,0.316231382622384,0.288868229005228,0.288257473026274,0.260827501376805,0.391892790356744,0.4110885882480129008984590326,0.3335813944672952008984590326,0.0775071937807177,5.8884098624471441421077154693,78.444878478760514646390867378,78.444879008116655873519153038,117176100
1.49,4,0.2856786212495852248477334222,0.315033873921913,0.287670720304757,0.287075520867114,0.259645549217645,0.391711596130253,0.4108243014173279476317924006,0.3336074211956656476317924006,0.0772168802216623,5.884624239460195952344183562,78.410759292143265707635054983,78.410759810540811024267598801,117967800
1.50,4,0.2845158084021290280200443609,0.313849969282179,0.286486815665023,0.285907022145038,0.258477050495569,0.391532086117968,0.4105626436694941248839285464,0.3336360770068872248839285464,0.0769265666626069,5.8808762753110891949763493744,78.377392572353749537221545854,78.377393079908050737528285199,118759500
1.51,4,0.2833662350703157527718135902,0.312679485051632,0.285316331434477,0.284751827676646,0.257321856027178,0.391353772611992,0.4103031156737605683589358512,0.3336668625702084683589358512,0.0766362531035521,5.8771588176136624376085151875,78.344785440333081416707744547,78.344785937158323208831432105,119551200
1.52,4,0.2822298166239630504154286330,0.311522311338962,0.284159157721806,0.283609852417935,0.256179880768467,0.391176303249077,0.4100453582595886531462219178,0.3336994187150912531462219178,0.0763459395444974,5.8734667216289256802406809997,78.312804306332796469976370272,78.312804792532427988922899206,120343000
1.53,4,0.2811064563097466790290175129,0.310378313572484,0.283015159955329,0.28248099914248,0.255051027493012,0.390999147362358,0.4097888326655450957007204253,0.3337332066801031957007204253,0.0760556259854419,5.8697922701678189228728468121,78.281447977442668715638978677,78.281448453118761828733591492,121134700
1.54,4,0.2799959910388102980825058950,0.309247301025407,0.281884147408252,0.281365103963959,0.253935132314491,0.390821926838266,0.4095331483946980351827041167,0.3337678359683115351827041167,0.0757653124263865,5.8661298697738021655050126245,78.250658478480561582220926525,78.25065894373000270089675962,121926400
1.55,4,0.2788983489706755163125424648,0.308129191395596,0.28076603777844,0.280262094690612,0.252832123041143,0.390644499612697,0.4092781579878977200296800127,0.3338031591205660200296800127,0.0754749988673317,5.8624774082501354081371784371,78.220408408418222421955378073,78.220408863334570184441706384,122718200
1.56,4,0.2778134159303852293554922897,0.307023833331071,0.279660679713915,0.279171856589192,0.251741884939724,0.390466346019944,0.4090233324875377400189899884,0.3338386471792607400189899884,0.075184685308277,5.8588273088372286507693442506,78.190555753104524419255144577,78.190556197771477989693240741,123509900
1.57,4,0.2767410847338246812042830480,0.305931101614567,0.278567947997411,0.278094281951482,0.250664310302013,0.390287219430225,0.4087684171298966550172582776,0.3338740453806751550172582776,0.0748943717492215,5.8551759223135918934015100627,78.161127277374994858832266464,78.161127711876862219899879755,124301600
1.58,4,0.2756812745771880873129596503,0.304850902942751,0.277487749325595,0.277029289578563,0.249599317929095,0.390106949577856,0.4085132355555386706381898170,0.3339091773653718706381898170,0.0746040581901668,5.8515207225163651360336758755,78.132095898151472058472645722,78.132096322569800163952554726,125093400
1.59,4,0.2746338568523380272948263667,0.303783085831177,0.276419932214021,0.275976750233436,0.248546778583968,0.389925222822605,0.4082574643212222573400939829,0.3339437196901109573400939829,0.0743137446311113,5.8478570764624083786658416884,78.103343249493755555608319422,78.103343663902243136335974608,125885100
1.60,4,0.2735987751010074003279411678,0.302727584885442,0.275364431268285,0.274936607181767,0.247506635532298,0.389741917300906,0.4080009772985531451096259966,0.3339775462264972451096259966,0.0740234310720559,5.8441831774955401889023097813,78.07498582627411067177773329,78.074986230752301778838773202,126676800
1.61,4,0.2725759137993458799768442042,0.30168425343653,0.274321099819374,0.273908744334821,0.246478772685352,0.389556599748288,0.4077433320473574366011346888,0.3340102145343563366011346888,0.0737331175130011,5.8404926881270848371602892736,78.04682036160016878179486279,78.046820756215429335161009374,127468500
1.62,4,0.2715651859724621720337743925,0.300653008966951,0.273289855349795,0.27289307429242,0.245463102642951,0.389369343042504,0.4074845955117305599312239364,0.3340417915577841599312239364,0.0734428039539464,5.8367865672605980797924550862,78.018847003030643843048369219,78.018847387849608839930318352,128260300
1.63,4,0.2705665178495002304275563021,0.299633762062596,0.27227060844544,0.271889522922987,0.244459551273518,0.389179931221913,0.4072245460188924342178420017,0.3340720556240015342178420017,0.0731524903948909,5.8330616396674099167988072182,77.991175948631323048557993951,77.991176323726039651539879415,129052000
1.64,4,0.2695798164832578673606008956,0.298626400764286,0.27126324714713,0.270897996824831,0.243468025175362,0.388988102163717,0.4069629142746849303484609310,0.3341007374388487303484609310,0.0728621768358362,5.8293140479928031594309730313,77.963621162393238830467481609,77.963621527825309961976243064,129843700
1.65,4,0.2686049973719806149627204108,0.297630834542894,0.270267680925738,0.269918411083003,0.242488439433534,0.388793778546736,0.4066996168312847256300152176,0.3341277535545039256300152176,0.0725718632767808,5.8255425969347864020631388437,77.936309664016632162531848003,77.936310019853750294606848015,130635500
1.66,4,0.2676419791209951471575603793,0.296646975593604,0.269283821976448,0.26895068390483,0.241520712255361,0.388596877249586,0.4064345646448346830706334354,0.3341530149271086830706334354,0.072281549717726,5.8217460110340396446953046561,77.909009612900202281219107002,77.909009959197761888529696521,131427200
1.67,4,0.2666906710682836182879693393,0.295674715844391,0.268311562227234,0.267994724184979,0.24056475253551,0.38839715881872,0.4061675113063595804400316000,0.3341762751476883804400316000,0.0719912361586712,5.8179207607419928873274704689,77.881896701898452849537381885,77.881897038720518560325332777,132218900
1.68,4,0.2657510320846658164673089461,0.294714023301743,0.267350869684587,0.267050490593157,0.239620518943688,0.388194758219629,0.4058985892208279877245879677,0.3341976666212121877245879677,0.0717009225996158,5.8140687426201261299596362818,77.854915461662388810026394213,77.854915789069588983354234564,133010600
1.69,4,0.2648229605484785647095143711,0.293764768654495,0.266401615037339,0.266117881010797,0.238687909361328,0.387989290146099,0.4056274050003213327350407448,0.3342167959597609327350407448,0.0714106090405604,5.8101843218015693725918020941,77.82793221771356731634014884,77.827932535760184835011118457,133802400
1.70,4,0.2639064001865127940090115186,0.29282690329089,0.265463749673734,0.265196838889526,0.237766867240057,0.387780870071736,0.4053540704461724329234738192,0.3342337749646668329234738192,0.0711202954815056,5.8062690997224426152239679068,77.801029451350271724441196411,77.801029760094189146362058202,134594100
1.71,4,0.2630012594945430387345379329,0.291900321972535,0.26453716835538,0.264287272277685,0.236857300628217,0.38756931119841,0.4050783918742235949011080367,0.3342484099517727949011080367,0.0708299819224508,5.80232030206155585785613372,77.774175480230665112558917687,77.774175779728185624806954632,135385800
1.72,4,0.2621074710996482132037787525,0.290984951918891,0.263621798301734,0.263389113472917,0.235959141823448,0.387354543268958,0.4048002941215404633693454179,0.3342606257581450633693454179,0.0705396683633954,5.7983368521891891004882995321,77.747355165348089897738378175,77.747355455654691752712075798,136177600
1.73,4,0.2612249782208683005241207246,0.29008074333762,0.262717589720464,0.262502305416615,0.235072333767147,0.387136672188396,0.4045198793618216685783900657,0.3342705245574810685783900657,0.0702493548043406,5.794320213635750910724767624,77.720580302847966114535860549,77.720580584019395472949227258,136969300
1.74,4,0.2603537323038374113935157686,0.289187631739743,0.261824478122588,0.261626799316995,0.234196827667527,0.386915475180241,0.4042369208627330114839054669,0.3342778796174478114839054669,0.0699590412452852,5.790267138699795558982747117,77.693743309604816116085958568,77.693743581692413733331157496,137761000
1.75,4,0.2594936488672110155089727801,0.288305527598828,0.260942373981671,0.26076251027962,0.233332538630151,0.386690888968429,0.4039513492572997337167428835,0.3342826215710693337167428835,0.0696687276862304,5.7861766337725988016149129308,77.666971188039622381003742792,77.666971451099909232614323457,138552800
1.76,4,0.2586446416201689134821842595,0.287434351560044,0.260071197942887,0.259909351591726,0.232479379942257,0.386463021804399,0.4036632669977530664577791501,0.3342848528705780664577791501,0.069378414127175,5.7820501663742820442470787422,77.640127054993067675311953769,77.640127309077003041613192387,139344500
1.77,4,0.2578066847915898150485238030,0.286574061051874,0.259210907434718,0.259067297356179,0.23163732570671,0.386231636137717,0.4033724341426800805735977082,0.3342843335745598805735977082,0.0690881005681202,5.7778842995972552868792445561,77.613254277053642108635180659,77.61325452221414941239609223,140136200
1.78,4,0.2569797231140224974000136596,0.285724606601483,0.258361452984326,0.258236292035282,0.230806320385813,0.385996820639351,0.4030789356960006569869672101,0.3342811486869358569869672101,0.0687977870090648,5.773680251032998529511410368,77.586352500473730437390818184,77.586352736763686976209543386,140928000
1.79,4,0.2561636718083668721922059174,0.284885901373771,0.257522747756614,0.257416250435387,0.229986278785918,0.385758554810483,0.4027827451515207243125351555,0.3342752717015107243125351555,0.06850747345001,5.7694376410082317721435761807,77.559347603104520969387167023,77.559347830574334279132132421,141719700
1.80,4,0.2553584789151789648061048497,0.284057885631763,0.256694732014607,0.25660712034298,0.229177148693511,0.38551673288395,0.4024837528326797721882253693,0.3342665929417251721882253693,0.0682171598909546,5.7651548985219650147757419927,77.532354469216101857793398245,77.532354687920344806361214248,142511400
1.81,4,0.2546036094157537339449989171,0.28328012446481,0.255916970847655,0.255848559713604,0.228418588064136,0.385268641925,0.4021820123344158672715991505,0.3342551660025159672715991505,0.0679268463318999,5.760832791265126851782094125,77.50524540895591465713265366,77.505245618944950998737842573,143303100
1.82,4,0.2538470210835763147621594951,0.282500443011715,0.255137289394559,0.255088271846799,0.22765830019733,0.385017850557288,0.4018774440530582925035762092,0.3342409112802131925035762092,0.0676365327728451,5.7564701789991200944142599386,77.478134798714333251827011968,77.478135000042456662913025332,144094900
1.83,4,0.2530967309525028798480417828,0.281726877374878,0.254363723757722,0.254334312977783,0.226904341328314,0.384763789538179,0.4015700407027875303649921722,0.3342238214889978303649921722,0.0673462192137897,5.752066957362283337046425751,77.450884811794732723085230288,77.450885004512084994493094645,144886600
1.84,4,0.2523526664773721977323552122,0.280959351267496,0.25359619765034,0.253586610206667,0.226156638557198,0.384506412978261,0.4012597511844769744429648764,0.3342038455297427744429648764,0.0670559056547342,5.7476223944135365796785915634,77.423552181816220684750418168,77.423552365975030884896833252,145678300
1.85,4,0.2516147878680888625908713309,0.280197827868948,0.252834674251791,0.252845123548792,0.225415151899323,0.384245767521679,0.4009466194601704780910665210,0.3341810273644909780910665210,0.0667655920956795,5.7431371198627598223107573763,77.396138090666675090111029557,77.396138266319438675831342461,146470100
1.86,4,0.2508830510403527890363568393,0.279442261065865,0.252079107448709,0.252109808704296,0.224679837054827,0.383981828781074,0.4006306179852114369628302218,0.3341553394485867369628302218,0.0664752785366247,5.7386107391618130381730391493,77.368634922548505627119382977,77.368635089747768392530916514,147261800
1.87,4,0.2501573969885097508165865603,0.278692589776882,0.251329436159727,0.251380606379001,0.223950634729533,0.383714573269071,0.4003117190686166384879860631,0.3341267540910473384879860631,0.0661849649775693,5.7340428556666062808052049618,77.340966722583387086769385415,77.340966881380058316845999426,148053500
1.88,4,0.2494377747371366550010662113,0.2779487645937,0.250585610976545,0.250657465348227,0.223227493698759,0.383444028749928,0.3999899469604631487737935339,0.3340952955419486487737935339,0.0658946514185145,5.7294338167338795234373707739,77.31327239076648863563432536,77.31327254121532603204647941,148845200
1.89,4,0.2487241536768434209276646880,0.27721074552909,0.249847591911934,0.249940354852912,0.222510383203443,0.383170064328837,0.3996651682954293339531126433,0.3340608304359701339531126433,0.0656043378594592,5.7247817120461341984652343062,77.285454543457115268326672578,77.285454685610769098453231788,149637000
1.90,4,0.2480164847274682752085209644,0.276478499339843,0.249115345722686,0.249229225572902,0.221799253923433,0.382892911639125,0.3993376118236654310712718838,0.3340235875232611310712718838,0.0653140243004043,5.7200898182078974410974001192,77.257479158276418366444627215,77.257479292187152845940501468,150428700
1.91,4,0.2473147179826993233075478572,0.275751964227283,0.248388810610126,0.248524027357857,0.221094055708388,0.382612405853125,0.3990071088081588571958694423,0.3339833980668095571958694423,0.0650237107413493,5.7153557182395106837295659317,77.229384493159580310234554193,77.229384618881004874980680193,151220400
1.92,4,0.2466188138739672134665151426,0.275031100432564,0.247667946815408,0.247824720445726,0.220394748796257,0.382328548405191,0.3986736579063316403910861120,0.3339402607240376403910861120,0.064733397182294,5.7105793929099639263617317452,77.201169536572973809159172686,77.201169654159067035873406785,152012200
1.93,4,0.2459287243346600797373824313,0.274315861528429,0.246952707911273,0.247131256534863,0.219701284885395,0.382041367787034,0.3983372843018906197969099241,0.3338942006786516197969099241,0.064443083623239,5.7057612029492786013895952766,77.172827024876439938724553244,77.172827134381451778120540517,152803900
1.94,4,0.2452444104457129223725652162,0.273606216346203,0.246243062729047,0.246443596515899,0.219013624866431,0.381750978921636,0.3979981004636514319981363320,0.3338453303994674319981363320,0.064152770064184,5.7009027593545718440217610899,77.144375015622670926894601321,77.144375117101546627783309037,153595600
1.95,4,0.2445658336004209269566972558,0.272902111651002,0.245538958033845,0.245761701593352,0.218331729943883,0.381457176670685,0.3976558980395333225253350354,0.3337934415344043225253350354,0.063862456505129,5.6960010777021236542582291819,77.115782432435101545551416284,77.115782525942738880968172402,154387400
1.96,4,0.2438929666695358891050558181,0.272203533141646,0.24484037952449,0.245085544505316,0.217655572855848,0.381160147333197,0.3973108618771371586122450485,0.3337387189310634586122450485,0.0635721429460737,5.691058805738788329286092715,77.087066406665174354733101787,77.087066492257140237397435654,155179100
1.97,4,0.2432257516476877804381361532,0.27151040976118,0.244147256144023,0.244415066962791,0.216985095313322,0.380859710354407,0.3969628069048367971610407424,0.3336809775178180971610407424,0.0632818293870187,5.6860732925087815719182585272,77.058131512290785377666109078,77.058131590021915014882847032,155970800
1.98,4,0.2425641619919841277981726777,0.270822735204329,0.243389384051058,0.243750242293095,0.216249901692283,0.380561066623152,0.3966120241699465474791604347,0.3336205083419827474791604347,0.0629915158279638,5.6810487069577948145504243405,77.029150842981195131650125849,77.029150912909032510062340453,156762600
1.99,4,0.2419081690959529248069916582,0.270140463331341,0.242636914641956,0.243091041749878,0.215520332197723,0.380259059716125,0.3962582633239874577439790924,0.3335570610550786577439790924,0.0627012022689088,5.6759814631080123275997992736,76.999953668882810855299335695,76.999953731063349752227885075,157554300
2.00,4,0.2412577081475434128034211678,0.269463536405596,0.241889790180096,0.242437400204173,0.214796321700675,0.379953797623166,0.3959016280662370891350311103,0.3334907393563836891350311103,0.0624108887098534,5.6708730463421855702319650859,76.970680890181991970917709152,76.970680944673247516893521355,158346000
2.01,4,0.2406642286704017508092942425,0.268843536110886,0.241199592349272,0.2418410187554,0.214129571300558,0.379641767179066,0.3955422119457521328661280117,0.3334216367949537328661280117,0.0621205751507984,5.6657247966518288128641308979,76.941210935142855714817808942,76.941210982002169842444268151,159137700
2.02,4,0.2400738326514543217745502406,0.268226415555115,0.240512274257387,0.241247735842188,0.213465919436004,0.379326499594244,0.3951797674504913280223485110,0.3333495058587479280223485110,0.0618302615917434,5.6605331686881120554962967112,76.911570659246027691298470143,76.91157069853166534528909309,159929500
2.03,4,0.2394909541531615615082641317,0.267616640889165,0.239832302055322,0.240662007208496,0.212809821850968,0.379007988096634,0.3948145993678207622272332233,0.3332746513351322622272332233,0.0615399480326885,5.6553025282084667305241602435,76.881805232234818336401347442,76.881805264005881077797707076,160721200
2.04,4,0.2389155572252247895754577907,0.267014168175009,0.239159631805052,0.240083796728236,0.212161242419365,0.378686122231847,0.3944465944474520281838246401,0.3331969599738189281838246401,0.0612496344736331,5.6500312530220099731563260556,76.851884478044502346231514875,76.85188450236044263883696377,161512900
2.05,4,0.2383475353216415050657663610,0.26641888712598,0.238494153219909,0.239512997334421,0.211520074074207,0.378360859695189,0.3940757027945333108285251074,0.3331163818799552108285251074,0.0609593209145781,5.6447186284376232157884918695,76.821810518820674208490358291,76.821810535741548853662479317,162304700
2.06,4,0.2377868270915571867502710706,0.26583074253942,0.237835811097235,0.238949547376206,0.210886255164649,0.378032294852916,0.3937020146947084529180534986,0.3330330073391852529180534986,0.0606690073555232,5.6393659477018964584206576816,76.791584165288711036580441691,76.791584174875149631651109417,163096400
2.07,4,0.2372333804440500834012174515,0.26524968564416,0.237184556665859,0.238393394507958,0.210259733345057,0.377700480650181,0.3933255795620511017861373600,0.3329468857655829017861373600,0.0603786937964682,5.6339739186192997010528234945,76.761213236483795436347251426,76.761213238797012456370758669,163888100
2.08,4,0.2366871248272707721251091674,0.264675636913464,0.236540310399049,0.237844467832844,0.2096404377186,0.377365296149417,0.3929462712060893128478991791,0.3328578909686765128478991791,0.0600883802374128,5.6285407336444729436849893068,76.730677287276108361302673846,76.73067728237789302928891544,164679900
2.09,4,0.2361479811649123331408033538,0.264108525230921,0.235903001180391,0.237302687887895,0.209028288822308,0.37702686348686,0.3925642065047102267638331917,0.3327661398263523267638331917,0.0597980666783579,5.6230680669298176187128528391,76.69992241808463914112982579,76.699922406037546689171232157,165471600
2.10,4,0.2356159029687803733127139671,0.263548303557903,0.235272581971259,0.2367680079576,0.20842323994067,0.376685179673069,0.3921793791945074037013527407,0.3326716260752045037013527407,0.0595077531193029,5.6175558287586508613450186524,76.669074307964932683882060874,76.669074288831943295711750057,166263300
2.11,4,0.2350908239353529236560843440,0.262994908904894,0.234648989782134,0.236240361414228,0.207825224445954,0.376340299063628,0.3917918391047288265366910087,0.3325743995444809265366910087,0.0592174395602479,5.6120047328823741039771844646,76.638011427603328510443269457,76.63801140144836916969759938,167055000
2.12,4,0.2345726890640477986045709044,0.262448283236547,0.234032166577674,0.235719692988258,0.207234187068641,0.375992184035445,0.3914015446555917754213062160,0.3324744186543992754213062160,0.0589271260011925,5.6064141837144716170265593967,76.60678339532210504119839223,76.606783362209658193222183034,167846800
2.13,4,0.2340614469510760356736596603,0.261908375326594,0.233422061131608,0.235205951024548,0.206650076153589,0.375640842525539,0.3910085001914157391819075023,0.3323716877492781391819075023,0.0586368124421376,5.6007842434827334272630274905,76.57545844416842351352747277,76.575458404163155973268457662,168638500
2.14,4,0.2335570427019453609220705470,0.26137512909903,0.232818617367928,0.234699080360186,0.206072836537883,0.375286263402393,0.3906126906961363289742355140,0.3322661918130537289742355140,0.0583464988830826,5.595114697097888102290891023,76.543899570829575094284317205,76.543899523997704745333548535,169430200
2.15,4,0.2330594172679855579117689545,0.260848495541012,0.232221786273796,0.234199021657768,0.205502408884122,0.374928596386219,0.3902142621062891288964417043,0.3321580767822615288964417043,0.0580561853240276,5.5894076349468213449230568347,76.512193228761085130530968275,76.512193175168959440494869398,170222000
2.16,4,0.2325685103633938801523850558,0.260328412422589,0.231631505619259,0.233705714336707,0.204938732611718,0.374567820005546,0.3898131886617670292838041776,0.3320473168967947292838041776,0.0577658717649723,5.5836626880431860199509203682,76.480325072931075129607829217,76.48032501264580916071167279,171013700
2.17,4,0.2320842827681828409371800866,0.259814832267432,0.231047727927987,0.233219118985241,0.204381768308908,0.374203820307972,0.3894093533759685285008026800,0.3319337951700512285008026800,0.0574755582059173,5.5778781806773392625830861808,76.448280858770211254143233917,76.448280791859765494827245985,171805400
2.18,4,0.2316066862871567259547135087,0.25930772197065,0.23047042009509,0.23273918717251,0.203831467544834,0.373836818156301,0.3890029742644056711771510053,0.3318177296175432711771510053,0.0571852446468624,5.5720572356914625052152519924,76.416087313632128868487718509,76.416087240164876473423121777,172597200
2.19,4,0.2311356860567116236298248406,0.258807035391148,0.229899535979474,0.232265883864435,0.203287795285416,0.373466655936239,0.3885938908780860605846934928,0.3316989597902786605846934928,0.0568949310878074,5.5661975548230357478474178055,76.383720040330171375960068466,76.383719960375458193381316446,173388900
2.20,4,0.2306712134695837617529175636,0.258312709297786,0.229335012349998,0.231799140118281,0.202750682587919,0.373093417734914,0.3881821826885222846897989675,0.3315775651597702846897989675,0.056604617528752,5.5603002764176289904795836183,76.351190904563173564535159926,76.351190818190909865296996668,174180600
2.21,4,0.2302132266959509717758661160,0.257824703609998,0.228776809126095,0.231338913899687,0.202220087417981,0.372717132960788,0.3877678762366620146801294328,0.3314535722669650146801294328,0.056314303969697,5.5543657806463022331117494312,76.318492996364762213950093625,76.318492903645700078632769407,174972400
2.22,4,0.2297616889195419522724746225,0.257342979400892,0.228224887380874,0.230885168212359,0.20169597277931,0.372337775296939,0.3873509425542868007174602903,0.3313269521436447007174602903,0.0560239904106421,5.548393652569896908139612964,76.285623014182570886917943196,76.285622915188249400152538579,175764100
2.23,4,0.2293165588618413962506312374,0.256867505890202,0.227679216334069,0.23043786157594,0.201178297191548,0.37195549921034,0.3869315335849719379606888983,0.3311978567333848379606888983,0.0557336768515871,5.542386068619810150771778776,76.252538672957782794692051475,76.25253856776137684692370909,176555800
2.24,4,0.2287768574971223701276375748,0.256297497995812,0.227039010903566,0.2298955212016,0.200565587865865,0.371583682873068,0.3865159645003062900232815601,0.3310726012077745900232815601,0.0554433632925317,5.5364334869657833934039445885,76.220229807935048589157702695,76.220229696591580975210131248,177347500
2.25,4,0.2280866979596150171548434939,0.255576568223658,0.226247883595298,0.229201986950263,0.199801684663185,0.371221036112566,0.3860990148777795764018287203,0.3309459651443028764018287203,0.0551530497334767,5.5304611305635194740576218021,76.187850931788391706907920937,76.1878508143676698687601236,178139300
2.26,4,0.2274013466314385456047259781,0.254859458364341,0.225460576199865,0.228513284419242,0.19904261318082,0.370843751103603,0.3856677291284774740135548644,0.3308049929540556740135548644,0.0548627361744218,5.5242834242715627166897876135,76.153617356498706750781604993,76.153617233109092927977042079,178931000
2.27,4,0.2267207404531607075508052653,0.2541461314382,0.224677051737609,0.227829350240759,0.198288310050994,0.370452207426668,0.3852224833286815459864863957,0.3306500607133147459864863957,0.0545724226153668,5.517905754985837391717651147,76.117635047213754854008254633,76.117634917967855804147802493,179722700
2.28,4,0.2260448385779480667241448283,0.253436615878011,0.223897338641307,0.227150143368249,0.197538734227142,0.370047400116035,0.3847642720721818951271460102,0.3304821630158704951271460102,0.0542821090563114,5.5113423692129706343498169599,76.07996440132242321129309404,76.079964266338029365585094566,180514400
2.29,4,0.2253735511171880227067640543,0.252730842921857,0.223121368149038,0.226475573473567,0.196793795381116,0.369629640737442,0.3842934013691677634351529760,0.3303016058719112634351529760,0.0539917954972565,5.5045976502260338769819827724,76.040706283786872515944652667,76.0407061431854017344156503,181306200
2.30,4,0.2247068556519701103070448438,0.252028860710782,0.222349188401849,0.225805618028179,0.196053470984385,0.369199940699652,0.3838108835228129366737572322,0.3301094015846114366737572322,0.0537014819382015,5.4976860981998971196141485838,75.999919717508641300483826919,75.999919571416144015242134525,182097900
2.31,4,0.2240446765116993532539321980,0.25133060854975,0.221580738704703,0.225140200991478,0.195317684996341,0.36875852210996,0.3833169358654975182665798445,0.3299057674863509182665798445,0.0534111683791466,5.4906108261915903622463143965,75.957690200422504188343757879,75.957690048968363179389169421,182889600
2.32,4,0.2233869566220393129120670463,0.250636070001625,0.220816002620463,0.22447926501005,0.194586380063569,0.368305972101225,0.3828121429532570531212659469,0.3296912881331658531212659469,0.0531208548200912,5.4833802073495536048784802092,75.914022626425596834341123412,75.914022469744824868230638514,183681400
2.33,4,0.2227336573698892903693179287,0.249945252402711,0.220054987485434,0.223822771281983,0.193859517384159,0.367842951835653,0.3822971648494946917447301052,0.3294666235884584917447301052,0.0528305412610362,5.4760036963855782799063437423,75.869003517733232899943280869,75.869003355963900078890687915,184473100
2.34,4,0.2220847233547916917831391794,0.249258145050021,0.21929768259663,0.223170664135926,0.193137041286759,0.367370106334917,0.3817726442580412530058792156,0.3292324165560599530058792156,0.0525402277019813,5.4684904993539115225385095549,75.822773063329575794142473254,75.822772896610585793610544182,185264800
2.35,4,0.2214400910865429874942488126,0.248574690762163,0.218544030772658,0.222522879771224,0.192418887970714,0.366887532486855,0.3812386738419485997142175361,0.3289887596990222997142175361,0.0522499141429263,5.4608419435550047651706753669,75.775270035057588684137912177,75.775269863534923087553719934,186056600
2.36,4,0.2207997244852264182504454501,0.247894908493665,0.217794050968046,0.221879381931537,0.191705021179684,0.366396021109753,0.3806960438153087222482476995,0.3287364432314378222482476995,0.0519596005838709,5.4530693479719580078028411798,75.726664138828337018205839944,75.726663962647247234006574714,186848300
2.37,4,0.2201635693518424068733232644,0.247218761283156,0.217047706221421,0.221240116152846,0.190995386449649,0.36589582440505,0.3801450031869164582628813330,0.3284757161621005582628813330,0.0516692870248159,5.4451762793930055208522161127,75.676972226647815699362840723,75.67697204595760463793308505,187640000
2.38,4,0.2195315765789529976642296449,0.246546247683653,0.216304995085804,0.220605033087589,0.190289934433049,0.36538762910623,0.3795862369164716425572091289,0.3282072634507107425572091289,0.0513789734657609,5.4371725491431487634843819254,75.626162705471250526187355011,75.626162520427338894563220531,188431800
2.39,4,0.2189037001825903793274509300,0.245877325696674,0.215565875562711,0.219974086526948,0.189588618921066,0.364871497037521,0.3790198037479343261985113046,0.3279311438412287261985113046,0.0510886599067056,5.4290589986676334385122454585,75.574427508824514851009155913,75.574427319579253138033685097,189223500
2.40,4,0.2182799018173962465641300471,0.245211995403326,0.214830347733248,0.219347237938066,0.18889140138084,0.36434798174995,0.3784462558895680716593026565,0.3276479095419174716593026565,0.0507983463476506,5.4208435377671766811444112706,75.521703805608376205776956127,75.52170361232107999958071013,190015200
2.41,4,0.2176601195747018987767060797,0.244550211751617,0.214098366545425,0.218724425109555,0.188198219600986,0.363817330806774,0.3778658371589102530767178946,0.3273578043703146530767178946,0.0505080327885956,5.4125296588707499237765770837,75.468018068323193472320373963,75.468017871156482963518205103,190807000
2.42,4,0.2170443331025320650296330883,0.243891984848155,0.213369942105849,0.218105627589923,0.187509053130011,0.363279981923366,0.3772789849100811684035423034,0.3270612656805404684035423034,0.0502177192295407,5.4041236266146631664087428957,75.413493242451397135833372399,75.413493041566878659051078052,191598700
2.43,4,0.2164324839797143903786376957,0.243237282084539,0.212645041806118,0.217490786672333,0.186823843261077,0.362736310374846,0.3766860712294024768954075508,0.3267586655589171768954075508,0.0499274056704853,5.3956307707428864090409087086,75.358170172742582484613863931,75.358169968303998690242468922,192390400
2.44,4,0.2158245230504312083648100152,0.242586069778244,0.211923631963708,0.216879852960607,0.186142540598008,0.362186542601846,0.3760873196563356561881603415,0.3264502275449052561881603415,0.0496370921114304,5.3870542932223296516730745209,75.302009619277150559961850311,75.302009411453969617930129741,193182100
2.45,4,0.2152204224864794647200007185,0.241938355427868,0.21120572010684,0.216272798490468,0.18546511720622,0.361631186721597,0.3754832375955051426158805378,0.3261364590431297426158805378,0.0493467785523754,5.3784014620888743267009380544,75.245145775029208611357955423,75.245145563988513801723792419,193973900
2.46,4,0.2146201438642618427556050099,0.241294092789119,0.210704180768865,0.215669584650438,0.185004975182719,0.361055246056919,0.3748737142776785737616304997,0.3258172492843581737616304997,0.0490564649933204,5.3696706906901375693331038667,75.187487426755813570536257688,75.187487212672656915079402512,194765600
2.47,4,0.2140236308753733610465426538,0.240653280521605,0.210206091802127,0.215070154856776,0.184548617205587,0.360474401473731,0.3742595396727713907280005090,0.3254933882385063907280005090,0.048766151434265,5.3608732945116508119652696793,75.129141770042579717079974828,75.129141553090743573314961184,195557300
2.48,4,0.2134308471307623699955829881,0.240015857580289,0.209711392161586,0.214474472542498,0.184096006707838,0.359888304196488,0.3736403615965514275839179635,0.3251645237213414275839179635,0.04847583787521,5.3520042288858740545974354922,75.070184384960743217332346791,75.070184165313235768936705149,196349100
2.49,4,0.2128417654183902039531966752,0.23938185841026,0.209220116292332,0.213882510362504,0.183647116344373,0.359297838820986,0.3730170648927536619723481481,0.3248315405765985619723481481,0.0481855243161551,5.3430761682656972972296013042,75.010608856573871591506190111,75.010608634407735303173059013,197140800
2.50,4,0.2122563524850737436428562330,0.238751235579138,0.208732216761985,0.213294234901012,0.18320191269941,0.358702806067435,0.3723894474583054091908957920,0.3244942367012053091908957920,0.0478952107571001,5.334086217737844810278976237,74.950439932660652229838766771,74.950439708154663892180710744,197932500
2.51,4,0.2116745518791187720246679463,0.238123962691247,0.208247667174869,0.212709589430291,0.182760339045219,0.358103641685393,0.3717579421400324253412096965,0.3241530449419872253412096965,0.0476048971980452,5.325040577376398052911142049,74.889671582683760186453863343,74.88967135602046727254637066,198724300
2.52,4,0.2110963388054579487331342122,0.237500025951635,0.207766453736031,0.212128549034033,0.18232237046549,0.357500505587785,0.3711227074990329768006122658,0.3238081238600431768006122658,0.0473145836389898,5.315941518401792727939005582,74.82832545160818096546939705,74.828325222972185428497605812,199516000
2.53,4,0.2105216604398870761806845924,0.236879384149418,0.207288535234589,0.211551060629735,0.181887953877721,0.356893569400345,0.3704839118682435124748804244,0.3234596417883087124748804244,0.0470242700799348,5.3067914520057145381754736754,74.766548832831587428229363655,74.766548602401902419737565435,200307700
2.54,4,0.2099505126205380556376081014,0.236262043632779,0.206813918018725,0.21097712003518,0.181457085099695,0.356282983860842,0.3698417060610701199499046781,0.3231077495401902199499046781,0.0467339565208799,5.2975925384310877808076394873,74.704222520301361218567945146,74.704222288267033259186093959,201099400
2.55,4,0.2093828415589050236534364552,0.235647985694743,0.206342583381465,0.210406673198848,0.181029710079893,0.355669256307353,0.3691965948748066211662544480,0.3227529519129821211662544480,0.0464436429618245,5.2883520083665324558355030196,74.641492996109642315905583772,74.641492762653903244382329925,201891200
2.56,4,0.2088186154271477637599265786,0.235037165532795,0.20587448652029,0.209839688137269,0.180605796834842,0.35505220453587,0.3685483934240202938922608249,0.3223950640212507938922608249,0.0461533294027695,5.2790672135232856984676688327,74.578256539082230373030166478,74.578256304397442417745642682,202682900
2.57,4,0.2082577915739865367200984082,0.23442957465086,0.205409618939131,0.209276121990608,0.180185302504711,0.354432321467765,0.3678975928366940707308235201,0.3220345769929794707308235201,0.0458630158437146,5.2697451887915089410998346456,74.514644620884061328760762315,74.514644385157219665064159849,203474600
2.58,4,0.2077003577560761920280863979,0.233825184109583,0.204947951698629,0.208715962455654,0.179768214786286,0.353809369624737,0.3672439541943057185818509360,0.3216712519096461185818509360,0.0455727022846596,5.2603825119154621837320004584,74.450558935063169206461004627,74.450558698490222924361680811,204266400
2.59,4,0.2071462632713166930461822477,0.233223986810705,0.204489477700525,0.208159158582385,0.179354482729546,0.353183977895398,0.3665881043583764182588668154,0.3213057156327722182588668154,0.0452823887256042,5.2509881620250254263641662703,74.386215396577075092180669895,74.386215159342409628964060735,205058100
2.60,4,0.2065954857535123723025564232,0.232625947922969,0.204034162113565,0.20760568789524,0.178944083858931,0.352555970369961,0.3659298654179200414399717688,0.3209377902513708414399717688,0.0449920751665492,5.2415595907330301013920298037,74.321389783782809168021282837,74.321389546088507088951593478,205849800
2.61,4,0.2060479757936534131748858849,0.232031032005393,0.203581969496763,0.207055500743612,0.178536968523831,0.351925551989349,0.3652694393423974354020879251,0.3205676777349032354020879251,0.0447017616074942,5.2320996910389033440241956164,74.256298090269574029069890551,74.256297852305338359514274418,206641500
2.62,4,0.2055037220153648809857395793,0.231439242560389,0.203132903352534,0.206508585695497,0.178133125292246,0.351292936724879,0.3646070398262173293948469208,0.3201955917777780293948469208,0.0444114480484393,5.2226115238895765866563614279,74.190847334989938885688758752,74.190847096954531339025092159,207433300
2.63,4,0.2049627045714294584761217803,0.23085057543219,0.202686959525111,0.20596492280663,0.177732534219909,0.350658351059064,0.3639428925103011925227661039,0.3198217580209172925227661039,0.0441211344893839,5.2130983213531740997057363608,74.125131354839109228474523531,74.125131116926945733297580985,208225000
2.64,4,0.2044248638570821241859932607,0.23026495951542,0.202244066909116,0.205424452180794,0.177335135410602,0.35002163678509,0.3632768346131586259221201360,0.3194460136828296259221201360,0.043830820930329,5.2035577517565973423379021734,74.059118026155504495503771399,74.059117788565488036017612112,209016800
2.65,4,0.2038901898445741632911094142,0.22968241263685,0.201804243331321,0.204887163741206,0.176940918787543,0.349383193294248,0.3626092657967151714913710281,0.3190687584254411714913710281,0.043540507371274,5.1939955398352405849700679868,73.992806315887459345348224336,73.992806078821137577938453225,209808500
2.66,4,0.2033586539041279447578582193,0.229102913130752,0.201367467125997,0.204353028718096,0.176549855580962,0.348743123183724,0.3619402868969118850706128136,0.3186900930846928850706128136,0.043250193812219,5.1844131299575638276022337995,73.926271923547047595823630427,73.926271687202362263526754589,210600200
2.67,4,0.2028302173307187637856187980,0.228526416260234,0.200933693556254,0.203822008217181,0.176161906896576,0.348101344258569,0.3612698127983343568562774443,0.3183099325451706568562774443,0.0429598802531637,5.1748093029350670702343996123,73.859495063450123639594706878,73.859494828028570423714211533,211391900
2.68,4,0.2023048516236533671758082945,0.22795290512871,0.200502905725505,0.203294073598406,0.17577704409433,0.347458025458316,0.3605980108503412283195403642,0.3179284441562325283195403642,0.0426695666941087,5.1651864558707317452622631439,73.792435545047340919702801466,73.792435310755959461499715043,212183700
2.69,4,0.2017825380591762446289262330,0.227382382910135,0.200075106807704,0.202769206046462,0.175395248358915,0.346813481901136,0.3599251956248939245761760589,0.3175459424898402245761760589,0.0423792531350537,5.1555490946759949878944289562,73.725206961386533571251272244,73.72520672842536698439048528,212975400
2.70,4,0.2012632587312087158189050296,0.226831384322666,0.199666831521011,0.202247387567712,0.175016501696694,0.346404429022422,0.3594886593341174486556496417,0.3173997197581186486556496417,0.0420889395759988,5.1492961799173782305265947694,73.645278434684037839599281679,73.645278204476642939664147471,213767100
2.71,4,0.2007469566272089774906171577,0.226289053786995,0.199267224286114,0.201728560870838,0.174640746816349,0.346076446110111,0.3591336001801067871036068228,0.3173349741631633871036068228,0.0417986260169434,5.1442103391746414731587605817,73.560959547673992961961230677,73.560959320877296155829928704,214558800
2.72,4,0.2002336340053194284016822423,0.225749633725195,0.19887052752509,0.201212728225023,0.174267985987064,0.34574716343375,0.3587774474526010171514065753,0.3172691349947126171514065753,0.0415083124578884,5.1391088341454347157909263942,73.476712196638119799738969692,73.476711973481843598833832361,215350600
2.73,4,0.1997232443440503243903365059,0.225213090328785,0.198476707429455,0.2006998428813,0.17389817245987,0.345416767683446,0.3584203850285779304381891479,0.3172023861297445304381891479,0.0412179988988334,5.1339942986734579584230922074,73.392566326254393755136965364,73.392566106966110732363849156,216142300
2.74,4,0.1992157688880843678110897121,0.22467941024254,0.198085750643984,0.200189885992641,0.17353128738774,0.345085338053766,0.3580624909780775545835066894,0.3171348056382991545835066894,0.0409276853397784,5.1288678510296626334509557405,73.308523597753310438075722403,73.308523382560782390572238399,216934000
2.75,4,0.1987111923737097983975189682,0.224148571323427,0.197697635025646,0.1996828422207,0.173167315432328,0.344752777768806,0.3577036672163169448757227591,0.3170662954355938448757227591,0.0406373717807231,5.1237280862530258760831215526,73.224508480425919938879821677,73.224508269564130979532195044,217725800
2.76,4,0.1982094786498806104722269434,0.223620556084546,0.197312343087541,0.19917867523766,0.172806220265818,0.344419357534803,0.3573441825702827532826414043,0.3169971243486146532826414043,0.0403470582216681,5.118578855006473389132496485,73.140626699805745309381264066,73.140626493500527323961526257,218517500
2.77,4,0.1977106019695774400268494644,0.223095336952528,0.196929847256297,0.198677359170605,0.172447976015292,0.344085053937659,0.3569840117594900336411889951,0.3169272670968768336411889951,0.0400567446626132,5.1134197951737451993689645786,73.056869904474867134831771863,73.056869702952988786636929226,219309200
2.78,4,0.1972145548977975937138573251,0.22257290635453,0.196550139959074,0.198178886548177,0.172092575209393,0.343749865786979,0.3566231530681887552408149577,0.3168567219646305552408149577,0.0397664311035582,5.1082508821785338743968281105,72.973235484304176004185136739,72.973235287792857965630378797,220101000
2.79,4,0.1967212927256019522248532325,0.222053225389171,0.19617318229449,0.197683212442822,0.171739972920567,0.343413880829955,0.3562616913162015317458850589,0.3167855737716987317458850589,0.0394761175445028,5.1030733309753031170289939226,72.889670833478450226112525745,72.889670642210352512003201327,220892700
2.80,4,0.1962307997796671613188170798,0.221536301267323,0.195798981473417,0.197190321104576,0.171390153398851,0.343077427971835,0.3558999551105836745735899096,0.3167141511251357745735899096,0.0391858039854479,5.0978918485133883596611597359,72.806297897154058243728945052,72.806297711350281076925628641,221684400
2.81,4,0.1957430604603197035227322917,0.221022088930648,0.195427492437517,0.196700196857488,0.171043100968292,0.342740087572327,0.3555375226901552898391019747,0.3166420322637623898391019747,0.0388954904263929,5.0927003935089070346890232678,72.723035192287452506055324022,72.723035012177036077662250646,222476100
2.82,4,0.1952580401007356499973991989,0.220510598120505,0.195058724928149,0.196212804865222,0.170698780792555,0.342402498338691,0.3551750318858406149075485404,0.3165698550185027149075485404,0.0386051768673379,5.0875081022168552773211890815,72.639933140274636032201826928,72.639932966082027246214279658,223267900
2.83,4,0.1947757136414735504543625869,0.220001770238945,0.194692620347363,0.195728119945801,0.170357167689663,0.342064183279626,0.3548120027806782156493740958,0.3164971394723957156493740958,0.0383148633082825,5.0823081003331370875576571735,72.557031488328629027343739561,72.557031320273924134614065965,224059600
2.84,4,0.1942960767989889209310149102,0.219495632164188,0.194329205573382,0.195246137794735,0.170018257355127,0.34172558847899,0.3544488822468198134681226585,0.3164243324975922134681226585,0.0380245497492276,5.0771067888298127625855207062,72.474273446718258855451022238,72.474273285027645807534331683,224851300
2.85,4,0.1938190953675653443084931598,0.2189921360367,0.193968432746669,0.194766824039051,0.169682015415972,0.341386522270289,0.3540854757461469448134323517,0.3163512395559743448134323517,0.0377342361901726,5.0719013811536010052176865195,72.391638110110562263178378009,72.391637955012491671909301652,225643100
2.86,4,0.1933447449614276019065414535,0.218491278023041,0.193610298033785,0.194290154173732,0.169348417367182,0.341047281126585,0.3537220787621233762263023853,0.3162781561310057762263023853,0.0374439226311176,5.066696109793349247849852332,72.309290812381737639679511334,72.309290664087002668877886873,226434800
2.87,4,0.1928730004740547747069923183,0.217993016560567,0.193254759872085,0.193816102969493,0.169017437979472,0.340707632350984,0.3533584562654271641243417894,0.3162048471933648641243417894,0.0371536090720623,5.0614876082020094904820181442,72.227061474444383888578885617,72.227061333181899224831584875,227226500
2.88,4,0.1924038583696420512389642314,0.217497360690429,0.192901827302723,0.193344666873239,0.168689073699748,0.340367756173694,0.3529947886779141978603361699,0.3161314931649068978603361699,0.0368632955130073,5.0562784607322917331141839563,72.145049933432729681099122097,72.145049799420547390822712821,228018300
2.89,4,0.1919372859527080189308212038,0.217004275470699,0.192551465383768,0.192875813029617,0.168363291672655,0.340027623902626,0.3526310449399631176724840072,0.3160580629860108176724840072,0.0365729819539523,5.051068222487890246163558889,72.063242931097892185525974392,72.063242804555326656046544769,228810000
2.90,4,0.1914732687511678442337961258,0.216513759304134,0.192203672517978,0.192409526895776,0.168040077355343,0.339687421176435,0.3522674101266042983263400336,0.3159847417317068983263400336,0.0362826683948974,5.0458595444733484887957247017,71.981677111965811181743292773,71.981676993107861085343934869,229601700
2.91,4,0.1910117743096444595583179993,0.216025784674805,0.191858421189423,0.191945775857641,0.167719398133737,0.339347222040918,0.3519039561838473875536801539,0.3159116013480053875536801539,0.035992354835842,5.0406534572393471638235882347,71.900295143598351839219489173,71.900295032646361273007090188,230393500
2.92,4,0.1905527979142474173407173946,0.215540322481735,0.191515682297129,0.19148455517827,0.167401249270896,0.339006678239566,0.3515403336735381167256740235,0.3158382923967511167256740235,0.035702041276787,5.0354449554530104064557540478,71.819168490467597908102075161,71.81916838763429659340486937,231185200
2.93,4,0.1900963174363435773820460453,0.215057383924856,0.191175467041025,0.191025842620828,0.167085608529983,0.338666268716957,0.3511770211548374542450342777,0.3157652934371053542450342777,0.0354117277177321,5.0302408939693866490879198593,71.738247715164417892910425907,71.738247620668169581699827808,231976900
2.94,4,0.1896422909576920617419800567,0.214576919745975,0.190837726162917,0.190569596062104,0.166772433787787,0.33832589290905,0.3508139148725959985437241898,0.3156925007139188985437241898,0.0351214141586771,5.0250397866054378917200856723,71.657579434313259291860799599,71.657579348366561691768021741,232768600
2.95,4,0.1891907235900432516477193249,0.214098920854274,0.190502450571991,0.190115820638842,0.166461730181055,0.337985347172859,0.3504508110457470041591502989,0.3156197104461253041591502989,0.0348311005996217,5.019838714412401134352251485,71.577068755949537011821730122,71.577068678776045577964513983,233560400
2.96,4,0.1887415949346895633861968631,0.213623400061189,0.190169653079681,0.189664495852591,0.166153477211333,0.337645108577794,0.3500881864752643298895317350,0.3155473994346976298895317350,0.0345407870405667,5.0146445070611323769844172973,71.496855662588699404332861492,71.496855594394851189990341191,234352100
2.97,4,0.1882948803631772978712775127,0.213150302988724,0.189839279307991,0.189215596954469,0.16584765012974,0.337304754272036,0.3497256155461584524540498425,0.3154751420646466524540498425,0.0342504734815118,5.0094510680659880520122808301,71.416924468257632794760474608,71.416924409251116461650692045,235143800
2.98,4,0.1878505497509753466589071206,0.212679626923133,0.189511326543175,0.188769093672645,0.165544218664445,0.336964679411655,0.3493634922626170517909862811,0.3154033323401602517909862811,0.0339601599224568,5.0042640411212342946444466436,71.337223467928493356690037661,71.337223418323077428260539863,235935600
2.99,4,0.1874085988218768968167104350,0.212211349424263,0.189185772345081,0.18832498171,0.16524317851833,0.336624624689253,0.3490015563835561265180035939,0.3153317100201547265180035939,0.0336698463634014,4.9990796985479345372766124551,71.25771113560785428787899178,71.257711095622275177894112471,236727300
3.00,4,0.1869690176996778487667364368,0.211745475645342,0.188862621876192,0.18788325114204,0.164944519776179,0.336284806072217,0.3486400237103933839030719614,0.3152604909060468839030719614,0.0333795328043465,4.9939011314736877799087782683,71.178540245604156830287164131,71.178540215437172720707881928,237519000
3.01,4,0.1865902947929218972671121832,0.21134063198345,0.18853096152776,0.187502676371532,0.164637307025324,0.33594591724414,0.3482788249420815195657678236,0.3151896056967900195657678236,0.0330892192452915,4.9887273472341210225409440807,71.099580063465589854365982416,71.09958004333230435807185621,238310800
3.02,4,0.1862131915257702636667971014,0.210937442950391,0.188200955808162,0.187123729160275,0.16433172183372,0.335607358693521,0.3479180710677613702684907310,0.3151191653815248702684907310,0.0327989056862365,4.983559935631562535590319014,71.020908956190731236857217713,71.020908946295569813460581877,239102500
3.03,4,0.1858377247823023736676567049,0.21053591783993,0.187872614011162,0.186746426474908,0.164027781168007,0.335269020100631,0.3475576526847372669961397743,0.3150490605575560669961397743,0.0325085921271812,4.978397329587845778222484826,70.942567418945124562474694561,70.942567419486435031817751782,239894200
3.04,4,0.1854638514603146964855182307,0.210136019495002,0.187545898979694,0.186370725002469,0.163725441715221,0.334930991011428,0.3471976565288921772325984741,0.3149793779607659772325984741,0.0322182785681262,4.9732407715029644532503483585,70.86439151617599477340494065,70.864391527373650067137938346,240685900
3.05,4,0.1850915678281325549075700320,0.209737748407393,0.187220811205546,0.185996620993035,0.163424699725441,0.334593332216127,0.3468381432766639181381754638,0.3149101782675927181381754638,0.0319279650090712,4.9680911305028706958825141716,70.786572702094923728117875007,70.786572724142358201482340528,241477700
3.06,4,0.1847208596117950276956007118,0.209341091676994,0.186897337788608,0.185624100102849,0.163125540854909,0.334256064860754,0.3464791331227018611449384180,0.3148414816726855611449384180,0.0316376514500163,4.9629486958546075061189822643,70.70899262892838043796478498,70.708992662034560990934480469,242269400
3.07,4,0.1843517348834485435868635142,0.208946049092665,0.18657547851774,0.18525317044353,0.162827973215244,0.333919069641038,0.3461205070386263885132961438,0.3147731691476654885132961438,0.0313473378909609,4.9578117626022391811468457969,70.631748099916275087472964378,70.631748144276134904551186107,243061100
3.08,4,0.1839841693608565501972634878,0.208552596451746,0.186255209190282,0.184883807614105,0.162531972405472,0.333582350245111,0.3457622670152927523330920512,0.3147052426833868523330920512,0.0310570243319059,4.9526803592626494237790116087,70.554728369313825928727412099,70.554728425137218328175219408,243852900
3.09,4,0.1836181599434647597892461004,0.208160758376454,0.185936554428451,0.18451600849886,0.162237535309881,0.333246303452645,0.3454048105833964182462518167,0.3146380998105455182462518167,0.0307667107728509,4.9475601800436146664111774225,70.47804947445877118550447748,70.478049541938419502973389136,244644600
3.10,4,0.1832537029442484950608094422,0.207770501024327,0.185619480389785,0.184149769392741,0.161944658223416,0.332910498408014,0.3450477055761232735888031064,0.3145713083623272735888031064,0.030476397213796,4.9424450346115113414390409545,70.401592908608521638403927384,70.401592987953571587932100876,245436300
3.11,4,0.1828907852793684220739384944,0.207381830682396,0.185303993361314,0.183785077147933,0.161653327998261,0.3325752135016,0.3446912301442722962100332481,0.3145051464895316962100332481,0.0301860836547406,4.9373389071830561516755090477,70.325509340205216975334516216,70.325509431602235892660928842,246228000
3.12,4,0.1825293938396700247629598658,0.206994719245685,0.184990065238065,0.183421918591179,0.161363531461161,0.332240235659905,0.3443351697728761903521843334,0.3144393996771905903521843334,0.0298957700956856,4.9322387250576733943076748595,70.249655081549995484349277523,70.249655185205908630599458482,247019800
3.13,4,0.1821695149627056784570804133,0.206609164529775,0.184677693835616,0.183060279993227,0.161075254882862,0.331905730461158,0.3439796894844478734351331988,0.3143742329478171734351331988,0.0296054565366307,4.9271468520087460693355383921,70.174165862243809719113591118,70.174165978344705661928487982,247811500
3.14,4,0.1818111561173293533204372074,0.206225178240555,0.184366890859857,0.182700168859451,0.16078850576874,0.33157175771342,0.3436248497579202628708565052,0.3143097067803449628708565052,0.0293151429775753,4.9220641543331813119677042043,70.098953393336067000351419087,70.098953522080377881220784425,248603200
3.15,4,0.1814543025085040301969363517,0.20584274264652,0.184057638579283,0.18234157032247,0.160503269251413,0.331238276976994,0.3432706090152166669846502955,0.3142457795966962669846502955,0.0290248294185204,4.9169900364688818250170791379,70.024047410048563615890269144,70.024047551629533346461826481,249395000
3.16,4,0.1810989404720715298255760366,0.205461836427285,0.183749915673508,0.181984470651312,0.160219531599908,0.330905180197726,0.3429168579781651927166232025,0.3141823421186997927166232025,0.0287345158594654,4.9119229331213570676492449509,69.949385153321419065976809233,69.949385307941295162960537489,250186700
3.17,4,0.1807450586084274877669653631,0.205082459113493,0.183443721673177,0.18162885839063,0.15993728135888,0.330572624882612,0.3425637537373395301318670429,0.3141195514369291301318670429,0.0284442023004104,4.9068650944473183102814107624,69.875109482727408919949939429,69.875109650565509294521670704,250978400
3.18,4,0.1803926527315396878157094161,0.204704610230171,0.183139056103316,0.181274729333924,0.159656514321827,0.330240664541881,0.3422113496394900979358186721,0.3140574608981345979358186721,0.0281538887413555,4.9018172845826765529135765753,69.801104860979858751863421396,69.801105042232576601606171039,251770200
3.19,4,0.1800417191759909078850793130,0.204328267992115,0.182835897178721,0.180922079797853,0.15937722680541,0.329909040435434,0.3418593860551345015148379000,0.3139958108728344015148379000,0.0278635751823001,4.8967757846090457955457423879,69.727456616446592721469003693,69.727456811296194780620532864,252561900
3.20,4,0.1796922342759294576181686980,0.203953427465888,0.182534239965955,0.180570886000846,0.159099395028057,0.329578022934622,0.3415081323528762702482361201,0.3139348707296311702482361201,0.0275732616232451,4.8917444529474434705736059205,69.654082372482241098010608119,69.654082581123103687335881566,253353600
3.21,4,0.1793442161245725921796145232,0.203580101954191,0.182234097767719,0.180221166124592,0.158823037171456,0.32924754163177,0.3411575192244965324196348310,0.3138745711603064324196348310,0.0272829480641901,4.8867222968307657132057717334,69.581030267866971073582224144,69.581030490485004084717276208,254145400
3.22,4,0.1789976198823433850884600573,0.203208244572798,0.181935423699787,0.179872875110258,0.158548108176776,0.328917571996002,0.3408075189283990932275002221,0.3138148844232643932275002221,0.0269926345051347,4.8817089188899249558379375464,69.508309332412987245981252416,69.508309569191742984144082613,254937100
3.23,4,0.1786524825314942282351030847,0.202837896140445,0.181638258580894,0.179526050120931,0.158274645207102,0.328588165007783,0.3404581851682337802064053826,0.3137558642221539802064053826,0.0267023209460798,4.8767050883730281984701033583,69.435854290616296843837686741,69.435854541749197127682729328,255728800
3.24,4,0.1783087515223236725782559181,0.202469002962435,0.181342548716345,0.179180638349955,0.15800259545578,0.328259309811593,0.3401095033693715809908245610,0.3136974959823467809908245610,0.0264120073870248,4.871710596513901441102269171,69.363789778786185069316182388,69.363790044445110601106829332,256520500
3.25,4,0.1779664426706498517430211253,0.202101576353844,0.181048305421215,0.178836655690484,0.157731974815962,0.327930940382852,0.3397614084573643258146384104,0.3136397146293945258146384104,0.0261216938279698,4.8667245111897346837344349843,69.291986388922970518689673164,69.291986669300542425271185569,257312300
3.26,4,0.1776255434190827775342668549,0.201735606273422,0.180755518654254,0.178494089523723,0.157462770668855,0.327603094022833,0.3394139369421781690545678327,0.3135825566732636690545678327,0.0258313802689145,4.8617473553672763587622985169,69.220505086848933647837860771,69.220505382126701139117145481,258104000
3.27,4,0.1772860602532769889046844529,0.201371100527445,0.180464196221739,0.178152946367042,0.157194989531828,0.327275788936165,0.3390671075286364586984950183,0.3135260408187769586984950183,0.0255410667098595,4.8567793969733736013944643283,69.149354975618315179834172541,69.149355285975316128159213407,258895700
3.28,4,0.1769479493657096030757473139,0.20100802892826,0.180174307936014,0.17781318219871,0.156928587383149,0.326949224496632,0.3387211169990734671421239231,0.3134703638482688671421239231,0.0252507531508046,4.8518234547073341144438392622,69.078566531172694658555248567,69.078566856781493924664634775,259687500
3.29,4,0.1766112278419772412610229494,0.200646386885819,0.179885849207034,0.177474814187867,0.15666358139196,0.326623088933817,0.3383756540223434965382635572,0.3134152144305938965382635572,0.0249604395917496,4.8468750690790023570760050745,69.00808743378205164904320238,69.008087774823585100796828152,260479200
3.30,4,0.1762758920343838569712170318,0.200286176935555,0.17959882257023,0.177137838668981,0.156399967892727,0.326297471053629,0.3380308073648918598439748896,0.3133606813321976598439748896,0.0246701260326942,4.8419355115740465997081708872,68.937931412999213836553030479,68.937931769651024930332306901,261270900
3.31,4,0.1759419192876160100944905270,0.199927388812061,0.179313217760197,0.176802232875959,0.156137724119359,0.325972550419241,0.3376867554364064033100154376,0.3133069429627672033100154376,0.0243798124736392,4.8370073377229898423403367002,68.868080695391019563410315336,68.868081067832689316638908793,262062700
3.32,4,0.1756093056278696705285318972,0.199570007608268,0.179029019869865,0.176467992815567,0.15587684607862,0.325648171094979,0.3373433416411999198240541406,0.3132538427266157198240541406,0.0240894989145842,4.8320883044578460849725025127,68.798616906911795670817449591,68.79861729530743764903126559,262854400
3.33,4,0.1752780578100492898502506263,0.199214032888311,0.178746228463371,0.176135125275738,0.155617340558446,0.325324229538666,0.3370004626589154026583368153,0.3132012773033861026583368153,0.0237991853555293,4.8271769318235167600003660448,68.72940769426734230053636143,68.729408098804068601917994127,263646100
3.34,4,0.1749481534494746470148431990,0.198859455899805,0.178464834788324,0.175803607762338,0.155359185064699,0.325000923051986,0.3366583147000823037360354217,0.3131494429036084037360354217,0.0235088717964739,4.8222760303288145702368341371,68.660544767106607486350340846,68.660545187953788656252922826,264437800
3.35,4,0.1746195783119263539242884941,0.198506263933041,0.178184826135022,0.175473425971544,0.155102365293559,0.324678274931339,0.3363169201177680645040696479,0.3130983618803491645040696479,0.0232185582374189,4.8173859201578368128689999505,68.592035651563632021790915189,68.592036088888106991147193726,265229600
3.36,4,0.1742923393363718545575565134,0.198154457148888,0.177906202664329,0.175144586876255,0.154846888217923,0.324356187516656,0.3359761815010215011256983156,0.3130479368226575011256983156,0.022928244678364,4.8125052060014924878968634821,68.523860640483525158242630472,68.523861094454811306246826635,266021300
3.37,4,0.1739664329849836078302200153,0.197804020067326,0.177628948896229,0.174817086921342,0.154592750282664,0.324034490398203,0.3356359277753854239381586403,0.3129979966560764239381586403,0.022637931119309,4.8076314373986867305290292953,68.45598666879290796258609191,68.455987139585970513967454025,266813000
3.38,4,0.1736418266806820073187675982,0.197454945178207,0.177353057320569,0.174490893370434,0.154339918751409,0.323713545470933,0.3352965194303746291370342577,0.3129489018701209291370342577,0.0223476175602537,4.8027697779813629731611951078,68.388430006568077203153032186,68.388430494353398792050997653,267604800
3.39,4,0.1733185263060676053766267101,0.197107222665081,0.177078518120905,0.174166012134893,0.154088399535522,0.323393127610257,0.3349577312050298051276680079,0.3129004272038311051276680079,0.0220573040011987,4.7979170011239482157933609204,68.321263561265388219092661588,68.321264066198763307647779797,268396500
3.40,4,0.1729965392787435881660907043,0.19676086768519,0.176805346454474,0.173842450668596,0.153838200088878,0.32307334671911,0.3346196737918847599744468584,0.3128526833497410599744468584,0.0217669904421437,4.7930746923801994584255267332,68.254386988109954038887486304,68.254387510365138566740544839,269188200
3.41,4,0.1726758320749666242713734209,0.196415832384934,0.176533494467679,0.173520175283873,0.153589286723809,0.322754001391667,0.3342821429376300575378807914,0.3128054660545412575378807914,0.0214766768830888,4.7882399260369639714749016667,68.187829656606324217199467874,68.187830196350794538778703353,269980000
3.42,4,0.1723564310590822672340051779,0.196072163072383,0.176263008468589,0.173199212473988,0.153341685933577,0.322435374067693,0.3339454236243093082855045097,0.3127590603002760082855045097,0.0211863633240333,4.7834167841613472141070674785,68.121691145462925665530629535,68.121691702843068976264952948,270771700
3.43,4,0.1720382936416058856135278335,0.19572980092799,0.175993829637657,0.172879519441202,0.153095354920445,0.322117237119167,0.3336092846753479755057323410,0.3127132349103695755057323410,0.0208960497649784,4.778601955392816889134931011,68.055822639470423401594857813,68.055823214661095558328106751,271563400
3.44,4,0.1717214364403730168222558836,0.195388772613857,0.175725984636984,0.172561112884609,0.152850310383505,0.321799732440621,0.3332738694994836262795254797,0.3126681332935602262795254797,0.0206057362059234,4.7737974939102321317670968235,67.990251299317484822317160402,67.990251892487087903483787904,272355100
3.45,4,0.1714058346577917077817852786,0.195049035251245,0.175459430587834,0.172243967885361,0.152606527403912,0.321482604063811,0.3329389197609298543709065454,0.3126234971140614543709065454,0.0203154226468684,4.7689996993260283743992626369,67.925034216779612909094729873,67.925034828084554509178567872,273146900
3.46,4,0.1710914979167215552795326896,0.194710634489073,0.175194213139122,0.171928094113374,0.152364015651578,0.321166366174791,0.3326049515775164566369765870,0.3125798424897033566369765870,0.0200251090878131,4.7642159644835546170314284489,67.860226267273688596705553258,67.86022689685704127374719616,273938600
3.47,4,0.1707784105092279660051844821,0.194373511736415,0.174930273699925,0.171613475783903,0.15212275934176,0.320850407167865,0.3322713507462907428653489812,0.3125365552175326428653489812,0.0197347955287581,4.7594374915735638596635942614,67.795646521129750318483504261,67.795647169171452249326552002,274730300
3.48,4,0.1704665599865235663730835949,0.19403768063759,0.174667625914562,0.171300100387289,0.1518827459648,0.320535101499179,0.3319384917630230278935322121,0.3124940097933198278935322121,0.0194444819697032,4.7546696448528301022957600746,67.731476369649788991611232032,67.731477036290889349900087073,275522100
3.49,4,0.1701559431699005272056948634,0.19370313753203,0.174406266122462,0.170987964729283,0.151643972326447,0.320220442611604,0.3316063678312072729086338888,0.3124521994205590729086338888,0.0191541684106482,4.7499123269685797773236236071,67.667615051382962518089099583,67.667615736784076547247755482,276313800
3.50,4,0.1698465571654040299088629509,0.193369868261912,0.174146180165806,0.170677065901777,0.151406435518596,0.319906269728285,0.3312748175780355021049449632,0.3124109627264427021049449632,0.0188638548515928,4.7451632264256080199557894195,67.604073365170300364745010061,67.604074069489101958834944718,277105500
3.51,4,0.1695383977684418889776384993,0.193037874047774,0.173887369265128,0.170367399679622,0.151170131316094,0.319592660873716,0.3309439189230768269705784172,0.3123703776305389269705784172,0.0185735412925379,4.7404234593395162625879552323,67.540875396528693393776213958,67.540876119916520156068032301,277897200
3.52,4,0.1692314531217706119249703522,0.192707145838525,0.173629824369341,0.170058954147593,0.150935047803719,0.319279657423021,0.3306137125092953438545255223,0.3123304847758124438545255223,0.0182832277334829,4.7356936078778905052201210441,67.478031997710366332250699201,67.478032740314962923423742233,278689000
3.53,4,0.1689257084371952240921079625,0.192377653237315,0.173373515081591,0.169751714445186,0.150701170120965,0.318967037715021,0.3302839750950901709692037663,0.3122910609206622709692037663,0.0179929141744279,4.7309704743403380182694959779,67.415496051703978892781486925,67.415496813682513808333854957,279480700
3.54,4,0.1686211712740679333313410118,0.192049425228289,0.173118470386025,0.169445688168716,0.150468505864148,0.318655107344674,0.3299550135528379912619069696,0.3122524129374654912619069696,0.0177026006153725,4.7262584543498842609016617896,67.353325904656962244677415304,67.353326686152221287394684555,280272400
3.55,4,0.1683178281810696525540535861,0.191722437196978,0.172864665668175,0.16914086180109,0.150237041516176,0.31834370808415,0.3296266683231244140798096890,0.3122143812668069140798096890,0.0174122870563175,4.7215552623862555035338276033,67.291435932228024003334427876,67.291436733400596828858958414,281064200
3.56,4,0.1680156665656038964100728060,0.191396680448654,0.172612092233313,0.168837222688136,0.150006764422876,0.318032896998012,0.3292989957249936383849510149,0.3121770222277310383849510149,0.0171219734972626,4.7168617051603421785616911351,67.22995650554501631934429134,67.229957326525679403735663776,281855900
3.57,4,0.1677146922328481710901929612,0.19107214271377,0.172360737811889,0.16853477666342,0.149777680417813,0.317722414995977,0.3289717364434124501389909766,0.3121400765052048501389909766,0.0168316599382076,4.7121740682579024211938569474,67.168713591427754988172932211,67.168714432385125203841514822,282647600
3.58,4,0.1674148929177562785708691431,0.190748839622952,0.172110618034533,0.16823351140192,0.149549777175967,0.317412662292834,0.3286452908086043224967230669,0.3121039444294520224967230669,0.0165413463791523,4.7074980859869946638260227611,67.107912318116828244390314219,67.107913179171836708003015978,283439400
3.59,4,0.1671162544371364857692505000,0.190439094743188,0.171874056468228,0.167933412651094,0.149323040444794,0.317280078425719,0.3284965282084372604281067896,0.3120683099555916604281067896,0.0164282182528456,4.7053659646432773313316974187,67.049471358333174184994711479,67.049471194246630834107655651,284231100
3.60,4,0.1668187841959529688953967653,0.190138464880267,0.171646609918769,0.167634487852112,0.149097477665467,0.31726101608358,0.3284616464319495582947986932,0.3120334281791039582947986932,0.0164282182528456,4.7048663199996113313316974186,66.992828390352574125345735073,66.99282822386342143972991297,285022800
3.61,4,0.1665224593565548413581912789,0.189839020625122,0.171420348977086,0.167336714055655,0.148873065888663,0.317242408425707,0.3284273009359587640395640201,0.3119990826831131640395640201,0.0164282182528456,4.7043743570082223313316974189,66.936614155857389803971501419,66.936613986983448671854214683,285814600
3.62,4,0.1662272853340025979520500477,0.18954076590398,0.171195277569405,0.167040096703261,0.148649810555923,0.317224233592096,0.3283934701875879627353566370,0.3119652519347423627353566370,0.0164282182528456,4.7038897672333683313316974186,66.880827751110474000233658908,66.880827579869533292917930075,286606300
3.63,4,0.1659332399457324619063908391,0.189243686345537,0.170971381324421,0.166744613503899,0.148427689376214,0.317206605618536,0.3283602669423517647540930874,0.3119320486895061647540930874,0.0164282182528456,4.703414165778825331331697419,66.825491931243226603548770477,66.825491757654109925159229045,287398000
3.64,4,0.1656403503685632574419621974,0.188947817259581,0.170748695551926,0.166450291767276,0.148206729659244,0.317189637957878,0.3283278068398193723468336912,0.3118995885869737723468336912,0.0164282182528456,4.7029492090594083313316974179,66.770620986275551928590203591,66.770620810357766002463906263,288189800
3.65,4,0.1653485820320387779233394907,0.188653105883521,0.170527167489328,0.166157096753893,0.147986896665516,0.317173074080987,0.3282958302952179733375557335,0.3118676120423723733375557335,0.0164282182528456,4.7024911787971403313316974176,66.716124519091778757137214941,66.716124340860902519034774049,288981500
3.66,4,0.1650579129344842589469903631,0.188359533180681,0.170306778099948,0.165865006354495,0.147768168285771,0.317156958699875,0.3282643805837106089038564604,0.3118361623308650089038564604,0.0164282182528456,4.7020406948630713313316974185,66.662108502040340529657697903,66.662108321516456569822819922,289773200
3.67,4,0.1647683900846524017246925409,0.18806715618407,0.170087584416797,0.165574067807694,0.147550591758623,0.317141430231345,0.3282335997633461121461389310,0.3118053815105005121461389310,0.0164282182528456,4.7015997920888623313316974188,66.60849028477027925098204111,66.608490101970083338172444642,290565000
3.68,4,0.1644799589271505420871500557,0.187775908066812,0.169869519613002,0.165284226291336,0.147334112261919,0.317126318914314,0.3282033138249630975637707292,0.3117750955721174975637707292,0.0164282182528456,4.7011659779768773313316974178,66.555348935437755669192828721,66.555348750381196179642303973,291356700
3.69,4,0.1641926374614545872522004247,0.187485817850341,0.16965261270999,0.164995499892909,0.147118747883145,0.317111780479829,0.3281736801446893817118470400,0.3117454618918437817118470400,0.0164282182528456,4.7007415067740963313316974188,66.502607717420512516105228355,66.502607530124409228589172408,292148400
3.70,4,0.1639063917290332723107762187,0.187196834342599,0.169436812515709,0.164707854487833,0.146904464497723,0.317097572043274,0.3281444528585853914577173995,0.3117162346057397914577173995,0.0164282182528456,4.7003228567390013313316974182,66.450267772998868098914916217,66.450267583479964852669762026,292940100
3.71,4,0.1636212587570619954780706923,0.186909011953514,0.169222173440085,0.164421327284338,0.146691299313881,0.317083938301049,0.3281158798624281055743356609,0.3116876616095825055743356609,0.0164282182528456,4.6999135787170373313316974182,66.398379924344605523896577195,66.398379732621946073088342213,293731900
3.72,4,0.1633371965471071990364849946,0.18662229799209,0.169008642792122,0.164135876078627,0.146479210127824,0.317070730752985,0.3280878093422484338266514173,0.3116595910894028338266514173,0.0164282182528456,4.6995114981332793313316974184,66.346911111416960497746617538,66.346910917508123316652518801,294523600
3.73,4,0.1630542096010460558031592469,0.186336703889327,0.16879623200282,0.163851505394591,0.146268201463442,0.317058048017386,0.3280603404735094258544055277,0.3116321222206638258544055277,0.0164282182528456,4.6991180355715933313316974186,66.295881249029742031707259399,66.295881052953219048729873946,295315300
3.74,4,0.1627722974824335985684930972,0.186052235674419,0.168584947101373,0.163568214793652,0.146058272882156,0.317045982603013,0.3280335659601989345014182231,0.3116053477073533345014182231,0.0164282182528456,4.6987345189187913313316974186,66.245315183120234029711450537,66.245314984895637370772535606,296107000
3.75,4,0.1624914450867917532720860254,0.185768850713423,0.16837474545384,0.163285989097472,0.145849409205631,0.317034142406468,0.3280070916800701921157758584,0.3115788734272245921157758584,0.0164282182528456,4.6983553027895353313316974178,66.195072000370526620610154825,66.195071800011304164129424473,296898800
3.76,4,0.1622116590812457378051835130,0.185486579497487,0.168165657551363,0.16300483500578,0.145641617133592,0.317022867426905,0.3279812589310114931579151043,0.3115530406781658931579151043,0.0164282182528456,4.6979852759159643313316974183,66.145328278101093606024684676,66.145328075628359451192810017,297690500
3.77,4,0.1619329274793740688822817675,0.18520539904968,0.167957660417017,0.162724740473541,0.145434884621007,0.317012001751584,0.3279559105772888531673908555,0.3115276923244432531673908555,0.0164282182528456,4.6976221874944863313316974184,66.095953364100259968673167448,66.095953159529537462862827981,298482200
3.78,4,0.1616552271167040571644158621,0.184925289817914,0.167750734498712,0.162445682223016,0.145229188390135,0.317001599472659,0.3279310992154054284005273534,0.3115028809625598284005273534,0.0164282182528456,4.6972667909145133313316974184,66.04705677941657527489979127,66.047056572768053099961220361,299274000
3.79,4,0.1613785739315040813514959359,0.184646266338662,0.16754489433292,0.162167676270406,0.145024544457178,0.316991638869733,0.3279068041918870178508628544,0.3114785859390414178508628544,0.0164282182528456,4.6969187903368193313316974185,65.998523903717282483525925205,65.998523695006316241948132466,300065700
3.80,4,0.1611029660967971228733649454,0.184368328048963,0.167340139356683,0.1618907207798,0.144820950986227,0.316982138210958,0.3278830436911152435906886907,0.3114548254382696435906886907,0.0164282182528456,4.6965784462334843313316974187,65.950467977464752260562546139,65.950467766711499267843015277,300857400
3.81,4,0.1608283689843723110261935480,0.184091434423278,0.167136429044459,0.161614780953666,0.144618373179746,0.316973016797168,0.3278597343835845717986554654,0.3114315161307389717986554654,0.0164282182528456,4.6962445649972643313316974179,65.902764933646722213309089292,65.902764720866066136745366649,301649200
3.82,4,0.1605548001757652395897620996,0.183815614634618,0.166933792569259,0.161339874459507,0.14441682870524,0.316964438547832,0.3278370418244715374960967675,0.3114088235716259374960967675,0.0164282182528456,4.6959195180313823313316974178,65.855509580414499910671661222,65.855509365625444323019554948,302440900
3.83,4,0.1602822368223396283036198481,0.18354082971412,0.166732190962222,0.161065978336963,0.14421629460235,0.316956175332486,0.3278147357206943790981962636,0.3113865174678487790981962636,0.0164282182528456,4.6956000066304293313316974189,65.808642223668151329674690912,65.808642006887044172320569591,303232600
3.84,4,0.1600106949687072117139603768,0.183267105333767,0.16653164989533,0.1607931087091,0.144016786994141,0.316948363143968,0.3277929535246080680877329958,0.3113647352717624680877329958,0.0164282182528456,4.6952879996543613313316974182,65.762197612009449335103376785,65.762197393254206880009508996,304024400
3.85,4,0.1597401525073809711048250222,0.182994408226023,0.16633213606402,0.160521243360331,0.143818283627908,0.316940844710434,0.3277715360242641237369002360,0.3113433177714185237369002360,0.0164282182528456,4.6949812165600043313316974177,65.716144354044323239610508864,65.716144133331442942313117911,304816100
3.86,4,0.1594706162944813789044990647,0.182722764057797,0.166107724075824,0.160250389180301,0.143594776964078,0.316935702993509,0.3277507526433415532458133327,0.3113225343904959532458133327,0.0164282182528456,4.6946835165572853313316974189,65.670528475853180127525305202,65.670528253201294562899925409,305607800
3.87,4,0.1592020621218199957949760816,0.182452133095081,0.165884325293139,0.159980521842449,0.143372257142426,0.316930903828518,0.3277303816575558113743670722,0.3113021634047102113743670722,0.0164282182528456,4.6943917236797743313316974185,65.625264258287604118125885962,65.625264033711591118668388969,306399500
3.88,4,0.1589344977938995203859221809,0.182182524873447,0.165661949251535,0.159711649189441,0.143150732005618,0.316926471151259,0.3277104476095685732102590687,0.3112822293567229732102590687,0.0164282182528456,4.6941061894752043313316974189,65.580450318656201126512760452,65.580450092175127729079106488,307191300
3.89,4,0.1586679097053625386493483515,0.18191392932046,0.165440585878578,0.159443757549391,0.142930187881768,0.31692245691371,0.3276910016221868743257297569,0.3112627833693412743257297569,0.0164282182528456,4.6938276462238453313316974186,65.535996171799003343013932261,65.535995943428164103644237127,307983000
3.90,4,0.1584023053138068390700957857,0.18164635344338,0.165220242181529,0.159176854416363,0.142710632264941,0.316918853892553,0.3276720369784909124144470774,0.3112438187256453124144470774,0.0164282182528456,4.6935559977129083313316974186,65.492003740515468319202359389,65.492003510274466460049383589,308774800
3.91,4,0.1581376611412300219579544896,0.181379771741761,0.16500089265994,0.158910916197554,0.142492041562332,0.316915635631114,0.3276535255074307826320642145,0.3112253072545851826320642145,0.0164282182528456,4.6932908404218273313316974186,65.448366018268527087271514529,65.448365786172440460565553564,309566500
3.92,4,0.1578739848870890287998278247,0.181114189718539,0.164782542816749,0.158645950630069,0.142274423511047,0.3169127699091,0.3276354354510687893315063300,0.3112072171982231893315063300,0.0164282182528456,4.6930317194516533313316974177,65.405168865483036694292393079,65.405168631550555351630756676,310358200
3.93,4,0.1576112624959225641060121632,0.180849596669483,0.164565181947723,0.158381943589718,0.142057763986896,0.316910306127409,0.3276178153432721672724479914,0.3111895970904265672724479914,0.0164282182528456,4.692779329998825331331697419,65.362337519449147515108814021,65.362337283695850316770332379,311149900
3.94,4,0.1573494907496422728829824095,0.180585980305072,0.164348797763343,0.158118891842678,0.141842059756056,0.316908114896485,0.3276005352524007980026322308,0.3111723169995551980026322308,0.0164282182528456,4.6925318109296923313316974186,65.319878538025649917367992208,65.319878300467308725128360786,311941700
3.95,4,0.1570886677054387833463145256,0.180323353076854,0.164133402715154,0.15785679343664,0.141627308866218,0.316906402269218,0.3275838015979842264435370109,0.3111555833451386264435370109,0.0164282182528456,4.6922921189862173313316974182,65.277842651730554925465154761,65.277842412385242477583940972,312733400
3.96,4,0.1568287795717682858554358282,0.180061687492556,0.163918969310887,0.157595634512621,0.141413497458399,0.316904973764484,0.3275674184548805416303739594,0.3111392002020349416303739594,0.0164282182528456,4.6920574477474673313316974186,65.236186509557077181394117525,65.23618626844090325835913383,313525100
3.97,4,0.1565698332386193705254706391,0.179800993407759,0.16370550740612,0.157335421994302,0.14120063245628,0.316903871068607,0.3275514280953602769796782296,0.3111232098425146769796782296,0.0164282182528456,4.6918284027191153313316974187,65.194922429036794761568913094,65.194922186166428711296735648,314316800
3.98,4,0.1563118161006481119241569280,0.179541264960981,0.163493011139373,0.1570761432147,0.140988701192879,0.316903191947118,0.3275359276379252015347690706,0.3111077093850796015347690706,0.0164282182528456,4.6916063750212273313316974181,65.154066866956429051656785842,65.154066622349316442562700779,315108600
3.99,4,0.1560547250539241137447315681,0.179282489387329,0.163281467745751,0.15681779505471,0.140777700549088,0.316902798567761,0.3275207786956373002612303130,0.3110925604427917002612303130,0.0164282182528456,4.6913893824069313313316974179,65.113589991991416830850679136,65.113589745663649643211541674,315900300
4.00,4,0.1557985460041160020287591582,0.17902465704944,0.163070867587892,0.15656036335108,0.140567616361659,0.316902756148333,0.3275060456551588954279110534,0.3110778274023132954279110534,0.0164282182528456,4.6911783471472293313316974177,65.073506207294175492919000804,65.073505959262510516087215055,316692000
4.01,4,0.1555527373595585148272475072,0.178777248865689,0.162870691584171,0.156313352761483,0.140367953288262,0.316902393291123,0.3274917201097032377591541736,0.3110635018568576377591541736,0.0164282182528456,4.6909731488237713313316974189,65.033765341175842219277481045,65.033765091454919644259472318,317483800
4.02,4,0.1553078856947926015016268983,0.178530824039953,0.162671498938466,0.156067303831079,0.140169251874058,0.316902307159655,0.3274777392114873561234471048,0.3110495209586417561234471048,0.0164282182528456,4.6907728872083783313316974184,64.994450933707270791032647971,64.994450682315219155187897907,318275500
4.03,4,0.1550639875275870355269634167,0.17828538461664,0.162473291695184,0.155822213060608,0.139971508619788,0.31690257715424,0.3274641823100165480606446340,0.3110359640571709480606446340,0.0164282182528456,4.6905786988989903313316974185,64.955523610282606324562335844,64.955523357235960001128674913,319067200
4.04,4,0.1548210403620689519261740872,0.178040923290054,0.162276062548628,0.155578077941994,0.139774721017374,0.316903134753336,0.3274509805410464044498827342,0.3110227622882008044498827342,0.0164282182528456,4.690389597487966331331697418,64.916929814547420378831380831,64.916929559860406490871781523,319858900
4.05,4,0.1545790111141915178126013712,0.177797406245188,0.162079777683792,0.155334865229417,0.139578855820996,0.316903972978146,0.3274381245839625879285837322,0.3110099063311169879285837322,0.0164282182528456,4.6902054494673403313316974187,64.878765276213221319368632328,64.878765019904110443590561248,320650700
4.06,4,0.1543379263275301508231320081,0.177554864652486,0.16188446827112,0.155092601596243,0.139383939704023,0.316905155208417,0.3274256798384628047548687463,0.3109974615856172047548687463,0.0164282182528456,4.690027191618777331331697418,64.840932110336583847545425029,64.840931852419570480421751488,321442400
4.07,4,0.1540977629302355296515562670,0.17731327277466,0.161690108573325,0.154851263857808,0.139189949481788,0.316906645749576,0.3274136089015821906374171324,0.3109853906487365906374171324,0.0164282182528456,4.6898542881842703313316974184,64.803485013818241353733652748,64.803484754309808631903984274,322234100
4.08,4,0.1538585292927545128840701881,0.177072632464146,0.161496700442841,0.154610860425488,0.138996893565668,0.316908350510653,0.3274018180407714087832454773,0.3109735997879258087832454773,0.0164282182528456,4.6896853965439493313316974179,64.766400809949046154710626459,64.766400548864630633488188978,323025900
4.09,4,0.1536202208584671637595438413,0.176832948207095,0.161304248365821,0.154371386720383,0.138804767376763,0.316910399287832,0.3273904370489735205919962097,0.3109622187961279205919962097,0.0164282182528456,4.6895223758447763313316974182,64.729698440793330359078060933,64.729698178149278673966147593,323817600
4.10,4,0.1533828151095975420451994131,0.176594189364645,0.161112721703402,0.154132820114609,0.13861354828719,0.316912678308958,0.3273793502939212927107627282,0.3109511320410756927107627282,0.0164282182528456,4.6893635697765293313316974187,64.693412132843605704122068739,64.693411868657624751889819166,324609300
4.11,4,0.1531463295756536648876447988,0.176356382904654,0.16092214742344,0.153895178223391,0.138423253912171,0.316915320707799,0.3273686924662545869802535775,0.3109404742134089869802535775,0.0164282182528456,4.6892109076405093313316974176,64.657420419519270100791439332,64.657420153804050133604693573,325401100
4.12,4,0.1529107308893690833081370020,0.176119485151437,0.160732481850253,0.153658427516303,0.138233850721283,0.316918182571275,0.3273583169567990560645751266,0.3109300987039534560645751266,0.0164282182528456,4.689062289414984331331697418,64.621884236683660220490010777,64.621883969458578763264383702,326192800
4.13,4,0.1526760365542877382622154987,0.175893864930151,0.160554093808999,0.153422585582477,0.138045356303658,0.317069292856924,0.3274966154246703717342979606,0.3110683971718247717342979606,0.0164282182528456,4.6910432690455223313316974184,64.601403350620118451253892319,64.601403082642910646961882761,326984500
4.14,4,0.1524422423522186474429328837,0.175662590052171,0.160370051111049,0.153187648183098,0.137857766420479,0.31712657075211,0.3275409156241558931973701190,0.3111126973713102931973701190,0.0164282182528456,4.6916778226610493313316974177,64.562270975046384360042869451,64.562270705452959921429120947,327776300
4.15,4,0.1522093369740430024275006460,0.175432278291929,0.160186971530838,0.152953603953746,0.137671069707328,0.317184817755978,0.3275862497553194446938478509,0.3111580315024738446938478509,0.0164282182528456,4.6923271862569403313316974179,64.523479337263917295299543683,64.523479066069955846491078033,328568000
4.16,4,0.1519773165127186478549889889,0.17520292959505,0.160004855013988,0.152720448968277,0.137485262238058,0.317244089374506,0.3276326731851372844954633628,0.3112044549322916844954633628,0.0164282182528456,4.6929921529067113313316974185,64.485032023585927216100930697,64.485031750807314520921088033,329359700
4.17,4,0.1517461781780075409411343332,0.17497453604269,0.159823693641659,0.152488180422806,0.137300341208788,0.317304312558297,0.3276801124897677308698516578,0.3112518942369221308698516578,0.0164282182528456,4.6936716708913013313316974178,64.446869481237880175964917474,64.446869206887935882349562199,330151500
4.18,4,0.1515159292637543193015972575,0.17474710551401,0.15964349529301,0.152256805646846,0.137116313949028,0.317365494911741,0.3277285758046970615378537800,0.3113003575518514615378537800,0.0164282182528456,4.6943658567429673313316974179,64.409091393564135617508040979,64.409091117660402014570059076,330943200
4.19,4,0.1512865364274063436277901853,0.1745205990927,0.159464221051729,0.152026291134805,0.136933146953187,0.317427560227967,0.3277779843940269199730032952,0.3113497661411813199730032952,0.0164282182528456,4.6950735826530413313316974176,64.37159096897954173879140464,64.37159069153499497722684914,331734900
4.20,4,0.1510580169382598380683277592,0.17429504418553,0.15928589832459,0.151796654240424,0.136750857575006,0.317490651666032,0.3278284829798870418690203813,0.3114002647270414418690203813,0.0164282182528456,4.6957969216133323313316974186,64.334481791195258598486898432,64.334481512227797588930043808,332526600
4.21,4,0.1508303580714255061729057598,0.174070423407954,0.159108509727044,0.15156788217659,0.136569433027372,0.31755470392608,0.3278800052088009877973525126,0.3114517869559553877973525126,0.0164282182528456,4.6965349231803013313316974178,64.297666385444073655011762711,64.29766610496743561171492235,333318400
4.22,4,0.1506035568146198665842732502,0.173846728482744,0.158932046981864,0.151339971916291,0.136388870283273,0.317619642032233,0.3279324757101399139008654029,0.3115042574572943139008654029,0.0164282182528456,4.6972865077492153313316974185,64.26116822124837171513972061,64.261167939277226577874600611,334110100
4.23,4,0.1503776101614456561627970409,0.17362396199995,0.158756512679101,0.151112920438429,0.136209166321612,0.317685546333161,0.3279859748175214638499964624,0.3115577565646758638499964624,0.0164282182528456,4.6980528260143853313316974187,64.225056863980608231842731448,64.225056580532634870996576021,334901800
4.24,4,0.1501525154046706758077868692,0.173402121066661,0.158581903925843,0.150886725022535,0.136030318421918,0.317752414457828,0.3280404999638856334010311436,0.3116122817110400334010311436,0.0164282182528456,4.6988338412053853313316974187,64.189234068107907101444158503,64.189233783196645059475716971,335693500
4.25,4,0.1499282601289593097798562455,0.173181186649294,0.158408201688505,0.150661373192565,0.135852314108147,0.317820153064725,0.3280959567073822551348714379,0.3116677384545366551348714379,0.0164282182528456,4.6996282005423593313316974186,64.153737007810502076159045242,64.153736721450982560544612409,336485300
4.26,4,0.1497048504777713570354150037,0.172961172183897,0.158235419403139,0.150436871122018,0.135675159553801,0.317888865797545,0.3281524493764861102549542463,0.3117242311236405102549542463,0.0164282182528456,4.7004373984206293313316974186,64.118571410152229396817800466,64.11857112235982121451019261,337277000
4.27,4,0.1494822637574276152882614014,0.172742048964129,0.158063528363401,0.150213196006249,0.135498831954232,0.317958469054483,0.3282098925705883304804489043,0.3117816743177427304804489043,0.0164282182528456,4.7012602115665813313316974176,64.083727871458465007978938217,64.083727582248071061083339373,338068700
4.28,4,0.1492605275779475972796440759,0.172523845923764,0.157892557503067,0.149990375590283,0.135323359054466,0.31802897886655,0.3282683042999675221855649877,0.3118400860471219221855649877,0.0164282182528456,4.7020968979584533313316974179,64.049216563081552643210515892,64.049216272468524830973461764,338860500
4.29,4,0.1490396089689401213296032323,0.172306528159029,0.157722471918362,0.149768376742512,0.135148707722896,0.31810037104758,0.3283276580026089447818169355,0.3118994397497633447818169355,0.0164282182528456,4.7029470771234103313316974176,64.015019307829544341082099316,64.015019015828449421581973974,339652200
4.30,4,0.1488195149661211849966711911,0.172090108367104,0.157553284306468,0.149547206533056,0.13497488502964,0.318172725821413,0.3283880345926423194898841053,0.3119598163397967194898841053,0.0164282182528456,4.7038119080709863313316974177,63.981165310477607021906408559,63.981165017104318148668501107,340443900
4.31,4,0.1486002320490796544900321895,0.171874564764332,0.157384972883727,0.149326851375391,0.134801877388175,0.31824592643801,0.3284493160848752037061800946,0.3120210978320296037061800946,0.0164282182528456,4.7046897007877883313316974177,63.947616991261425835801243957,63.947616696530131847552266733,341235600
4.32,4,0.1483817689795888140387284527,0.171659907990504,0.157217548289928,0.149107320074134,0.134629693603118,0.318319998834117,0.3285115290950664013021920277,0.3120833108422208013021920277,0.0164282182528456,4.7055808365164783313316974183,63.914394851454579320527721694,63.914394555380359484250715382,342027400
4.33,4,0.1481641213967871512285860115,0.171446141694658,0.157051014174113,0.148888608247099,0.134458329292283,0.318395058014647,0.3285747886025273377522055047,0.3121465703496817377522055047,0.0164282182528456,4.7064869622143753313316974189,63.881506875668781138126903314,63.881506578267157756961306686,342819100
4.34,4,0.1479472777706158098358101590,0.171233241668143,0.156885346327628,0.148670704307849,0.134287772869233,0.318470923878117,0.3286389132557832569181295077,0.3122106950029376569181295077,0.0164282182528456,4.7074054802129513313316974175,63.848884916356036259624676427,63.848884617639502432632872885,343610900
4.35,4,0.1477312343500610133337934237,0.171021206167914,0.156720543007429,0.148453604487028,0.134118020564612,0.318547625533742,0.3287039319715518312020407432,0.3122757137187062312020407432,0.0164282182528456,4.7083368047136763313316974183,63.816620222290981672707262497,63.816619922275899533652055121,344402600
4.36,4,0.1475159879227905509054551518,0.170810037147931,0.156556606167478,0.148237305556596,0.133949069150381,0.318625237200323,0.3287699189241425842160389855,0.3123417006712969842160389855,0.0164282182528456,4.7092819981852713313316974182,63.784625903113604163218992266,63.784625601812749265281493807,345194300
4.37,4,0.1473015372545339168685080507,0.170599731311456,0.156393532511033,0.148021806276248,0.133780917386233,0.3187037295128,0.3288368445900574437545696375,0.3124086263372118437545696375,0.0164282182528456,4.710240637734777331331697418,63.753007740980352955745652513,63.753007438410926661039324168,345986000
4.38,4,0.1470878680426407433928073517,0.170390273007165,0.156231306386772,0.147807092273397,0.133613550899582,0.318783084686282,0.3289046901359474062733778084,0.3124764718831018062733778084,0.0164282182528456,4.7112124535943413313316974186,63.72165453042640107701252968,63.72165422660091125895220067,346777800
4.39,4,0.1468749882207955647718796544,0.170181670215535,0.156076199739599,0.147593171520521,0.133453256923296,0.318862864537683,0.3289734559548791896248278338,0.3125452377020335896248278338,0.0164282182528456,4.7121974513942293313316974177,63.69066456910020655694931972,63.690664264035297036163460531,347569500
4.40,4,0.1466628946420459936109689212,0.169973919597254,0.155936298857321,0.14738004085528,0.133308141676198,0.318942500964814,0.3290431393994541670851848800,0.3126149211466085670851848800,0.0164282182528456,4.7131955932132493313316974189,63.659948371806692609493619157,63.659948065515243225667226143,348361200
4.41,4,0.1464515654899006029828022187,0.169766995830161,0.155796810424459,0.147167678354505,0.133163379179867,0.319022978804066,0.3291136909775301931316953392,0.3126854727246845931316953392,0.0164282182528456,4.7142061701286853313316974183,63.629541096920498286737865539,63.629540789416822269113810412,349153000
4.42,4,0.1462410168011920853060889793,0.169560917419595,0.155657756149858,0.146956100133445,0.133018988760881,0.319104331448547,0.3291851455152031679762469338,0.3127569272623575679762469338,0.0164282182528456,4.715229680987615331331697418,63.599485775515251499656789774,63.599485466815503141129090701,349944700
4.43,4,0.1460312359939798009143436186,0.169355671257384,0.155519126099081,0.146745293548637,0.132874960957262,0.319186552472208,0.3292574959090860104277842295,0.3128292776562404104277842295,0.0164282182528456,4.7162660240415143313316974183,63.569696112406892606566640671,63.569695802523593809520530518,350736400
4.44,4,0.1458222207274740259085419047,0.169151253940872,0.15538092001376,0.146535256247844,0.132731296568739,0.31926962671563,0.3293307270186640897022520125,0.3129025087658184897022520125,0.0164282182528456,4.7173149824184853313316974186,63.540212868021182489786292306,63.540212556968554117111978473,351528200
4.45,4,0.1456139581316372105633439045,0.168947657851903,0.155243133390883,0.146325975298099,0.132587985785095,0.319353630417949,0.3294049145832452724315218925,0.3129766963303996724315218925,0.0164282182528456,4.7183776410041993313316974182,63.511062724130712711590241345,63.511062411924167633877570233,352319900
4.46,4,0.1454064654062643803711093741,0.168744886043307,0.155105772369605,0.146117467983299,0.132445048984088,0.319438359246047,0.3294798551957015809088675262,0.3130516369428559809088675262,0.0164282182528456,4.7194510862061673313316974176,63.482188258840549998890807232,63.482187945492896767147479907,353111600
4.47,4,0.1451997199290264017484521909,0.168542931037754,0.154968832530393,0.145909711570497,0.132302466498037,0.319524031945426,0.3295557667603927795268524449,0.3131275485075471795268524449,0.0164282182528456,4.7205384392744273313316974178,63.453640753724046430620914579,63.45364043925045286491628689,353903300
4.48,4,0.1449937191424802601842490770,0.168341777971067,0.154832302038655,0.145702703489745,0.132160238793976,0.319610472578324,0.3296324729425914963830669104,0.3132042546897458963830669104,0.0164282182528456,4.7216371744000643313316974182,63.42538469576138626761699327,63.425384380175360729445333558,354695100
4.49,4,0.1447884599798998127645421059,0.168141437404262,0.154696194457074,0.145496440659321,0.13201836579918,0.319697876142694,0.3297101692113303055576682442,0.3132819509584847055576682442,0.0164282182528456,4.7227500914707263313316974189,63.397460939188201637276026278,63.397460622505152670345263117,355486800
4.50,4,0.1445839393175831434182333123,0.167941888157366,0.154560491579723,0.145290919940249,0.13187684735598,0.319785984541929,0.3297885968287325609163339649,0.3133603785758869609163339649,0.0164282182528456,4.7238734843393303313316974189,63.369813349765841284037558043,63.369813031998572866826547777,356278500
4.51,4,0.1443801551357140322666427203,0.167743140601596,0.154425206724534,0.145086139302837,0.131735684388596,0.319874974982091,0.3298679334982059920847595786,0.3134397152453603920847595786,0.0164282182528456,4.7250098984196933313316974185,63.342477608742773249148203951,63.342477289905755300222367844,357070300
4.52,4,0.1441771043941993557217727012,0.16754518522939,0.154290333303624,0.144882095692126,0.131594876768876,0.319964755089203,0.3299480866112444736079786655,0.3135198683583988736079786655,0.0164282182528456,4.726158007192678331331697418,63.315389953326771535185360741,63.315389633431709693986477432,357862000
4.53,4,0.1439747844949244575497375524,0.167348023963704,0.154155876132874,0.144678786497297,0.131454424785992,0.320055389588114,0.3300291210709702180202919545,0.3136009028181246180202919545,0.0164282182528456,4.7273187403270303313316974179,63.288662729812338862536934155,63.288662408875709539189019947,358653700
4.54,4,0.1437731930020308862819742352,0.167151650647465,0.154021831921662,0.144476209270581,0.131314328865625,0.320146825318373,0.3301109836168860310522711821,0.3136827653640404310522711821,0.0164282182528456,4.7284913349223233313316974186,63.262225969554359903798722269,63.262225647589652176335604949,359445400
4.55,4,0.1435723270324599367177016368,0.166956062310687,0.153888200540264,0.144274361114822,0.131174588957817,0.320239061140991,0.3301936731037278014962609341,0.3137654548508822014962609341,0.0164282182528456,4.7296757745738573313316974182,63.236051095115152712431131471,63.236050772134655183187757286,360237200
4.56,4,0.1433721635815826451363685454,0.166761235512571,0.153754961362228,0.144073218912903,0.131035184766669,0.320332093037593,0.3302771840840814501226513453,0.3138489658312358501226513453,0.0164282182528456,4.7308719812531733313316974181,63.210205891570792120653102839,63.210205567589625125709253872,361028900
4.57,4,0.1431727101574991010554193358,0.166567183492373,0.153622130415511,0.143872790209638,0.130896126632507,0.320426001984019,0.3303615984545869716557137608,0.3139333802017413716557137608,0.0164282182528456,4.7320811280432283313316974179,63.184672718038440507265814062,63.184672393071062370916975155,361820700
4.58,4,0.1429739744762581460204698233,0.166373902310336,0.153489706523685,0.143673082758806,0.130757425079186,0.3205206202909,0.3304467488522945381677818518,0.3140185305994489381677818518,0.0164282182528456,4.7333008176463543313316974179,63.159379028643323037861309731,63.159378702700987523271930994,362612400
4.59,4,0.1427759435597265097336592854,0.166181385967158,0.153357686425671,0.143474083518812,0.130619069810021,0.320616048931672,0.3305327357771931005942084091,0.3141045175243475005942084091,0.0164282182528456,4.7345324896188533313316974188,63.134425928349263434264750042,63.134425601447552278682982504,363404100
4.60,4,0.1425786251325013237090109576,0.165989645211727,0.153226083583734,0.143275800252026,0.130481071307384,0.320712330154732,0.3306196023138447153139372382,0.3141913840609991153139372382,0.0164282182528456,4.7357767611016173313316974176,63.109734511233760683800510981,63.109734183384992502806700956,364195800
4.61,4,0.1423819859408398507821737810,0.16579863323628,0.153094853878904,0.143078199542102,0.13034339885029,0.320809273432779,0.3307071553214787698375589414,0.3142789370686331698375589414,0.0164282182528456,4.737030865556894331331697418,63.085311383297143973350049064,63.085311054513719498820286406,364987600
4.62,4,0.1421860435254656369723113348,0.165608378295345,0.15296402823018,0.142881299015533,0.130206072736207,0.320907029951969,0.3307955477747709992030850120,0.3143673295219253992030850120,0.0164282182528456,4.7382969941855073313316974179,63.06123372229616402983044804,63.061233392593859392401390406,365779300
4.63,4,0.1419907951403824348678316162,0.165418880266395,0.152833609155432,0.142685095912896,0.130069092852556,0.321005637333401,0.3308848173788141407687776199,0.3144565991259685407687776199,0.0164282182528456,4.7395756870731263313316974184,63.037416652211034659233291404,63.037416321602110135052677833,366571000
4.64,4,0.1417962388207409121102858940,0.165230124320803,0.152703584442604,0.142489588259734,0.129932459847843,0.321104911639844,0.3309747797925700629495005745,0.3145465615397244629495005745,0.0164282182528456,4.7408643037288823313316974185,63.013869448781796465762174469,63.013869117278712610472923469,367362800
4.65,4,0.1416023513479003060297105699,0.165042101535198,0.152573947761331,0.142294752723872,0.129796152989229,0.321205059560254,0.3310656407599262942916680567,0.3146374225070806942916680567,0.0164282182528456,4.7421657912168793313316974175,62.990628601184667339459304637,62.990628268801611168410196677,368154500
4.66,4,0.1414091599955121751172394530,0.164854824285186,0.152444714056893,0.142100616712325,0.129660202259679,0.321305864998715,0.3311571857538951149843978458,0.3147289675010495149843978458,0.0164282182528456,4.7434770766643703313316974182,62.967657478766687769359429192,62.967657145516095973364904649,368946200
4.67,4,0.1412166326302589897111650245,0.164668270232348,0.152315863537466,0.141907147934649,0.12952457792156,0.32140747122535,0.3312495563149929979438758931,0.3148213380621473979438758931,0.0164282182528456,4.7448001874899113313316974182,62.945025633593299471754462274,62.945025299490650690331956066,369738000
4.68,4,0.1410247864251761003886223882,0.16448245090497,0.152187410255077,0.141714363647853,0.129389299761789,0.321509795536474,0.3313426709212173856605366596,0.3149144526683717856605366596,0.0164282182528456,4.746133955976831331331697418,62.922628015331102130754466168,62.922627680387400909357191604,370529700
4.69,4,0.1408335990762751498898461216,0.164297350489805,0.152059340897624,0.141522241438886,0.129254347874564,0.321612932921486,0.3314366234019724975585164293,0.3150084051491268975585164293,0.0164282182528456,4.7474797261323443313316974181,62.900528364765377213293543716,62.900528028994379518138385073,371321400
4.70,4,0.1406430775901881516758535440,0.164112969127184,0.151931658084202,0.141330788348642,0.129119731785598,0.321716784278529,0.3315313150795072663176233605,0.3151030968266616663176233605,0.0164282182528456,4.7488360845017833313316974185,62.878704773282878220119735299,62.878704436697320403395170314,372113100
4.71,4,0.1404532092733412880871442317,0.163929296869725,0.151804354324055,0.141139991621479,0.128985441201872,0.321821390041235,0.3316267857664309170058089963,0.3151985675135853170058089963,0.0164282182528456,4.750203601358768331331697418,62.857167045962703915982423673,62.857166708575766313210189084,372904900
4.72,4,0.1402640120252002254403935485,0.163746349910093,0.15167744824456,0.140949869244386,0.128851496551034,0.321926723751221,0.3317230103681909325095683142,0.3152947921153453325095683142,0.0164282182528456,4.7515819172503123313316974189,62.83586064173952277176841901,62.835860303562080307033481872,373696600
4.73,4,0.1400754528720480308756640102,0.163564089458128,0.151550903468584,0.140760388082412,0.128717867117052,0.322032705523573,0.3318199066569292046366579872,0.3153916884040836046366579872,0.0164282182528456,4.7529698543491083313316974184,62.814870563924062043751756643,62.814870224970444757666882562,374488300
4.74,4,0.1398875698935466630092199146,0.163382564639869,0.151424771513732,0.14057158640142,0.128584593563193,0.322139489162554,0.3319176316559362524692576927,0.3154894134030906524692576927,0.0164282182528456,4.7543696618481143313316974188,62.794174057926992345474318105,62.794173718210734954686317914,375280000
4.75,4,0.1397003099579336704179180453,0.163201716984924,0.151298996279932,0.140383410809846,0.128451624874004,0.322247003736254,0.3320161106927432770950175318,0.3155878924398976770950175318,0.0164282182528456,4.7557802701430033313316974179,62.77375350636856021424176995,62.773753165902380712156379133,376071800
4.76,4,0.1395137002413708526480523258,0.163021569798446,0.151173603421637,0.140195888616737,0.128318990713567,0.322355190868394,0.3321152873228402729981631305,0.3156870690699946729981631305,0.0164282182528456,4.7572008707257253313316974177,62.753594881313921693080286853,62.753594540109889673324502119,376863500
4.77,4,0.1393277190042237908252147200,0.162842105251366,0.151048577438273,0.140008997976157,0.128186671570126,0.322464108602913,0.3322152183675058695521999057,0.3157870001146602695521999057,0.0164282182528456,4.7586322775011433313316974185,62.733681036558902852598363967,62.733680694628426376958839264,377655200
4.78,4,0.1391423834337343883471557931,0.162663340398214,0.150923937692268,0.139822756159388,0.128054687028501,0.322573753075564,0.3323159013225632980783879031,0.3158876830697176980783879031,0.0164282182528456,4.7600744545995673313316974184,62.714084920426437795394690501,62.714084577783953159823264026,378447000
4.79,4,0.1389576908887557006704483197,0.162485272615364,0.150799683847517,0.13963716051237,0.127923036727734,0.322684124654339,0.3324173365316600692193617652,0.3159891182788144692193617652,0.0164282182528456,4.7615274069433853313316974187,62.694770549683631757291734906,62.694770206342070136442461425,379238700
4.80,4,0.1387736187346803856747488564,0.162307875207148,0.150675791475696,0.139452188289817,0.127791700195421,0.322795167481863,0.3325194665694548408830035957,0.3160912483166092408830035957,0.0164282182528456,4.7629903119751733313316974181,62.675679512730392612600351818,62.67567916870018903548879164,380030500
4.81,4,0.1385901646366819120612809880,0.162131144908987,0.150552259559602,0.139267837145487,0.127660677338185,0.322906868350077,0.3326222781891064242396761794,0.3161940599362608242396761794,0.0164282182528456,4.7644629799479083313316974186,62.656891232615826084370738615,62.656890887910699153493814372,380822200
4.82,4,0.1384073359732219411516306386,0.161955099960202,0.150429108566175,0.139084114493919,0.127529977803623,0.323019381645891,0.3327259268291477738241091488,0.3162977085763021738241091488,0.0164282182528456,4.7659476373545683313316974183,62.638359203670146949291253333,62.638358858302034828225995684,381613900
4.83,4,0.1382251307157798883945886792,0.161779723147914,0.150306323490587,0.138901018296674,0.127399601766739,0.323132490281489,0.3328301948838925030287931614,0.3164019766310469030287931614,0.0164282182528456,4.7674411672232963313316974186,62.620116890254314890418364722,62.620116544236314020742751597,382405600
4.84,4,0.1380435256693805520010182559,0.16160500001606,0.150183892065468,0.13871852524536,0.127269528113178,0.32324632151196,0.3329352084427159444724263178,0.3165069901898703444724263178,0.0164282182528456,4.7689453756513543313316974179,62.602114642330135487302661075,62.602114295673402293145523856,383197400
4.85,4,0.1378625488185463712879678116,0.161430954617544,0.15006184051325,0.138536663461335,0.127139787139125,0.323360816021986,0.3330409101639719259471764239,0.3166126919111263259471764239,0.0164282182528456,4.7704594412801633313316974182,62.584413036909980366452129639,62.584412689628120982918888894,383989100
4.86,4,0.1376821775678235688145740816,0.161257564130386,0.14994014816251,0.138355410238661,0.127010358294449,0.323475972794603,0.3331472975912091486647278411,0.3167190793383635486647278411,0.0164282182528456,4.7719833289236503313316974181,62.566934795429059957074249477,62.566934447532460515743787402,384780800
4.87,4,0.1375024093282667259498143891,0.161084831904616,0.149818820495058,0.138174762975732,0.12688124111453,0.323591876883976,0.3332544559537963636864608164,0.3168262377009507636864608164,0.0164282182528456,4.7735182594025953313316974183,62.549738553570076615301004869,62.549738205071639809189600825,385572500
4.88,4,0.1373232421039211719590185504,0.160912744694719,0.149697846378572,0.137994719666833,0.126752435712007,0.323708367475728,0.3333622240525416149775912413,0.3169340057996960149775912413,0.0164282182528456,4.7750619237086583313316974183,62.53283555502624206695519415,62.532835205939160020300058952,386364300
4.89,4,0.1371446723010322464906928459,0.160741310249587,0.149577235656738,0.137815276700638,0.126623940575463,0.323825607008172,0.3334707646167262429050057478,0.3170425463638806429050057478,0.0164282182528456,4.7766166527670953313316974176,62.516165984493103966994637314,62.516165634828248940539793073,387156000
4.90,4,0.1369666988010977720696514373,0.160570514809338,0.149456976646256,0.137636432953176,0.126495756662578,0.323943414673422,0.3335798964639171220110815974,0.3171516782110715220110815974,0.0164282182528456,4.7781798513307213313316974183,62.499744323049505085908724172,62.499743972818152943368337397,387947700
4.91,4,0.1367893089012192690252946308,0.160400358328577,0.149337071360283,0.137458175659433,0.126367873271919,0.324061972672305,0.3336898014915410535205411496,0.3172615832386954535205411496,0.0164282182528456,4.7797541248882513313316974185,62.483597468914061820875352707,62.483597118128786504552065145,388739500
4.92,4,0.1366125190325552847137812643,0.160230846415224,0.149217527447445,0.137280521330912,0.126240308960678,0.324181124357018,0.3338003239669211835883762684,0.3173721057140755835883762684,0.0164282182528456,4.7813372427334063313316974183,62.467707603073493058914633496,62.467707251745957689008817154,389531200
4.93,4,0.1364362979542466330321537985,0.16006195296608,0.149098320827583,0.137103438573995,0.126113034363216,0.324300946338922,0.3339115386350516530511391616,0.3174833203822060530511391616,0.0164282182528456,4.7829302755093623313316974181,62.452110068884512183608861862,62.452109717027914055337403529,390322900
4.94,4,0.1362606732516909561649646552,0.15989370422007,0.148979479745173,0.136926955108964,0.125986079210264,0.324421416325358,0.3340234252278100649555568444,0.3175952069749644649555568444,0.0164282182528456,4.784532932896651331331697418,62.436741590583780648973609175,62.43674123820866566407972441,391114700
4.95,4,0.1360856221279147543714316743,0.15972607911937,0.148860985130626,0.136751048027375,0.125859422586468,0.324542561442387,0.3341360094749549552404832443,0.3177077912221093552404832443,0.0164282182528456,4.7861455834469163313316974188,62.421638802838720075364665203,62.421638449957170297895450132,391906400
4.96,4,0.1359111418897496523242187267,0.159559069725691,0.148742831016752,0.13657571462289,0.125733063761402,0.324664306826274,0.3342492162788634175354789283,0.3178209980260178175354789283,0.0164282182528456,4.7877671514659463313316974183,62.40677494261129132068702804,62.406774589234192928636373147,392698100
4.97,4,0.1357372401824264017066903814,0.15939268889388,0.148625032212526,0.136400962578123,0.125607012376581,0.32478672603848,0.3343631200548274023842363179,0.3179349018019818023842363179,0.0164282182528456,4.7893987028742813313316974181,62.392180784659821895406455683,62.392180430799404556900638461,393489800
4.98,4,0.1355638953237382373364320251,0.159226913779278,0.148507567810625,0.136226770104847,0.125481248585842,0.324909804596728,0.3344777048974260263529171280,0.3180494866445804263529171280,0.0164282182528456,4.7910400098435493313316974184,62.377810340980863761463502635,62.377809986647429140337088865,394281600
4.99,4,0.1353911339700198921032352197,0.159061762452051,0.148390457801915,0.13605316398974,0.125355801101255,0.325033416779361,0.3345928467857473062557379012,0.3181646285329017062557379012,0.0164282182528456,4.7926892959050433313316974187,62.363707870394895729779750866,62.363707515600435832614296621,395073300
5.00,4,0.1352189246196290554144261732,0.158897216602529,0.148273685780965,0.135880112577123,0.12523064017603,0.325157754415471,0.3347087359372107557152914403,0.3182805176843651557152914403,0.0164282182528456,4.7943492857225953313316974183,62.349882464439952171380713813,62.349882109197026509100512156,395865000
5.01,4,0.1350472644806197911519033515,0.158733264838148,0.148157242243152,0.135707613061399,0.125105764897121,0.325282694671676,0.3348252491546436686983739107,0.3183970309017980686983739107,0.0164282182528456,4.7960182146266943313316974183,62.336309093630625911510831343,62.336308737950619148962926501,396656800
5.02,4,0.1348761710606718917932329908,0.158569923806693,0.148041145708062,0.135535683035857,0.124981194734189,0.325408223281374,0.3349423734980552413323358812,0.3185141552452096413323358812,0.0164282182528456,4.7976958972656253313316974178,62.322973362341858587416045119,62.322973006235537736451459802,397448500
5.03,4,0.1347056320536569911445642456,0.1584071825444,0.14792538706776,0.135364310134192,0.12485691918129,0.325534360603906,0.3350601286418568452717563880,0.3186319103890112452717563880,0.0164282182528456,4.7993826154545723313316974176,62.30988587869347648437108817,62.309885522172058434185633707,398240300
5.04,4,0.1345356357949962700095969329,0.158245032538151,0.147809959649136,0.135193482634791,0.124732928361311,0.325661152803545,0.3351785601723734454056409530,0.3187503419195278454056409530,0.0164282182528456,4.8010790221695413313316974183,62.297024908327996719064257779,62.297024551401840551036753326,399032000
5.05,4,0.1343661887065247441099728640,0.158083476446816,0.147694867935409,0.135023206990889,0.124609230556292,0.325788545265423,0.3352976139205094752561260098,0.3188693956676638752561260098,0.0164282182528456,4.8027843414953933313316974189,62.284445588341099965461883893,62.284445231022772943570018038,399823700
5.06,4,0.1341972892060397979607720259,0.15792251358478,0.147580113049809,0.134853481612546,0.124485825989554,0.32591655085103,0.3354173027947796332073542848,0.3189890845419340332073542848,0.0164282182528456,4.8044987583329813313316974185,62.272114690354735095661199682,62.272114332655436849691928078,400615400
5.07,4,0.1340289250514122174774743427,0.1577621337192,0.147465686552982,0.134684294197774,0.124362704156978,0.32604519945471,0.3355376560280051538071035683,0.3191094377751595538071035683,0.0164282182528456,4.8062226914116253313316974178,62.260040364851333536668213356,62.260040006782621042205668319,401407200
5.08,4,0.1338610932798819451199902792,0.157602328041483,0.147351581414629,0.134515641769323,0.124239863863951,0.326174407663965,0.3356585899204685926838455599,0.3192303716676229926838455599,0.0164282182528456,4.8079549418211863313316974189,62.248165667401912266641392091,62.248165308972896419603757456,402198900
5.09,4,0.1336938021383229921773310621,0.15744310545337,0.147237808299735,0.134347532614394,0.124117315165222,0.326304183854448,0.3357801135713720277316674684,0.3193518953185264277316674684,0.0164282182528456,4.8096956398981333313316974187,62.236567174686954163336745597,62.236566815909901900530353373,402990600
5.10,4,0.1335270387898509730117497786,0.157284774682494,0.147124677684269,0.134179953833334,0.123995046913745,0.32643912783885,0.3359068372462038565225332896,0.3194786189933582565225332896,0.0164282182528456,4.8115108228311963313316974187,62.220773459537166366918134405,62.220773100245147479182756659,403782300
5.11,4,0.1333608014905871446866968125,0.157100124839152,0.146984980412119,0.134012903673735,0.123873059094935,0.326190130765538,0.3356487019281504387393827099,0.3192204836753048387393827099,0.0164282182528456,4.8078133067642643313316974179,62.210898893079994771976976683,62.210898533104751819094908502,404574100
5.12,4,0.1331950978112894225624950237,0.156916032714419,0.146845594993335,0.133846389743375,0.123751361039744,0.325941439471576,0.3353908933983758631151980639,0.3189626751455302631151980639,0.0164282182528456,4.8041204715946253313316974178,62.200902020322740398597990994,62.20090165965852929201341925,405365800
5.13,4,0.1330299053289634924550565816,0.156732476010416,0.14670650083455,0.133680389509617,0.123629931924207,0.325693057981826,0.3351334142354156737255566192,0.3187051959825700737255566192,0.0164282182528456,4.8004323542570803313316974185,62.190856776862216480545158982,62.190856415506336051625402418,406157500
5.14,4,0.1328652318245679260226050982,0.156549457910175,0.146567702808982,0.133514910791467,0.123508781261645,0.325444919607519,0.3348761982528910442883327649,0.3184479800000454442883327649,0.0164282182528456,4.7967480067015873313316974181,62.180673984304153003026059981,62.18067362225014304653423063,406949200
5.15,4,0.1327010743057763879092230432,0.156366981384604,0.146429205563543,0.133349950581966,0.123387907725197,0.325197109823949,0.3346193310420335397789054154,0.3181911127891879397789054154,0.0164282182528456,4.7930686549322293313316974177,62.170413435115028225825275346,62.170413072358979548586902699,407741000
5.16,4,0.1325374317306785770929861768,0.156185044978751,0.146291009305243,0.133185507834109,0.123267311933875,0.32494962271756,0.3343628067181341839800222920,0.3179345884652885839800222920,0.0164282182528456,4.789394214656759331331697418,62.160107943677896744419273498,62.160107580217244340523966636,408532700
5.17,4,0.1323742912214828584304361358,0.156003637047139,0.146153104036654,0.133021569607135,0.123146982598994,0.324702477148424,0.3341066433979348524951250263,0.3176784251450892524951250263,0.0164282182528456,4.7857249453783893313316974181,62.149687196011944659931211188,62.149686831841228699833851856,409324400
5.18,4,0.1322116700975698133967780672,0.155822769898216,0.146015503700506,0.132858153305113,0.123026938762894,0.324455599523732,0.3338507686404927870132747064,0.3174225503876471870132747064,0.0164282182528456,4.7820598094570483313316974179,62.13917826468609796710866213,62.139177899800890780492556911,410116200
5.19,4,0.1320495370329719063232310919,0.155642413395856,0.145878179781317,0.132695227448899,0.122907150571032,0.324209010035482,0.3335952005994796338467113913,0.3171669823466340338467113913,0.0164282182528456,4.7783990669249283313316974183,62.128611719764562016522107549,62.128611354161714962560902194,410907900
5.20,4,0.1318879085048702068940512182,0.155462588035545,0.145741154381709,0.132532808596243,0.122787636192221,0.323962764305328,0.3333399963028580067852114496,0.3169117780500124067852114496,0.0164282182528456,4.7747435346474223313316974186,62.117941085685390712225135686,62.117940719359884157092704537,411699600
5.21,4,0.1317267935759921057759450054,0.155283304174258,0.145604439452424,0.132370905854187,0.122668406331161,0.323716879778658,0.3330851739871620603457591874,0.3166569557343164603457591874,0.0164282182528456,4.7710934738436403313316974183,62.107195427937020515023088483,62.107195060885052682926582785,412491400
5.22,4,0.1315661594145774368998319852,0.155104523996157,0.145467998758147,0.132209486230431,0.122549429579933,0.323471288517291,0.3328306633520559891605364455,0.3164024450992103891605364455,0.0164282182528456,4.7674478775354473313316974189,62.096366924732731990110290451,62.09636655695009214677687687,413283100
5.23,4,0.1314060133704824973011527909,0.154926255704085,0.145331842069128,0.132048557110771,0.122430714895569,0.323226001838005,0.3325764763682904807805340371,0.3161482581154448807805340371,0.0164282182528456,4.7638069171912163313316974184,62.085458328804074567585068864,62.085457960286672111254511964,414074800
5.24,4,0.1312463640528489004675203990,0.154748512059676,0.145195983701423,0.131888127146445,0.122312272487523,0.322981078111407,0.3323226722629207361071286833,0.3158944540100751361071286833,0.0164282182528456,4.7601714411760213313316974179,62.074514591883940028430413681,62.074514222629613811567744728,414866500
5.25,4,0.1310871985259170313538895492,0.154571272306087,0.145060404439743,0.131728183338441,0.122194090902103,0.322736406741471,0.3320691393689368222509721274,0.3156409211160912222509721274,0.0164282182528456,4.7565398499777673313316974181,62.063452476580920740868012927,62.063452106583915816602762412,415658300
5.26,4,0.1309285049556310300221606906,0.154394533125572,0.144925102495165,0.131568713794837,0.122076159779944,0.322492110652998,0.3318160001869128416624880235,0.3153877819340672416624880235,0.0164282182528456,4.7529138982879253313316974188,62.052312019450627806454929841,62.052311648706983589936658952,416450000
5.27,4,0.1307703113783100901636925145,0.154218324837314,0.144790109703077,0.131409746689043,0.121958508814361,0.322248219442107,0.3315632864615962688865591809,0.3151350682087506688865591809,0.0164282182528456,4.7492940408165083313316974178,62.041118878072058357572095559,62.041118506578913730589050839,417241800
5.28,4,0.1306125848018675084146729423,0.154042603371814,0.144655383497694,0.131251248867649,0.121841106359331,0.322004578054073,0.3313108405467297921150223763,0.3148826222938841921150223763,0.0164282182528456,4.7456780194472163313316974184,62.029832589709925767704971065,62.02983221746254963211090411,418033500
5.29,4,0.1304553235649347853263933962,0.153867372205981,0.144520928847262,0.131093218661163,0.121723952240341,0.321761260039837,0.3310587361606547603052476343,0.3146305179078091603052476343,0.0164282182528456,4.7420668901175073313316974179,62.018474168841992905290380152,62.018473795836606188025749021,418825200
5.30,4,0.1302985352767621867167828792,0.153692645034444,0.144386760925497,0.130935663716043,0.121607055586546,0.321518351521865,0.3308070602745118464315303586,0.3143788420216662464315303586,0.0164282182528456,4.7384618985972063313316974185,62.007053149493840988469729943,62.007052775727155212578777054,419617000
5.31,4,0.1301422276284005181669476991,0.153518419801004,0.144252879143149,0.130778591760946,0.121490425597138,0.321275712197679,0.3305556728864899542951823306,0.3141274546336443542951823306,0.0164282182528456,4.7348610395080883313316974187,61.995554841510741504421162776,61.995554466978690344941509105,420408700
5.32,4,0.1299863793339737009636614281,0.153344680759095,0.14411926920858,0.130621981405915,0.121374042340637,0.32103342341679,0.3303046541510010672674285807,0.3138764358981554672674285807,0.0164282182528456,4.7312654609775323313316974183,61.983983162228629373267799395,61.983982786927394335106837513,421200400
5.33,4,0.1298309967129914623672862179,0.15317143833796,0.14398594299406,0.130465839001359,0.121257913614004,0.320791543186553,0.3300540627622655376893030751,0.3136258445094199376893030751,0.0164282182528456,4.7276760037383153313316974184,61.972361395934739633568180163,61.972361019861538714380665485,421992100
5.34,4,0.1296760687832280412623100547,0.152998673448025,0.143852882841248,0.130310153511352,0.121142029816041,0.320549956619747,0.3298037828811384162446568897,0.3133755646282928162446568897,0.0164282182528456,4.7240910085169103313316974183,61.960624146447934062874425278,61.960623769597106989806428734,422783900
5.35,4,0.1295216032551294858515529483,0.152826398185964,0.143720102266372,0.130154932684043,0.121026400117918,0.320308725533327,0.3295538771168349450601291416,0.3131256588639893450601291416,0.0164282182528456,4.7205113721242653313316974178,61.948856725957331434431407525,61.948856348326859499550639112,423575600
5.36,4,0.1293675974886504579248312705,0.152654611300138,0.143587601425782,0.130000173866477,0.120911023278107,0.320067869961238,0.3293043654654063121364960451,0.3128761472125607121364960451,0.0164282182528456,4.7169373809827153313316974178,61.937025918815506729056312338,61.937025540401997162401089778,424367300
5.37,4,0.1292140292101268297729203809,0.152483283613899,0.143455352539364,0.129845854676077,0.120795878313974,0.319827293427711,0.3290551497482510252713974662,0.3126269314954054252713974662,0.0164282182528456,4.7133676287873843313316974189,61.925119480110686714780993025,61.925119100910114009934332073,425159000
5.38,4,0.1290609070918370476456365659,0.15231243129607,0.143323373161122,0.129691983827526,0.120680975328767,0.319587102130715,0.3288063371291495963967903712,0.3123781188763039963967903712,0.0164282182528456,4.7098036505463573313316974189,61.913111805113760929305304525,61.913111425121139336147988587,425950800
5.39,4,0.1289082482221158467000213382,0.152142071173676,0.143191681492027,0.129538578492719,0.120566332871681,0.319347290442652,0.3285579232638482931209697297,0.3121297050110026931209697297,0.0164282182528456,4.7062453840327833313316974185,61.901089306875842472350701837,61.901088926089810502762921128,426742500
5.40,4,0.1287560309888831227909052007,0.151972181040922,0.143060256689095,0.129385616953896,0.120451930591095,0.319107852047402,0.3283099003976799518956839019,0.3118816821448343518956839019,0.0164282182528456,4.7026927181692373313316974179,61.889004523010926087097580281,61.889004141428113518908407145,427534200
5.41,4,0.1286042427880156860246041363,0.151802744763356,0.14292908396966,0.129233086545302,0.120337757176341,0.318868737688063,0.3280622183625434590309533279,0.3116340001096978590309533279,0.0164282182528456,4.6991449343506043313316974183,61.876854195749934385259905688,61.876853813366770377628649865,428326000
5.42,4,0.1284528916680206962720869788,0.151633773749689,0.14279817608329,0.129080995354802,0.120223822059415,0.318629994478738,0.3278149250471380401565704337,0.3113867067942924401565704337,0.0164282182528456,4.6956027185319723313316974185,61.864605320235898888680321743,61.864604937047470434687657091,429117700
5.43,4,0.1283019957368189847568935767,0.15146528365513,0.142667550015236,0.128929361578858,0.12011014477007,0.318391585349389,0.3275679846565598920749527543,0.3111397664037142920749527543,0.0164282182528456,4.6920655579891123313316974177,61.852325960976180712458854752,61.852325576980398537275877673,429909400
5.44,4,0.1281515130503921230819527236,0.151297237206066,0.142537169811209,0.128778143068357,0.119996684481737,0.318153581402524,0.3273214656120680554261195905,0.3108932473592224554261195905,0.0164282182528456,4.6885344327843673313316974187,61.839963812736423314712593043,61.839963427929066265755664638,430701200
5.45,4,0.1280014606886044636510884695,0.151129645800415,0.142407048177831,0.128627356986678,0.119883459669696,0.317915899497349,0.3270752858617656548639226953,0.3106470676089200548639226953,0.0164282182528456,4.6850081676108893313316974188,61.827570463839901549756696938,61.827570078218826871913289164,431492900
5.46,4,0.1278518571194674357279473661,0.150962529590806,0.142277206565922,0.128477021892138,0.119770490193625,0.317678561694725,0.3268294689091084674848334806,0.3104012506562628674848334806,0.0164282182528456,4.6814870991308833313316974183,61.815079833627612674901558515,61.815079447187906602802771251,432284600
5.47,4,0.1277026500743640462388648733,0.150795840454402,0.142147598140416,0.128327085260539,0.119657724820241,0.317441632681205,0.3265840760160266010475329093,0.3101558577631810010475329093,0.0164282182528456,4.6779721048568593313316974178,61.802571324745032333909357647,61.802570937485208174778421793,433076300
5.48,4,0.1275538779763432807017854395,0.150629612684775,0.142018258472338,0.128177585702809,0.119545203441044,0.317205049278042,0.3263390466389830362511340359,0.3099108283861374362511340359,0.0164282182528456,4.6744623175665303313316974186,61.789964357070880658538210648,61.789963968985964339200024658,433868100
5.49,4,0.1274055279841908018414817856,0.150463837416381,0.141889179963372,0.128028510314943,0.119432914422353,0.316968869599939,0.3260944382210837046330837654,0.3096662199682381046330837654,0.0164282182528456,4.6709585600717793313316974177,61.777350736764178034419405426,61.777350347853149474763629873,434659800
5.50,4,0.1272575881917809057698279161,0.15029849504292,0.14176034426432,0.127879847132597,0.119320847059994,0.316732984691739,0.3258501407926066904396687112,0.3094219225397610904396687112,0.0164282182528456,4.6674592571723713313316974181,61.764628390459027639125351553,61.76462800071640346827114507,435451600
5.51,4,0.1271100570351621739870157514,0.150133592689866,0.141631759747724,0.127731594584174,0.119209001032484,0.316497518895028,0.3256062789762858264420642494,0.3091780607234402264420642494,0.0164282182528456,4.6639661939574763313316974186,61.75189826577607529697350203,61.751897875200799764609846564,436243300
5.52,4,0.1269629419869990844509438839,0.149969133783456,0.141503431076953,0.127583760178875,0.119097385089177,0.316262413471952,0.3253627945026512080079246994,0.3089345762498056080079246994,0.0164282182528456,4.6604785357784193313316974176,61.739071159503470438401987748,61.739070768090626625229619861,437035000
5.53,4,0.1268162411578793995398465106,0.149805121180177,0.141375362335776,0.127436342018052,0.118985998561704,0.316027736404595,0.3251197554730537053017308784,0.3086915372202081053017308784,0.0164282182528456,4.6569972581151963313316974187,61.726244216024864920604993082,61.726243823773742649825499101,437826800
5.54,4,0.1266699424102636664116228186,0.14964153335057,0.141247533212265,0.127289327904814,0.118874830473678,0.315793354571811,0.3248770276737361210036622866,0.3084488094208905210036622866,0.0164282182528456,4.6535204384973473313316974176,61.713311603103286574227232672,61.713311210008509458206300517,438618500
5.55,4,0.1265240535304654251755192506,0.149478384051128,0.14111995867078,0.127142725663549,0.118763889860303,0.315559352448961,0.3246346964181434163416802752,0.3082064781652978163416802752,0.0164282182528456,4.6500492989499553313316974183,61.700331258836210052320163211,61.700330864894964079041669679,439410200
5.56,4,0.1263785529388655042426972046,0.149315655605008,0.140992622232771,0.126996513609118,0.118653156237659,0.315325788030812,0.3243928184102833142263486756,0.3079646001574377142263486756,0.0164282182528456,4.646584651698101331331697418,61.687309552208601012982941255,61.687309157418409533814771679,440201900
5.57,4,0.1262334578883397236152072852,0.149153355447422,0.140865532522257,0.126850709078758,0.118542648134695,0.315092519023231,0.3241512523042260302331593085,0.3077230340513804302331593085,0.0164282182528456,4.6431244721104783313316974183,61.67425782664579357798763606,61.674257431004489455031062396,440993700
5.58,4,0.1260887571381171066032605032,0.148991478789235,0.140738685929516,0.126705300776736,0.118432355437969,0.314859638786916,0.3239100909814462074446106887,0.3074818727286006074446106887,0.0164282182528456,4.6396700906162093313316974181,61.661121256197325921398957443,61.661120859700512209888732164,441785400
5.59,4,0.1259444479148637114914381892,0.148830027254972,0.140612085249176,0.126560285916155,0.118322276533543,0.314627210423643,0.3236693975849502373514374216,0.3072411793321046373514374216,0.0164282182528456,4.6362224116722373313316974179,61.647958310972673638819951701,61.647957913618522870929600032,442577100
5.60,4,0.1258005292795109373520199110,0.148668990331482,0.140485721128962,0.126415663553356,0.118212411641472,0.314395097035052,0.3234290348974733438477202544,0.3070008166446277438477202544,0.0164282182528456,4.6327794697860253313316974187,61.634721358015051133835282407,61.634720959799529547098423351,443368800
5.61,4,0.1256569978544491518752512860,0.148508369716791,0.14035959641864,0.126271430294213,0.118102758522181,0.314163371480301,0.3231890757994835733897491063,0.3067608575466379733897491063,0.0164282182528456,4.6293423088933803313316974181,61.621443631749761405293969369,61.621443232670341178511781779,444160600
5.62,4,0.1255138524492211679757309253,0.148348164869721,0.14023371171972,0.126127584942447,0.11799331712487,0.31393204308965,0.3229495296404702697377761652,0.3065213113876246697377761652,0.0164282182528456,4.6259110629158723313316974186,61.60815898097903829757749186,61.608158581034650462277837045,444952300
5.63,4,0.1253710909034151967399702337,0.148188367590222,0.140108059965868,0.125984125327084,0.117884086415046,0.313701025639849,0.3227103099142979003732120186,0.3062820916614523003732120186,0.0164282182528456,4.6224844927443843313316974189,61.594777183204712689258845544,61.594776782390314878948177829,445744000
5.64,4,0.1252287210942237350284849812,0.148028997529733,0.139982661933348,0.125841059363832,0.117775075435994,0.313470486604554,0.3224715851359435552828564385,0.3060433668830979552828564385,0.0164282182528456,4.6190650121781593313316974188,61.581370816132378303698051873,61.581370414446242435371088892,446535700
5.65,4,0.1250867112237481355256486114,0.147870012951984,0.139857477001912,0.12569835509931,0.117666253353076,0.313240287119756,0.3222332139461376193165282617,0.3058049956932920193165282617,0.0164282182528456,4.6156505963948113313316974183,61.56791272593711412329772274,61.567912323376170168820599185,447327500
5.66,4,0.1249450791259625875506662051,0.147711435315856,0.139732527737737,0.125556030454696,0.117557639197472,0.313010477073707,0.3219952476857447948794552058,0.3055670294328991948794552058,0.0164282182528456,4.612241980798056331331697418,61.554410478223524593601051892,61.554410074785087893859749992,448119200
5.67,4,0.1248038227455034971648968054,0.147553259861512,0.139607810479634,0.125414083364575,0.117449232005098,0.312781017929673,0.3217576476565124908931341898,0.3053294294036668908931341898,0.0164282182528456,4.6088386110762573313316974176,61.540858496370456561052961091,61.540858092051551466152442724,448910900
5.68,4,0.1246629405409116140383549782,0.147395488183892,0.139483327912629,0.125272512279951,0.117341031319704,0.312551954625909,0.3215204588745273706184382921,0.3050922406216817706184382921,0.0164282182528456,4.6054411320373583313316974187,61.527259987732393543931093952,61.527259582530235522681318986,449702700
5.69,4,0.1245224304375483747659155294,0.147238115639661,0.139359076474982,0.125131315116041,0.117233036140744,0.312323250570589,0.3212836445886429116625581255,0.3048554263357973116625581255,0.0164282182528456,4.6020490172599623313316974187,61.513612980481407400376476766,61.513612574393077807486017708,450494400
5.70,4,0.1243822797132139495886384820,0.147081137190485,0.139235052201541,0.124990479088437,0.117125234759614,0.312095016909116,0.3210473153969246234252245153,0.3046190971440790234252245153,0.0164282182528456,4.5986638509446633313316974189,61.499941838538106071307449147,61.499941431561872740029925383,451286100
5.71,4,0.1242424774972809665971481191,0.146924529231904,0.139111232552699,0.124849993273357,0.117017617319984,0.311867072606362,0.3208112891329522791453552132,0.3043830708801066791453552132,0.0164282182528456,4.5952830237496993313316974189,61.486212572199851521928206215,61.486212164332285479644719295,452077900
5.72,4,0.1241030611008296783077813782,0.146768338623372,0.138987665444505,0.124709895164322,0.116910222374549,0.31163955021823,0.3205757013721845603190319590,0.3041474831193389603190319590,0.0164282182528456,4.5919084776504673313316974186,61.472453882019168129288481764,61.472453473258246510769330221,452869600
5.73,4,0.1239639884483221851559075252,0.146612523023576,0.138864309584052,0.124570142480057,0.116803008693003,0.311412450289284,0.3203405497774102248961507824,0.3039123315245646248961507824,0.0164282182528456,4.5885401791688823313316974185,61.458656816959138300992232032,61.458656407302447982299902719,453661300
5.74,4,0.1238252783491071320210152637,0.146477503462595,0.138761587041724,0.124430754121882,0.116695996219509,0.311477536121074,0.3203983115010588133996929196,0.3036775458884228133996929196,0.016720765612636,4.5893640330748297710496285322,61.45348428739806415212014784,61.453476592664160309103370008,454453100
5.75,4,0.1236869178582007325641527219,0.146357850922993,0.138674069832352,0.124291717081516,0.116589172980573,0.311757355556307,0.3206713444182933642553972999,0.3034431412637505642553972999,0.0172282031545428,4.5932749292822889005363685475,61.454627144701089132710958832,61.45461943213198817957212083,455244800
5.76,4,0.1235489063955652566976579043,0.146238579108546,0.138586772684014,0.124153030776085,0.116482539420127,0.312037602858454,0.3209448195108613724084386685,0.3032091788144124724084386685,0.0177356406964489,4.5971921591848610300231085635,61.455790596454972364814121943,61.455782866114555256635411036,456036500
5.77,4,0.1234112504110922083596573111,0.14611969044003,0.138499699033902,0.124014701687019,0.116376103038498,0.312318219660053,0.3212186787932474626055659925,0.3029756005548924626055659925,0.018243078238355,4.6011148922012101595098485791,61.456929719620726927483353245,61.456921971534851358795121694,456828300
5.78,4,0.1232739293477078003397967844,0.146001163990436,0.138412828963603,0.123876709156725,0.116269844189151,0.312599202759127,0.3214929176818363977063937684,0.3027424019015752977063937684,0.0187505157802611,4.6050430626758857213922863146,61.458041329368746637108825033,61.458033563560359345650570987,457620000
5.79,4,0.1231369605601618439876803663,0.145883022723723,0.138326186437925,0.123739070624813,0.116163781314989,0.312880630478561,0.3217676159804231337255777482,0.3025096626582552337255777482,0.0192579533221679,4.608977813714034850879026329,61.459149502009094788147460637,61.45914171852258329560495722,458411700
5.80,4,0.1230003323018514060555410396,0.145765249294962,0.138239755105107,0.123601774287243,0.116057903607565,0.313162423922712,0.3220426938449084923087287924,0.3022773029808345923087287924,0.0197653908640739,4.6129180016332049803657663445,61.460201900237191078490355533,61.460194099071950815650185002,459203500
5.81,4,0.1228640328311937186348558295,0.14564783214089,0.138153524387445,0.123464808345018,0.11595220025585,0.313444586805827,0.3223181542426289336811930850,0.3020453258366489336811930850,0.02027282840598,4.6168636689373471098525063601,61.461261852813122877712683919,61.461254034020417005571238676,459995200
5.82,4,0.1227280801257461835831931794,0.14553079015577,0.138067514157223,0.123328190863602,0.115846690305715,0.313727130281058,0.3225940096857890977455230729,0.3018137437379029977455230729,0.0207802659478861,4.6208149948505922393392463765,61.46230852838284590774045709,61.46230069199702402756175074,460786900
5.83,4,0.1225924618515900707614717890,0.145414111571545,0.137981713616932,0.123191909448765,0.115741362335848,0.314010063668024,0.3228702687181077063191627100,0.3015825652283148063191627100,0.0212877034897929,4.6247721017526863688259863911,61.463338892692218259366984621,61.463331038745175337675162674,461578600
5.84,4,0.1224571668822942210342815216,0.145297789277594,0.13789611661909,0.123055952919672,0.115636206130905,0.314293445496613,0.3231469892980725923092103504,0.3013518482663735923092103504,0.021795141031699,4.6287358198378445250826104468,61.464328062272543479041311261,61.464320190776845932329675323,462370400
5.85,4,0.1223222123116038813557288661,0.145181830487212,0.137810731332793,0.122920338453651,0.11553123982635,0.314577132607813,0.3234240291852460326945624982,0.3011214506116410326945624982,0.022302578573605,4.6327041116618500869650481813,61.465317299783589634600979657,61.465309410782327798953986822,463162100
5.86,4,0.1221875776052207614094620786,0.145066225784662,0.13772554929083,0.122785045415997,0.11542644373832,0.3148612860946,0.3237015484895478404092377892,0.3008915323740367404092377892,0.0228100161155111,4.6366792706303732164517881979,61.46627534261465770277240937,61.466267436128710416642179618,463953800
5.87,4,0.1220532798730535836091630310,0.144950981740324,0.137640578004902,0.122650091000281,0.115321836004004,0.315145753372034,0.3239793955217153946682830878,0.3006619418642974946682830878,0.0233174536574179,4.6406591239547689135428304931,61.467231945542354371875756429,61.467224021613522270257387159,464745500
5.88,4,0.1219192974081413982865152422,0.14483608710657,0.137555807161553,0.122515453393401,0.115217395746755,0.315430686229832,0.3242577209822842875286667756,0.3004328297829602875286667756,0.023824891199324,4.6446458302612264754252682289,61.468198078196262760687516541,61.46819013687921173121051141,465537300
5.89,4,0.1217856185083904300583992240,0.144721519838042,0.137471215642515,0.122381120836043,0.115113112136613,0.315715937916529,0.3245363770041320905659487625,0.3002040482629019905659487625,0.0243323287412301,4.6486372715092206049120082436,61.469096345557247164874954119,61.469088386838006859773841737,466329000
5.90,4,0.1216522711833109771364478729,0.14460731903196,0.137386843465085,0.122247121474677,0.11500901424237,0.316001663987913,0.3248155215555874471387525281,0.2999757552724512471387525281,0.0248397662831362,4.6526357104283833020030505401,61.470038955205958401579362718,61.470030979168431319935625954,467120800
5.91,4,0.1215192437404865911823617343,0.144493462215967,0.137302669070025,0.122113443559713,0.114905091229785,0.31628771144773,0.3250950005091895098701864801,0.2997477966841466098701864801,0.0253472038250429,4.6566389393054568638854882753,61.470919716627360822261427045,61.470911723262284097643964449,467912400
5.92,4,0.1213865339058225138968728605,0.144379957354903,0.137218701328398,0.121980084805937,0.114801341722082,0.316574226894999,0.3253749607256649236148759956,0.2995203193587158236148759956,0.0258546413669491,4.66064906176540599337222829,61.471842230789291925141043192,61.471834220178222841864135374,468704200
5.93,4,0.1212541205790035190882378402,0.14426677407898,0.137134910769811,0.121847024009858,0.114697745417359,0.316861079923129,0.3256552700603358926460188183,0.2992931911514807926460188183,0.0263620789088551,4.6646641849751471228589683064,61.472697248145104208919835635,61.472689220273957169301374267,469495900
5.94,4,0.1211220212092304592931400295,0.144153934056395,0.137051319955081,0.121714278705999,0.114594320744939,0.317148328971681,0.3259359883841697786256284518,0.2990664719334085786256284518,0.0268695164507612,4.6686851665231108199500106015,61.473587184426214025889538827,61.473579139368907933457743515,470287700
5.95,4,0.1209902341202315675850679663,0.144041432090163,0.136967924573131,0.121581847209891,0.114491066908426,0.317435923806188,0.3262170652843431909055986002,0.2988401112916751909055986002,0.027376953992668,4.6727112842987893818324483365,61.474418008731231417488035392,61.474409946480544432461329138,471079400
5.96,4,0.1208587479297179603592754998,0.143929265500828,0.136884722823758,0.121449718083591,0.114387973351275,0.317723990016806,0.3264986259195045848920882648,0.2986142343849305848920882648,0.027884391534574,4.6767443310677815113191883516,61.475289260873011154808732354,61.475281181509375341336491456,471871100
5.97,4,0.1207275601070864325016269106,0.143817422893642,0.136801704184878,0.121317888784119,0.114285038405302,0.318012401045133,0.3267805433055587573327615178,0.2983887142290786573327615178,0.0283918290764801,4.6807824879169056675758124069,61.47610857289085408696619353,61.476100476412770893976422911,472662800
5.98,4,0.1205966789872065270157359343,0.14370591647518,0.13671888172919,0.121186367687101,0.114182271314371,0.318301211323248,0.3270628726538964450990782513,0.2981636060355102450990782513,0.0288992666183862,4.6848265456910607970625524233,61.476960487042553097029750845,61.476952373521943770402928229,473454600
5.99,4,0.1204660931989363551319879110,0.143594736946263,0.136636247017159,0.121055143365794,0.114079661513484,0.318590451615627,0.3273456440653395719639311297,0.2979389399050465719639311297,0.029406704160293,4.688876935552760926549292439,61.477768533874071842598850219,61.477760403318077271555154633,474246300
6.00,4,0.1203358005248492595743830418,0.143483875749112,0.136553792344232,0.120924213591927,0.113977207629679,0.318880031424261,0.3276287667248872746333745803,0.2977146250226882746333745803,0.029914141702199,4.6929323566729610560360324539,61.478563055288178364362765941,61.478554907727541598947179416,475038000
6.01,4,0.1202082517021097641621447700,0.143375795060782,0.136473980734324,0.12079604108618,0.113877373232562,0.319169856915634,0.3279123188394586254463168796,0.2974907395953535254463168796,0.0304215792441051,4.6969939292832461855227724697,61.479383923902132891355134938,61.479375759403773500510507278,475829800
6.02,4,0.1200838248644542873813312064,0.1432708691522,0.13639718729891,0.120671005831272,0.113780539147454,0.319459833079233,0.3281962317964363751345701466,0.2972672150104251751345701466,0.0309290167860112,4.7010606705802717474052102054,61.480160048805807948080032129,61.480151867373598995560404544,476621500
6.03,4,0.1199597486576726912253228571,0.143166324650012,0.136320639498933,0.120546322921738,0.113683921305224,0.319750222024652,0.3284805736643795214259142102,0.2970441193364615214259142102,0.031436454327918,4.70513355557431187689195022,61.480935026453681702118755994,61.480926828130624972606387593,477413200
6.04,4,0.1198360314769975725787869274,0.143062170980837,0.136244347589106,0.120422000793862,0.113587528972273,0.320041037561812,0.3287653589349026796049693024,0.2968214670650785796049693024,0.0319438918698241,4.7092127918424770063786902362,61.481746670159796845220907982,61.481738455022065596177380785,478205000
6.05,4,0.1197126528401233835612834445,0.142958382132682,0.136168286379386,0.120298018865184,0.113491342390098,0.320332202706051,0.3290505090537051639592238401,0.2965991796419749639592238401,0.0324513294117302,4.7132972541772841358654302507,61.482510895516999443374782682,61.482502663565800165359653839,478996700
6.06,4,0.1195896311551956131394058044,0.142854976069215,0.136092474649303,0.120174395633862,0.113395380874709,0.320623709110815,0.3293360170045595115602869157,0.2963772500509233115602869157,0.0329587669536362,4.7173868420786792653521702661,61.483254406763437491590387585,61.483246158022764014109091309,479788400
6.07,4,0.1194669456519536467347968832,0.142751938723346,0.136016899141584,0.120051110228073,0.11329962436608,0.320915654760514,0.3296219796084089526082164507,0.2961557751128659526082164507,0.033466204495543,4.7214829424045033948389102821,61.484007757149702444066699181,61.483999491672469719664272538,480580200
6.08,4,0.1193446053378309917552313442,0.142649277668343,0.135941568233332,0.119928171699294,0.113204082721484,0.321208018143516,0.3299083759903810251518179470,0.2959347339529319251518179470,0.0339736420374491,4.7255852561442555243256502981,61.48479324635545392819287654,61.484784964213623451332302796,481371900
6.09,4,0.1192226194478201733347512737,0.142546998613433,0.13586648843167,0.119805589327676,0.113108766020919,0.32150074781333,0.3301951552832180290480780558,0.2957140757038629290480780558,0.0344810795793551,4.729693054678133086208088033,61.485541185115210347183680868,61.485532886318450730524738848,482163600
6.10,4,0.1191009664155519229970389526,0.142445078199171,0.135791637169173,0.119683341441395,0.113013653386513,0.32179382033729,0.3304822925371128285996272854,0.2954937754158516285996272854,0.0349885171212612,4.7338059806264782424647120876,61.486274362392659360677877982,61.486266046969792295601967848,482955300
6.11,4,0.1189796457744801766087302574,0.142343522709684,0.135717021516151,0.119561427571624,0.112918745137542,0.32208733224852,0.3307698845432379238894058716,0.2952739298800699238894058716,0.035495954663168,4.7379254204206833719514521032,61.487016362825152355928376704,61.487008030828021142118281609,483747100
6.12,4,0.1188586659708093567335529487,0.142242334529752,0.135642644637792,0.119439856205865,0.112824050543821,0.322381195923085,0.3310578441118987393606056960,0.2950544519068246393606056960,0.0360033922050741,4.7420501251603995014381921192,61.487750748815650055399720319,61.487742400279452724984028386,484538800
6.13,4,0.1187380262729928422658734261,0.142141515172233,0.13556850882162,0.119318626608997,0.112729569646789,0.322675443480067,0.3313462034435065406595907083,0.2948353736965263406595907083,0.0365108297469802,4.7461805560825326309249321348,61.48847537200726165846308559,61.488467006965993424552230464,485330600
6.14,4,0.1186177356809624107848350169,0.14204107575965,0.135494625959153,0.119197747824958,0.112635312261255,0.322970104275022,0.3316349926516183587373963579,0.2946167253627320587373963579,0.0370182672888863,4.7503171445320123280159744295,61.489203633977561107060453493,61.489195252477747887337090102,486122300
6.15,4,0.1184977631990281782389660152,0.141940982417128,0.135420962938872,0.119077188706498,0.112541248005189,0.323265140335404,0.3319241715464460545360804344,0.2943984667156529545360804344,0.0375257048307931,4.7544593148325228898984121654,61.489965871513423301329836511,61.48995747362747379103761582,486914000
6.16,4,0.1183781281033448427268444396,0.141841254077324,0.13534753945121,0.118956968624025,0.112447397008626,0.323560544671673,0.3322137345290087791984643383,0.2941805921563095791984643383,0.0380331423726992,4.7586069867845870193851521805,61.490682433826662228924271884,61.490674019556128869144955019,487705700
6.17,4,0.1182588288710652841817060728,0.141741889988697,0.135274355496862,0.118837086047247,0.112353758495347,0.323856328421312,0.3325036927097106111282285872,0.2939631127951054111282285872,0.0385405799146052,4.7627603195330131488718921968,61.491401082469853737437681616,61.491392651858842828404847258,488497500
6.18,4,0.1181398547879030899089344991,0.141642882172124,0.135201403843454,0.118717530209488,0.112260322447247,0.324152531771962,0.3327940856737898127926752183,0.2937460682172785127926752183,0.0390480174565113,4.7669198800945692783586322124,61.492124902852720031318174265,61.492116455949052544079679447,489289200
6.19,4,0.1180212146106693042196078592,0.141544231879249,0.135128686483938,0.118598309910376,0.112167098407075,0.324449046423288,0.3330848055237479967061414348,0.2935293505253298967061414348,0.0395554549984181,4.7710841229514274078453722273,61.492836396684736995588414709,61.492827933517789143711575575,490080900
6.20,4,0.1179028978958244483688137749,0.141445938141889,0.135056203186044,0.118479414655307,0.112074076617934,0.324746008924479,0.3333759884599444279784739157,0.2933130959196203279784739157,0.0400628925403241,4.7752549990300475373321122429,61.493556061664241349159012251,61.493547582285158726549588173,490872600
6.21,4,0.1177849034078536951293731330,0.14134799451495,0.134983948235242,0.118360843202723,0.111981256570616,0.325043344853761,0.3336675598432689177458195143,0.2930972297610387177458195143,0.0405703300822302,4.7794314392039166668188522589,61.494274555244798679993328477,61.494266059694400514637259526,491664400
6.22,4,0.1176672501812022752420350916,0.141250419892826,0.134911941251187,0.118242614680144,0.111888658119672,0.325341050158642,0.3339595169996965547213785363,0.2928817493755602547213785363,0.0410777676241363,4.7836134051704507963055922737,61.494993035101356203172611909,61.494984523421379466954423705,492456100
6.23,4,0.1175499069931977795989081427,0.141153184124828,0.134840152803191,0.118124697712227,0.111796250611519,0.32563914339776,0.3342518763896791229969439167,0.2926666712236360229969439167,0.0415852051660431,4.7878011327082553849579140485,61.495714068152660069958273409,61.495705540387527089857741266,493247800
6.24,4,0.1174328934102893242160673642,0.141056310534962,0.134768606930053,0.118007111961095,0.111704054424818,0.325937676201915,0.3345446911951057194852626464,0.2924520484871565194852626464,0.0420926427079492,4.7919953835917755144446540641,61.496439904565979866176551174,61.496431360763461005841630058,494039600
6.25,4,0.1173161979577154916813954719,0.140959778605174,0.13469728382334,0.117889845895878,0.111612058740053,0.3262365204014,0.3348378321767205591732916307,0.2922377519268652591732916307,0.0426000802498553,4.7961943066050352115356963595,61.497159224771863758600170015,61.49715066496614854020190879,494831300
6.26,4,0.1171998099480778456708375880,0.140863582714866,0.134626178566952,0.11777288877692,0.111520253523786,0.326535749527951,0.3351313723442074585677414891,0.2920238545524461585677414891,0.0431075177917613,4.8003989475347267734181340953,61.497842289942067703357095711,61.497833714142140986528439747,495623000
6.27,4,0.1170837584367884621105970336,0.140767751913355,0.134555320909623,0.117656269801705,0.111428668674626,0.326835360394177,0.3354253105931092439989244020,0.2918103552594410439989244020,0.0436149553336682,4.8046092905606479029048741102,61.498562731677249722604033131,61.498554139958745812362950392,496414800
6.28,4,0.1169680224834014698319173539,0.140672264902838,0.134484690247928,0.117539967927395,0.111337283845808,0.327135350040182,0.3357196425335161303146377354,0.2915972496579419303146377354,0.0441223928755742,4.8088252728020000323916141268,61.499288287712566345553478499,61.49927968012180935768698529,497206500
6.29,4,0.1168526011515950800019834728,0.140577122090387,0.134414287678323,0.11742398221309,0.1112460987875,0.327435737727504,0.3360143874565304109015948932,0.2913845570390502109015948932,0.0446298304174802,4.8130471705834561618783541411,61.500010052002589844872395721,61.500001428578216781708971652,497998200
6.30,4,0.1167374835091539538490588534,0.140482310974896,0.134344101384131,0.117308301673117,0.111155103200131,0.327736502120204,0.3363095232538983708208955917,0.2911722552945120708208955917,0.0451372679593863,4.8172746672276072913650941567,61.500742812484916817200325694,61.500734173278446876379937422,498790000
6.31,4,0.1166226883733562267543261554,0.140387851461734,0.134274151950245,0.117192945216767,0.111064316674172,0.328037656755047,0.3366050648653389501390017657,0.2909603593640458501390017657,0.0456447055012931,4.8215079767301554208518341722,61.501470207805528328748389581,61.501461552853858693141890747,499581700
6.32,4,0.1165082053301610306060255237,0.140293733205252,0.134204429705663,0.117077902379078,0.110973729420957,0.32833920365653,0.3369010136358019591349346718,0.2907488705926027591349346718,0.0461521430431992,4.8257471183561075503385741879,61.502210443776072770002127092,61.502201773132807724816416666,500373400
6.33,4,0.1163940228045708820128826062,0.14019993884241,0.134134917957166,0.116963161528453,0.110883330480347,0.328641061220548,0.3371972869955059567035757016,0.2905377064104006567035757016,0.0466595805851053,4.8299909093804571122210119237,61.502906621052137837494557026,61.502897934716414982658510287,501165100
6.34,4,0.1162801706805748422424234780,0.140106509791838,0.134065658788422,0.116848752695005,0.110793150549115,0.328943391215318,0.3374940492542183685742707680,0.2903270311272070685742707680,0.0471670181270113,4.8342417033672528093120542197,61.503654298589678076084684601,61.503645596652639024830616101,501956900
6.35,4,0.1161666073945153856625789016,0.140013392808486,0.133996599614663,0.116734634111843,0.110703148522266,0.329246030907861,0.3377911344072389312298093595,0.2901166787383208312298093595,0.0476744556689181,4.8384971224743113711944919544,61.504392831668446162595406697,61.504384114161162835661677874,502748600
6.36,4,0.1160533622913781216394701309,0.139920623660441,0.13392777685956,0.11662083526744,0.110613354545455,0.329549069025258,0.3380886335063031847153692461,0.2899067402954788847153692461,0.0481818932108243,4.8427584709216995274511160094,61.50513876468271578503352449,61.505130031653858634795355719,503540400
6.37,4,0.1159404242174830947103078089,0.139828190993594,0.133859179819912,0.116507344953578,0.110523758062964,0.329852503827049,0.3383865440685728067212427532,0.2896972133158425067212427532,0.0486893307527303,4.8470257131453536569378560252,61.50586897756091576480959507,61.505860229037603406001556582,504332100
6.38,4,0.1158277827730197993533536210,0.139736079010264,0.133790793344319,0.116394152719595,0.11043434927199,0.330156259167037,0.3386847890764307894073955600,0.2894880207817936894073955600,0.0491967682946371,4.8512977459491687864245960412,61.506613679204621962096387218,61.506604915239883140720807522,505123800
6.39,4,0.1157154465633148955573487055,0.139644301705548,0.133722632069573,0.116281267212894,0.110345137463197,0.330460411173972,0.3389834454941907965657645907,0.2892792396576475965657645907,0.0497042058365432,4.8555756717657529159113360567,61.50736580147096281412075627,61.507357022113302709335405302,505915500
6.40,4,0.1156034251932286289880048210,0.139552869616265,0.133654707169628,0.116168698085302,0.110256132927105,0.330764972122225,0.3392825263457820027193121903,0.2890708829673328027193121903,0.0502116433784492,4.8598596771491410453980760719,61.508101739517400972323707745,61.508092944793634830007090524,506707300
6.41,4,0.1154916872791234120991388543,0.139461747442707,0.133586983977406,0.116056413799723,0.110167304760789,0.33106988926102,0.3395819765906709629781413276,0.2888628956703156629781413276,0.0507190809203553,4.864148973701763174884816087,61.50887275473565415845233353,61.508863944718880226551640921,507499000
6.42,4,0.1153802621847620711732812540,0.139370966048899,0.133519493985082,0.1159444438635,0.110078683101278,0.331375180917441,0.3398818167080839701358865398,0.2886552982458225701358865398,0.0512265184622614,4.8684438547669293043715561031,61.509646148638420475277976483,61.509637323371813880609983401,508290700
6.43,4,0.1152691287847381459552227857,0.139280503891202,0.133452216272725,0.11583276704793,0.109990247345101,0.331680843285423,0.3401820414419244241944193165,0.2884480854377562241944193165,0.0517339560041682,4.8727442450565914338582961177,61.510390929377386250723293263,61.510382088874886937313340253,509082400
6.44,4,0.1151583066931277569207992068,0.139190380715817,0.133385171205848,0.115721403062997,0.109902017823064,0.331986876151285,0.3404826519996591294078336309,0.2882412584535848294078336309,0.0522413935460743,4.8770501618664575633450361342,61.511170641451793333837900965,61.511161785786850682325325905,509874200
6.45,4,0.1150477545480544122664384167,0.139100556900689,0.133318319777336,0.115610310344574,0.109813953587485,0.332293308696404,0.3407836747705810359180308821,0.2880348436826007359180308821,0.0527488310879803,4.8813619831952966928317761492,61.511963162157477211753371987,61.511954291383530436668869668,510665900
6.46,4,0.1149375219681505478219447373,0.139011080090595,0.133251710242584,0.115499538753917,0.109726105111725,0.33260010743977,0.3410850797213665890486447315,0.2878288110914794890486447315,0.0532562686298871,4.8856792788474248223185161642,61.512731380141480134158797607,61.512722494276215124659213572,511457600
6.47,4,0.1148275776022782940400460617,0.138921918486358,0.133185311408734,0.115389056786589,0.10963844149915,0.332907269224152,0.3413868615265692235003551565,0.2876231553547759235003551565,0.0537637061717933,4.8900019725414589518052561797,61.513534548389044339947910038,61.513525647505778246497244237,512249300
6.48,4,0.1147179305914080822694739040,0.138833081431587,0.133119133221458,0.115278873628258,0.109550972538959,0.333214795945352,0.3416890227711497893911809520,0.2874178790574504893911809520,0.0542711437136993,4.8943301013042415404575779552,61.514307885988740948429325695,61.514298970099752900568479666,513041100
6.49,4,0.1146085605609242431965676581,0.138744547692483,0.1330531550448,0.11516896880468,0.109463678356211,0.333522677414401,0.3419915518514663350575839705,0.2872129705958609350575839705,0.0547785812556054,4.8986634989258162375486202505,61.515116849804953819142888345,61.51510791898394062103460735,513832800
6.50,4,0.1144994860289813374681182480,0.138656339036817,0.132987399240181,0.11505936092456,0.109376578154713,0.333830958116682,0.3422944947043921678935899571,0.2870084759068807678935899571,0.0552860187975114,4.9030028234034427994310579866,61.515938399578023281173590528,61.5159294538781823705212429,514624500
6.51,4,0.1143907169186690242095643155,0.138568463999114,0.13292187493163,0.114950059959508,0.109289682497015,0.334139617111519,0.3425978310767215143598096309,0.2868043747373033143598096309,0.0557934563394182,4.9073477846313009289177980015,61.516737861585755832036842754,61.516728901026780798892843077,515416300
6.52,4,0.1142822117586384420786577119,0.13848088053812,0.132856540663271,0.114841024235392,0.109202950295795,0.334448650563156,0.3429015542502273564299089341,0.2866006603689030564299089341,0.0563008938813243,4.9116982863779000584045380175,61.517572129048729994227351276,61.517563153704172073867886862,516208000
6.53,4,0.1141740097085101475299528008,0.138393624787293,0.132791433149859,0.114732293103312,0.109116421484868,0.334758011042357,0.3432056194722994724821198028,0.2863972880490690724821198028,0.0568083314232304,4.9160536876093081878912780324,61.518382015905948003696551667,61.518373025791845892171040157,516999700
6.54,4,0.1140660904047391839345317122,0.138306681715092,0.132726537937097,0.114623846100151,0.109030076179772,0.335067776898507,0.3435101038931874912476895236,0.2861943349280502912476895236,0.0573157689651372,4.9204150934214397497737157684,61.519229226491390256965362343,61.519220221684546711259579802,517791500
6.55,4,0.1139584525381543625395545369,0.138220045683572,0.132661849960268,0.114515681910336,0.108943913639561,0.335377886324647,0.3438149455031940120229698988,0.2859917389961508120229698988,0.0578232065070432,4.9247816155908244468647580639,61.520050260911743537447909415,61.520041241426737805783932685,518583200
6.56,4,0.1138511055144700827863348062,0.138133728802608,0.132597381898487,0.114407809985574,0.108857943886571,0.335688376964503,0.3441201827387979915758629084,0.2857895386898486915758629084,0.0583306440489493,4.9291538046794595763514980784,61.520889676604606840014369145,61.520880642499528912618594144,519374900
6.57,4,0.1137440385057203500610072955,0.138047719267615,0.132533122512459,0.114300219444951,0.10877215660656,0.335999235949392,0.3444258019786485317764415955,0.2855877203877931317764415955,0.0588380815908554,4.933531465575867138233935815,61.521754641287200712119133675,61.521745592626699941888662801,520166700
6.58,4,0.1136372506875662497288996651,0.137962016910081,0.132469072195037,0.114192909460099,0.108686551533896,0.336310472705371,0.3447318126532477865167380063,0.2853862935204855865167380063,0.0593455191327622,4.9379147333620272677206758306,61.522608852989053690565698501,61.522599789803157163564785588,520958400
6.59,4,0.1135307410063590136357887505,0.137876618874354,0.132405228648053,0.114085878972217,0.108601128168621,0.336622061534274,0.3450381889667145098382835800,0.2851852322920462098382835800,0.0598529566746683,4.9423032385391789648117181259,61.523493098272788848975668833,61.52348402063006414238755714,521750100
6.60,4,0.1134245088793291078075070805,0.137791524678179,0.132341591942874,0.113979127395684,0.10851588648009,0.336934003896033,0.3453449323804050672291810931,0.2849845381638306672291810931,0.0603603942165744,4.9466970020397045266941558608,61.524354428238746711652222243,61.524345336156781895436024761,522541900
6.61,4,0.1133185734929108947530198802,0.13770675571107,0.132278184018811,0.113872674010754,0.108430846299697,0.337246329242726,0.3456520738050612501688227642,0.2847842420465808501688227642,0.0608678317584804,4.9510964666273726829507799156,61.525257347036906049039945262,61.525248240596294526872841372,523333600
6.62,4,0.1132128940371007143920368906,0.137622269966768,0.132214963415612,0.113766477807871,0.108345967165224,0.337559024714774,0.3459595975203074505626942802,0.2845843282199201505626942802,0.0613752693003873,4.955501407124356812437519932,61.526141981304808073538334512,61.526132860527840701876497415,524125300
6.63,4,0.1131074994753874414753813589,0.137538095864419,0.132151959094663,0.113660567892148,0.108261278725349,0.337872079448088,0.3462674947087650163400707948,0.2843847878664717163400707948,0.0618827068422933,4.9599116972310469419242599464,61.527034164688089309776736315,61.527025029621798402719518016,524917100
6.64,4,0.1130023794656583486491876961,0.1374542229818,0.13208916117225,0.113554933870902,0.108176771127214,0.338185493345492,0.3465757645840414577376764817,0.2841856201998420577376764817,0.0623901443841994,4.9643273256831860714109999625,61.527933220929652717593791733,61.52792407162034245241955273,525708800
6.65,4,0.1128975425204549568240382421,0.137370660531108,0.132026579395377,0.113449584298299,0.108092453461097,0.338499275481141,0.3468844168781030954777475462,0.2839868349519976954777475462,0.0628975819261054,4.9687484318809262008977399775,61.528869645413212033337548984,61.528860481937094521258343932,526500500
6.66,4,0.1127929585318859063052206850,0.137287376944892,0.131964182727726,0.113344488919228,0.108008296004317,0.338813408107102,0.3471934317212665757653130894,0.2837884122532543757653130894,0.0634050194680122,4.9731747312120053303844799931,61.529781988294103518917809682,61.529772810667071824459908368,527292200
6.67,4,0.1126886661043009142386276947,0.137204411890296,0.131902011363933,0.113239686526803,0.107924338078769,0.339127902331006,0.3475028229979420386996209902,0.2835903659880237386996209902,0.0639124570099183,4.9776064225559704598712200082,61.530710657079435331545780266,61.530701465357060106154122563,528084000
6.68,4,0.1125846351971404610290135539,0.137121736624754,0.13184003708531,0.113135146933575,0.10784055002216,0.339442779833199,0.3478126103672253841777890017,0.2833927158154009841777890017,0.0644198945518244,4.9820437875086175893579600237,61.531674899068985491621457029,61.531665693326176336948191274,528875700
6.69,4,0.1124808741986142259030148377,0.137039355874139,0.131778265138024,0.11303087856877,0.107756940785282,0.339757987322497,0.3481227410337031680156046770,0.2831954089399726680156046770,0.0649273320937305,4.9864860698313547188447000392,61.53261522090219107137629098,61.532606001154303449164974164,529667400
6.70,4,0.1123773930062510006323461554,0.13695728327121,0.131716709671575,0.112926891378312,0.10767352083206,0.340073577139659,0.3484332681976532119165547944,0.2829984985620159119165547944,0.0654347696356373,4.9909340315620188483314400549,61.5335715341540255348457807,61.533562300456781380296713693,530459100
6.71,4,0.1122741603903473199284675575,0.136875484444723,0.131655336827931,0.112823153979793,0.107590259294552,0.340389507602371,0.3487441479164799852610604525,0.2828019407389363852610604525,0.0659422071775436,4.9953870432693138426095755109,61.534558484788250645404117549,61.534549237210650894761008387,531250900
6.72,4,0.1121712058014654015516066864,0.13679399161448,0.131594179336608,0.11271969596778,0.107507186278284,0.3407058151841,0.3490554188578994796557114558,0.2826057741384499796557114558,0.0664496447194495,4.9998456588274606749092223666,61.535533177595043500916274525,61.535523916164963111255491448,532042600
6.73,4,0.1120685184677039303195997752,0.136712791798164,0.131533224721533,0.112616506517701,0.107424291466164,0.341022469370268,0.3493670497113795302925178943,0.2824099674500240302925178943,0.0669570822613555,5.0043094297461425607486373014,61.536517808324790079362020905,61.536508533091070193649985761,532834300
6.74,4,0.1119660973980962745772095641,0.136631885096958,0.131472473586692,0.112513584633744,0.107341574366411,0.341339485848257,0.3496790561682188731038771873,0.2822145363649567731038771873,0.0674645198032621,5.0087785807866103930482841562,61.53750861603906812106890582,61.537499327047149918340753088,533626000
6.75,4,0.1118639320512551187273785463,0.136551259990779,0.131411914911389,0.112410919722976,0.107259024886698,0.341656851694199,0.3499914245672670160924860696,0.2820194672220990160924860696,0.067971957345168,5.0132529162673448197221173327,61.538516340393311231707237906,61.538507037698948913180585444,534417800
6.76,4,0.1117620316653410172591928773,0.136470927201046,0.131351559913045,0.112308521068729,0.107176652807571,0.341974587114811,0.3503041758485061780210379194,0.2818247809614315780210379194,0.0684793948870746,5.0177327361314610844174619077,61.539551549216592931839140555,61.539542232886513594950448455,535209500
6.77,4,0.1116603854818409043494907564,0.136390875213014,0.131291397569554,0.112206377859886,0.107094447811753,0.342292682390856,0.3506172995475116564101022822,0.2816304671185310564101022822,0.0689868324289806,5.0222178904871409167171087633,61.540577538631019587062422654,61.540568208695377671358323329,536001200
6.78,4,0.1115590125257900207949405586,0.136311121129774,0.131231445473314,0.112104509214508,0.107012429507809,0.342611108005068,0.3509307674461050621183688113,0.2814364974752178621183688113,0.0694942699708872,5.0267079751387467757866396589,61.541610580032266290430948446,61.541601236536514434490342581,536793000
6.79,4,0.1114578922663672612169487622,0.136231647323318,0.131171686482316,0.112002894501384,0.106930577751713,0.342929907591727,0.3512446218765066713576566191,0.2812429143637134713576566191,0.0700017075127932,5.0312035964506656080862865136,61.542650837357102068157475992,61.542641480347948065942466441,537584700
6.80,4,0.1113570339549382945823810292,0.136152462213677,0.13111212949931,0.111901543017116,0.106848902323966,0.343249068256881,0.3515588505971998976415682858,0.2810497055425000976415682858,0.0705091450546998,5.0357045790760900347601196892,61.543707878593521735518362784,61.543698508126856911422303857,538376400
6.81,4,0.1112564366283461109521176488,0.13607356298164,0.131052772184553,0.111800453793838,0.106767402737338,0.343568563525354,0.3518734270342882441632928460,0.2808568444376825441632928460,0.0710165825966057,5.0402105423719942994554642651,61.544772552404512272315095959,61.5447631685264063104747664,539168200
6.82,4,0.1111560897635652554324255204,0.135994941285321,0.130993606672393,0.111699616257069,0.106686068894747,0.343888425660683,0.3521883828240364344041818582,0.2806643626855241344041818582,0.0715240201385123,5.0447219394944847261292974402,61.545849181605606283877222147,61.545839784367255401645379565,539959900
6.83,4,0.1110560026217044904716274248,0.135916604206305,0.130934640517451,0.111599039713202,0.106604910576776,0.344208622488588,0.3525036863975229948184046678,0.2804722287171047948184046678,0.0720314576804182,5.0492383182520759908246420157,61.546959213218509000106368468,61.546949802691742112023049151,540751600
6.84,4,0.1109561641046309278775337696,0.135838543051036,0.130875865496025,0.111498713009838,0.106523917102028,0.344529189528748,0.3528193726142458292713054482,0.2802804773919216292713054482,0.0725388952223242,5.0537601779702974174984751921,61.548060284638937493448071061,61.548050860854133076209478358,541543400
6.85,4,0.1108565939902515672462313859,0.135760775071484,0.130817299326789,0.111398656021593,0.106443108812963,0.344850088548896,0.3531354045710620305382429999,0.2800890718068312305382429999,0.0730463327642308,5.0582869900505426821938197667,61.549168135916025784747132301,61.549158698918239088214135642,542335100
6.86,4,0.1107572614026622849988091233,0.135683271290699,0.130758913496369,0.111298837721587,0.106362455147408,0.345171349915482,0.3534518105714594890712073292,0.2798980402653220890712073292,0.0735537703061374,5.062819159910445135637536982,61.550286349961203236557607359,61.550276899799877987579306321,543126800
6.87,4,0.1106581854018388445159106425,0.135606048805098,0.130700725561657,0.111199277262994,0.106281975720137,0.345492943514467,0.3537685617994601274537242179,0.2797073539514167274537242179,0.0740612078480434,5.0673562747914959679371838372,61.551416471765736088340630408,61.551407008491035144603399715,543918500
6.88,4,0.1105593554800256988652255286,0.135529099803654,0.130642728169022,0.111099964086678,0.106201660430527,0.345814908982368,0.3540856972820669056040983466,0.2795170518921176056040983466,0.0745686453899493,5.071898893714345800236830693,61.552551859073368958919138154,61.55254238272981043802832689,544710300
6.89,4,0.1104607909174178820769232933,0.135452442119068,0.130584939605502,0.111000917567111,0.106121529108497,0.346137223562509,0.3544031955936758615315906077,0.2793271126618205615315906077,0.0750760829318553,5.076446709779831659306361589,61.553707771178904658706269898,61.553698281825823381902207154,545502000
6.90,4,0.1103624507853200373187352875,0.135376033481006,0.130527318052081,0.110902096575464,0.106041541077637,0.34645987233528,0.3547210389338744405597771635,0.2791375184601119405597771635,0.0755835204737625,5.0809994680157894916060084447,61.554869368980963068730289464,61.554859866662166001540499245,546293800
6.91,4,0.1102643845834533168964465494,0.135299924254672,0.130469914322264,0.110803550853501,0.105961746529107,0.346782862447946,0.3550392379770878741401833537,0.2789482799614193741401833537,0.0760909580156685,5.0855573213221523506755393389,61.556043034104004681124102873,61.556033518870112989029497455,547085400
6.92,4,0.1101665496013586006571539586,0.135224073792111,0.130412688213419,0.11070523748192,0.105882102990016,0.347106227849906,0.3553578237856213817871165410,0.2787594282280469817871165410,0.0765983955575744,5.0901207146336321829751861947,61.557229562749062505826757158,61.557220034652262026919474898,547877200
6.93,4,0.1100689629215142960152887270,0.135148494046347,0.130355652120936,0.110607173626727,0.105802628069815,0.347429893361655,0.3556767222277635418760521649,0.2785708891282831418760521649,0.0771058330994804,5.0946885860916980420447170902,61.558427880572573311320228948,61.558418339661995692467672001,548668900
6.94,4,0.1099716290510137063303439107,0.135073195327699,0.130298816794561,0.110509363817054,0.105723326738137,0.347753941469134,0.3559960163383876287826318293,0.2783827456970000287826318293,0.0776132706413876,5.0992621250832618743443639455,61.559638430830572540604580384,61.559628877157949676229635504,549460700
6.95,4,0.1098745282886147136279577913,0.134998154284871,0.130242159319512,0.110411788255325,0.105644179634986,0.348078322012609,0.3563156544814908748971960554,0.2781949462981972748971960554,0.0781207081832936,5.103840591977120733413894841,61.560859811111073425014735162,61.560850244725413107302542074,550252400
6.96,4,0.1097776787278155871802869883,0.134923390362152,0.130185699573702,0.110314465123512,0.105565205377017,0.348403052378788,0.3566356553880427490946926555,0.2780075096628431490946926555,0.0786281457251996,5.1084242550746115657135416965,61.562089074051575806347921126,61.562079494999294955327932299,551044200
6.97,4,0.1096810698829790538112664757,0.134848891004747,0.130129425433097,0.110217383884704,0.10548639385913,0.34872810404844,0.3569559897625526586286637511,0.2778204064954471586286637511,0.0791355832671055,5.1130126947487533980131885531,61.563332307683893086783729232,61.563322716016836156987685914,551835800
6.98,4,0.1095847010619521638010447136,0.134774658773775,0.130073339886723,0.110120543843364,0.105407744814743,0.349053523588261,0.3572767042667874658590158301,0.2776336834577753658590158301,0.0796430208090121,5.1176065793801212570827194478,61.564585893908545185563132176,61.56457628967610074277526393,552627600
6.99,4,0.1094885713691016904045923704,0.134700689798486,0.13001743948892,0.11002394409948,0.10532925776997,0.349379268516442,0.3575977562820636855650799187,0.2774472979311449855650799187,0.0801504583509187,5.1222052985010421161522503435,61.56582906459031160807066053,61.565819447819412898432626048,553419300
7.00,4,0.1093938797220148326238469886,0.134628188128634,0.129962928711731,0.109928789433057,0.105252137928136,0.349705286288529,0.3579191774116461482583019740,0.2772612815188214482583019740,0.0806578958928247,5.1268093047949479752217812386,61.567105394411558528898043007,61.567095765174628085243614328,554211100
7.01,4,0.1093019285867582847007910654,0.134558457283113,0.129911111493556,0.109836388678907,0.105177694544584,0.350031455148485,0.3582409371542330442114428435,0.2770756037195024442114428435,0.0811653334347306,5.1314181613628558075214280937,61.568397740706005198800713627,61.568388099057070027390090176,555002800
7.02,4,0.1092102335066276288895967185,0.134489007480522,0.129859498469747,0.10974424523193,0.105103431431985,0.350357959833991,0.3585630461481945817825053282,0.2768902751715573817825053282,0.0816727709766372,5.136032020588202666590958989,61.569700289931740633440746057,61.569690635919148823811279755,555794500
7.03,4,0.1091187813644701598068811371,0.134419826058239,0.129808077391693,0.109652345910835,0.105029335824069,0.350684808193715,0.3588855113686609937612108044,0.2767053028501171937612108044,0.0821802085185438,5.1406509823823594988906058445,61.571012548283175430086737152,61.571002881954914383842982937,556586200
7.04,4,0.1090275934290549769756750058,0.134350934224107,0.129756869878537,0.109560712088389,0.104955429505909,0.351011997094016,0.3592083311976988273650309234,0.2765206851372490273650309234,0.0826876460604498,5.1452750235701639255644390199,61.572344043428793948764022631,61.572334364842670804216845599,557378000
7.05,4,0.1089366570870097018452082042,0.134282319387161,0.129705863747917,0.109469331089545,0.104881700212057,0.351339528151364,0.3595315063980413418196551774,0.2763364227956856418196551774,0.0831950836023557,5.1499041550769421902597835957,61.573681012097461923826476059,61.573671321297050401641589044,558169700
7.06,4,0.1088459823765602376142866973,0.134213990348924,0.129655068207288,0.109378213001611,0.104808158436746,0.351667382597538,0.3598550188894656439664799397,0.2761524977452032439664799397,0.0837025211442624,5.1545381179225710225594304508,61.575005024384337465191036631,61.574995321393586926656032279,558961400
7.07,4,0.1087555477235722994790835378,0.134145926780506,0.129604463331039,0.109287336144962,0.104734782904612,0.351995580477837,0.3601788872785018026273534363,0.2759689285923335026273534363,0.0842099586861683,5.1591771786259958816289613465,61.576366550827368198408252378,61.57635683572299793780555642,559753200
7.08,4,0.1086653722283300368468084776,0.134078146691868,0.129554067529774,0.109196719713278,0.104661593210959,0.352324104165981,0.3605030952660659063406799481,0.2757856990379910063406799481,0.0847173962280749,5.1638211037199957139286082027,61.577742830427313001813213228,61.57773310326199169418700771,560544900
7.09,4,0.1085754351769770945281423129,0.13401062990079,0.129503861019309,0.109106342891416,0.104588568939651,0.352652963412271,0.3608276511986305199263091699,0.2756028174286497199263091699,0.0852248337699808,5.1684700127590235729981390971,61.579129009077236741007529535,61.579119269898881298011213725,561336600
7.10,4,0.1084857568209637664476171602,0.133943396477235,0.129453864265047,0.109016226029852,0.10451573083757,0.35298215346686,0.3611525517655156352241749752,0.2754202804536282352241749752,0.0857322713118874,5.1731238583210414052977859533,61.580528646231771544794941705,61.580518895091818513092565284,562128300
7.11,4,0.1083963225060819685673454382,0.133876432896535,0.129404064135191,0.108926354402721,0.10444306457268,0.353311691994449,0.3614778136723639653583441481,0.2752381048185705653583441481,0.0862397088537934,5.1777828796967932643673168486,61.581914955922558804060890396,61.581905192845031388529388118,562920100
7.12,4,0.1083071363820880671498093468,0.133809740680033,0.129354462541398,0.108836732180072,0.104370574706299,0.353641540943831,0.3618033990940082110918486028,0.2750562526983088110918486028,0.0867471463956994,5.1824465350806476910411500232,61.583339206509518007020546636,61.583329431570780274928967153,563711800
7.13,4,0.1082181937071712756005316087,0.133743318291463,0.129305058335189,0.108747354596908,0.104298256862163,0.353971746627316,0.3621293541498309030626997368,0.2748747702122243030626997368,0.0872545839376066,5.1871154850840835501106809186,61.584780439779255113557264071,61.58477065303507676100432677,564503600
7.14,4,0.1081294957844524747158664699,0.133677162542511,0.129255848713519,0.108658222962721,0.104226112735974,0.354302244650616,0.3624556144068752531197020411,0.2746935929273626531197020411,0.0877620214795126,5.1917888067730023824103277748,61.586218460102228414628677178,61.586208661585543505676998361,565295200
7.15,4,0.1080410398765577623978462906,0.133611276299743,0.129206836925732,0.108569334526752,0.104154139960685,0.354633115414497,0.3627822602967170280804951756,0.2745128012752985280804951756,0.0882694590214185,5.1964676522448576471056723498,61.587659688542106735870335802,61.587649878294665445968937459,566087000
7.16,4,0.1079528273432693522217391925,0.13354565591799,0.12915801970696,0.108480690655432,0.104082340283957,0.354964287175443,0.3631092200228581350693156008,0.2743323234595336350693156008,0.0887768965633245,5.2011509930905710737795055253,61.589133844209289380285275149,61.589124022302046551002016624,566878700
7.17,4,0.1078648653510871148311290024,0.133474501409965,0.129103597447759,0.108392298550305,0.1040107212861,0.355212712986182,0.3633532443759123817169693004,0.2741522055727963817169693004,0.089201038803116,5.2046502873977149949116858842,61.588473744316655230775416352,61.588470945893558438339653317,567670500
7.18,4,0.1077771343158390006525909016,0.133377890967768,0.129023648715638,0.108304138531435,0.103939263663505,0.355093779817876,0.3632290239811937809186160419,0.2739724136872381809186160419,0.0892566102939556,5.2028709586909096414944672704,61.578333330329695908215911455,61.578330523198437589158953821,568462200
7.19,4,0.1076896521173687142140085030,0.133281564344199,0.128943913636386,0.108216228566095,0.103867985757342,0.354975325687379,0.3631052963610429417064609482,0.2737929670405605417064609482,0.0893123293204824,5.2010986884545063090446749114,61.56818673168374556870946731,61.568183915820479224353325694,569254000
7.20,4,0.1076024086157028209808368605,0.133185510606142,0.128864381647473,0.108128558464729,0.103796877749548,0.354857340291201,0.3629820505002640133838354794,0.2736138546175688133838354794,0.0893681958826952,5.1993333189074511060010293255,61.558064551533932687020244726,61.558061726923911580839929526,570045600
7.21,4,0.1075153927444230172991253012,0.1330897198099,0.12878504317341,0.108041117106807,0.103725928888698,0.354739840821423,0.3628593028811064178180094386,0.2734350929005112178180094386,0.0894242099805952,5.1975750861405618971549259535,61.547964140607146237723637883,61.547961307234953458807008691,570837400
7.22,4,0.1074286248330120962360758082,0.132994210616363,0.128705917240925,0.107953924921218,0.103655159970415,0.354622801255507,0.3627370288716584742254527539,0.2732566572574765742254527539,0.0894803716141819,5.195823637327709276880551114,61.537848672270146585274798641,61.537845830109098651923781121,571629100
7.23,4,0.1073420923080537834014784922,0.132898972312245,0.128626993500226,0.107866969273064,0.103584558724182,0.354506249489577,0.3626152555781267386372310861,0.2730785747946715386372310861,0.0895366807834552,5.1940793607366932184080207705,61.527773549749833992783422905,61.527770698790168117413556803,572420900
7.24,4,0.1072557852122242568587960508,0.132803993284691,0.128548260699626,0.107780240156334,0.103514115506036,0.354390162868876,0.3624939596160611675094670524,0.2729008221276461675094670524,0.089593137488415,5.1923419214099517485072189589,61.517685018993684476406458811,61.517682159209227796978446061,573212500
7.25,4,0.1071697321229585698398394169,0.132709300831226,0.128469746495504,0.107693766288198,0.103443859392879,0.354274520063602,0.3623731216368302585746384680,0.2727233799077680585746384680,0.0896497417290622,5.1906110421987394347824479615,61.507628156653096093616306244,61.507625288031152838906707885,574004300
7.26,4,0.1070839022359334101484384490,0.132614867137662,0.128391423430233,0.107607516713708,0.103373759787194,0.354159367044751,0.3622527855840997708764503484,0.2725462920787045708764503484,0.0897064935053952,5.1888873525497080884853351387,61.497587927809859488572510362,61.49758505033355320236192986,574796000
7.27,4,0.1069982958395281035341156646,0.132520690570013,0.128313290224111,0.107521491722652,0.103303817333919,0.354044676266186,0.3621329238895656905722118401,0.2723695310721500905722118401,0.0897633928174156,5.187170457575996357529834889,61.4875329937811119640419496,61.487530107423808728229181518,575587800
7.28,4,0.1069129303257906534260557404,0.132426791082213,0.128235367183097,0.107435708792123,0.10323404986303,0.353930482513457,0.3620135726705142455987529687,0.2721931330053924455987529687,0.0898204396651218,5.185460874619614161606295093,61.477524662041354711993937746,61.477521766795396366732867052,576379500
7.29,4,0.1068278067532367225499539667,0.132333165346468,0.12815765132918,0.107350168985812,0.103164458788857,0.353816722923795,0.3618946690095715741754101280,0.2720170349610561741754101280,0.0898776340485154,5.1837577024555635542544838314,61.467498978827063586635143636,61.467496074664759133134911492,577171200
7.30,4,0.1067429026673314606769842249,0.132239794342644,0.128080123989784,0.107264849739386,0.103095021895473,0.353703448945251,0.3617762629269312889821348979,0.2718412869593357889821348979,0.0899349759675955,5.1820616575703535354744011033,61.457507994924605325243211173,61.457505081834617260045283002,577962900
7.31,4,0.1066582283647110465198849676,0.132146685156448,0.128002792595965,0.10717976139983,0.103025749876055,0.353590613553935,0.3616583080316147724137505316,0.2716658426092525724137505316,0.0899924654223622,5.1803720754621520784961628696,61.447533083180387301922146309,61.447530161145301113589702937,578754700
7.32,4,0.1065737822477782757101034398,0.132053840097217,0.127925659800216,0.107094902361735,0.102956641469188,0.353478272765357,0.3615408603877101131248557493,0.2714907579748945131248557493,0.0900501024128156,5.1786897591898737776939554491,61.437551409801691176588934982,61.437548478797532460916820638,579546400
7.33,4,0.1064895643874568775510590286,0.131961255881465,0.127848722660035,0.10701027269637,0.102887697087958,0.353366378577981,0.3614238719053519359007916491,0.2713159849663957359007916491,0.0901078869389562,5.1770140199169234710892902425,61.427602229965029255183415576,61.427599289979503186171084691,580338100
7.34,4,0.1064055825263416686199932405,0.131868942501819,0.127771991506867,0.106925880184192,0.102818924852467,0.3532549623319,0.3613073745689757230554759687,0.2711415555681929230554759687,0.0901658190007828,5.1753453157866077262864695295,61.41764128205879973940625585,61.417638333066245873720297848,581129900
7.35,4,0.1063218176346113114296426466,0.131776880526325,0.127695447245439,0.106841705702326,0.102750305977343,0.353144020251334,0.3611913632799789993688429525,0.2709674646816823993688429525,0.0902238985982966,5.17368357376681857005537735,61.407723289103446102984366889,61.407720331095081302629875474,581921600
7.36,4,0.1062382770855937175673286435,0.131685075558203,0.127619095813522,0.106757756660154,0.102681848207337,0.35303352622481,0.3610758124046942441447093831,0.2707936866731972441447093831,0.090282125731497,5.1720284266823240023960137049,61.397790220325758388952896312,61.397787253274637861945097792,582713300
7.37,4,0.1061549612959141214739223862,0.131593527862675,0.127542937808776,0.10667403347634,0.102613552294361,0.35292347802016,0.3609607197580811443978119768,0.2706202193576971443978119768,0.090340500400384,5.1703798432347169965384945533,61.387901586208140047723235228,61.387898610105765281185685241,583505100
7.38,4,0.1060718685762827798921690302,0.131502237997171,0.127466974118977,0.106590534453332,0.102545416872017,0.352813907921291,0.3608461176073328461411249291,0.2704470950023752461411249291,0.0903990226049576,5.1687382856174935524828198967,61.377997302936182988157248135,61.377994317755643485747432742,584296800
7.39,4,0.1059890093090550668631258019,0.131411215170328,0.127391214281023,0.106507270024255,0.102477452702492,0.352704798029939,0.3607319887630453367187947932,0.2702742964178274367187947932,0.0904576923452179,5.1671035076105866969988737725,61.368132388789972005012934374,61.368129394521385346177993939,585088500
7.40,4,0.1059063629926984444238977530,0.131320439491744,0.127315638730715,0.106424219587326,0.102409639511003,0.352596159215932,0.3606183427038381786213168147,0.2701018330826734786213168147,0.0905165096211647,5.1654756449852134033167721422,61.358261687394156602617324101,61.358258684013619833368560552,585880300
7.41,4,0.1058239376473664858472505494,0.131229916597206,0.127240253427985,0.106341391201918,0.10234198568186,0.352487956516266,0.3605051449676202139825092203,0.2699296705348220139825092203,0.0905754744327982,5.1638542041082866982063990465,61.348420673142850080833675492,61.348417660637293812022430814,586672000
7.42,4,0.1057417317759293019321136077,0.131139648593346,0.127165060801584,0.106258783363579,0.102274490033515,0.352380241601878,0.3603924472688808838849377848,0.2697578604887619838849377848,0.0906345867801189,5.1622399257352855548978704442,61.338578168424681410163082711,61.3385751467716712383978579,587463700
7.43,4,0.1056597468082827545543687858,0.131049633063395,0.12709005875484,0.106176397509196,0.102207154323735,0.352272959290345,0.3602801944133620204054402357,0.2695863477502358204054402357,0.0906938466631262,5.1606320192667170001610703744,61.328771614536298853231702066,61.328768583724753453136103836,588255400
7.44,4,0.1055779899949387145801178548,0.130959880202861,0.12701525780135,0.106094240924736,0.102139986157352,0.352166150913377,0.3601684283654836983421711910,0.2694151742836635983421711910,0.0907532540818201,5.1590310857986110072261147998,61.318953239613349755092507649,61.318950199617489679102343788,589047200
7.45,4,0.1054964409534560076296489549,0.130870368289809,0.126940636535285,0.106012293128092,0.102072965369137,0.352059799433741,0.3600571306363198396735864432,0.2692443216001192396735864432,0.0908128090362006,5.1574368604966196028628877596,61.309150733003173114302339597,61.309147683805805470424823126,589838900
7.46,4,0.1054151095002952171079960541,0.130781105824228,0.12686620377076,0.105930563983723,0.102006102138443,0.351953884972176,0.3599462820098757349008745111,0.2690737704836080349008745111,0.0908725115262677,5.1558490681118837603015052118,61.299385666194311187949374553,61.299382607784914811850416362,590630700
7.47,4,0.1053339966966834416937923103,0.130692097233324,0.126791964247152,0.105849054558048,0.10193939784462,0.351848455531118,0.3598359307022579014198253025,0.2689035691502365014198253025,0.0909323615520214,5.154268399289265506311851198,61.289616042205738538712978967,61.289612974560936022472452383,591422300
7.48,4,0.1052530972182210278368851190,0.130603332570266,0.126717908327848,0.10576775950063,0.10187284744821,0.351743445544191,0.3597260106345910682249039630,0.2687336515211293682249039630,0.0909923591134617,5.1526939075185878141240416779,61.279875576208411584335111675,61.279872499314952042844921806,592214100
7.49,4,0.1051724139832777694348365971,0.130514819029008,0.126644043515097,0.10568668174411,0.101806454190899,0.351638915827051,0.3596165829977170373118104002,0.2685640787871277373118104002,0.0910525042105893,5.1511264692940856837380766528,61.270135097315870807648480374,61.270132011151744020650491033,593005800
7.50,4,0.1050919441130295167163650397,0.130426551058228,0.126570364563948,0.105605818395588,0.101740215486907,0.351534828442108,0.3595076095805907877357689923,0.2683948127371878877357689923,0.0911127968434029,5.149565537282885141923840161,61.2604096985695741560999677,61.260406603117305706185382903,593797600
7.51,4,0.1050116880897078182826074834,0.130338530397231,0.12649171365675,0.105525169939651,0.101668959664753,0.351431562107096,0.3593991083872376035898825935,0.2682258713753340035898825935,0.0911732370119036,5.1480113693736361886813322024,61.250718976559588392711717221,61.250715871808118470031186348,594589300
7.52,4,0.1049316451867673080821515684,0.130250754903953,0.126413273860001,0.105444735646203,0.101597883864653,0.351328734070329,0.3592910591507782699195092189,0.2680572344346872699195092189,0.091233824716091,5.1464636752646737972406687384,61.241022938249264020837659912,61.241019824174570089382269964,595381000
7.53,4,0.1048518048901315923094754721,0.130163215659781,0.126335036419407,0.105364504949756,0.10152697768584,0.351226368240686,0.3591834851111806445035914658,0.2678889251552156445035914658,0.091294559955965,5.1449227878440193999975474871,61.231339412000607365116532152,61.231336288584580734634050003,596172700
7.54,4,0.1047721864788600797659771189,0.130075930509227,0.126257019342814,0.10528449722364,0.101456260665378,0.351124442067077,0.3590763650284528406424832334,0.2677209222969272406424832334,0.0913554427315256,5.1433884028712057265347593305,61.221692226991260732039231278,61.221689094223305650071259924,596964500
7.55,4,0.1046927774425324829310627605,0.129988889669023,0.126179213009317,0.10520469989626,0.101385720394429,0.35102299585212,0.3589697384359176135107246545,0.2675532653931448135107246545,0.0914164730427728,5.1418610866193644796652111072,61.212047099622917555726122083,61.212043957481765595945601062,597756200
7.56,4,0.1046135690657615278093546837,0.129902078762648,0.126101603203779,0.105125104209613,0.101315348276769,0.350921949541801,0.3588635244829690151563920858,0.2673858735932617151563920858,0.0914776508897073,5.1403396809888683889716936987,61.202409269204705711033569694,61.202406117670057820885107281,598547900
7.57,4,0.1045345788417475220785426577,0.129815520450442,0.126024212746961,0.105045727742438,0.10124516205195,0.350821375181321,0.3587577966312078049314281729,0.2672188203588801049314281729,0.0915389762723277,5.1388252382396488600800207835,61.192808862775028994904981899,61.192805701837014812570571911,599339700
7.58,4,0.1044557972356498793118858870,0.129729203230643,0.125947030296563,0.104966560913271,0.101175152298361,0.350721245632572,0.3586525270174323063250224872,0.2670520778267969063250224872,0.0916004491906354,5.1373173592607323521557741217,61.183203159361459243538850571,61.183199988996134822000577416,600131400
7.59,4,0.1043772133657433222369487127,0.129643116306436,0.125870045214288,0.104887592787177,0.101105308239968,0.350621563241558,0.3585477172398417003439751637,0.2668856475952120003439751637,0.0916620696446297,5.1358160669446329736376742329,61.173614690359776924619328446,61.173611510550514321260358513,600923100
7.60,4,0.1042988370802138301414543158,0.129557268980558,0.125793266960439,0.104808833260498,0.101035639931068,0.350522319162694,0.3584433591343174432621380149,0.2667195215000068432621380149,0.0917238376343106,5.1343212443489781836913028791,61.164066562583660574599605055,61.164063373321334627123229069,601714900
7.61,4,0.1042206675022939330702560283,0.129471661097305,0.125716695535948,0.104730281452178,0.100966146647622,0.350423523788831,0.3583394630684579745909229274,0.2665537099087799745909229274,0.091785753159678,5.1328330399786679555467760193,61.154506163415957725127463313,61.154502964674397718422086293,602506600
7.62,4,0.1041427128142832714443688009,0.129386300733027,0.125640339172864,0.104651945584528,0.100896836768019,0.35032517473461,0.3582360272369526515590509215,0.2663882110162205515590509215,0.0918478162207321,5.1313514279745393159739776918,61.144966794196821747318658011,61.14496358596071815525297401,603298300
7.63,4,0.1040649529599004797760573882,0.129301167681102,0.125564177819345,0.104573805503195,0.100827690293065,0.350227271945534,0.3581330501866939950970042645,0.2662230233692211950970042645,0.0919100268174728,5.1298763875223536705987215793,61.135440538985052494690909957,61.135437321236501529979007537,604090000
7.64,4,0.1039873968056001577079865532,0.129216269431575,0.125488219119294,0.104495870117989,0.100758716286804,0.350129794796113,0.3580305118756439763695483006,0.2660581269257431763695483006,0.0919723849499008,5.1284076315410601813994962806,61.125949947283675822543781614,61.125946720012011078900694705,604881800
7.65,4,0.1039100341519603249521901216,0.129131597348254,0.125412454589472,0.104418129179615,0.100689904653266,0.35003276670203,0.3579284350706862496690095569,0.2658935444526716496690095569,0.0920348906180146,5.1269454861422582540021154753,61.116456482069773091333675196,61.116453245251925437312970526,605673500
7.66,4,0.1038328843106055950242820772,0.129047171764045,0.125336904714827,0.104340602094127,0.100621274950921,0.349936200229554,0.3578268337364369607720211194,0.2657292899146211607720211194,0.0920975438218158,5.1254901513543168884065791651,61.106981820373843700397884411,61.106978573993961319816687696,606465200
7.67,4,0.1037559364748049328519558651,0.12896297788412,0.125261554851678,0.104263278001952,0.10055281647171,0.349840039470581,0.3577256510794893790199167818,0.2655653065181857790199167818,0.0921603445613036,5.124040813671631543778469107,61.097520736843256765721544778,61.097517480883314109767490106,607257000
7.68,4,0.1036791906207299036009568317,0.128879020417937,0.125186409859741,0.104186156879144,0.100484529342312,0.34974435210628,0.3576249549551416265422010253,0.2654016621186636265422010253,0.092223292836478,5.122598445049739328556505823,61.088094606836430647760903384,61.088091341286089086345253448,608048700
7.69,4,0.1036026337265410517547615490,0.128795281567758,0.125111452090645,0.10410922564019,0.100416400626946,0.349649071195202,0.3575246773539215424817699091,0.2652382887065826424817699091,0.0922863886473389,5.1211620713247241343019687941,61.0786613066108263538667385,61.078658031445230976779863938,608840400
7.70,4,0.1035262791857706855652560107,0.128711779922706,0.125036700282003,0.104032497744115,0.100348443933489,0.349554269620793,0.3574248922888068277685044418,0.2650752602949203277685044418,0.0923496319938865,5.1197327526543930962234625778,61.069253597107087877243607637,61.069250312312919073694688585,609632100
7.71,4,0.1034501317854234222134731974,0.128628515328695,0.124962154427348,0.103955978001329,0.100280664220332,0.349459876209119,0.3573255287587858163742766515,0.2649125058826644163742766515,0.0924130228761214,5.1183094720241415931769168148,61.059860809345569184176913483,61.059857514905287743586652882,610423900
7.72,4,0.1033741737061227353861540040,0.12854547188265,0.124887798770351,0.103879648505325,0.100213043728071,0.349365920225671,0.3572266148589563974687772122,0.2647500535649142974687772122,0.0924765612940421,5.1168926318666561378676813471,61.050474775779362829363286279,61.0504714716730802837266837,611215600
7.73,4,0.1032984133221693753511311924,0.128462659678769,0.124813643551103,0.10380351767135,0.100145591018203,0.349272425376473,0.3571281749519078496310391390,0.2645879277042576496310391390,0.0925402472476502,5.1154825811502768119645926525,61.0411425441922496366696171,61.041139230415956484288405296,612007400
7.74,4,0.1032228412591654599390105794,0.128380065848546,0.12473967604613,0.103727576079168,0.100078296815878,0.349179342667801,0.3570301592757175640122113269,0.2644260785387733640122113269,0.0926040807369442,5.1140786070879900478633484517,61.031795920226259434710694047,61.031792596752766222119903915,612799000
7.75,4,0.1031474737274058404459063433,0.128297707981387,0.124665913989021,0.10365184001834,0.100011177555193,0.349086690109373,0.3569325870332649120901773088,0.2642645252713395120901773088,0.0926680617619254,5.1126809847407743047295305039,61.022460160198768970705889283,61.022456827009492692328484282,613590800
7.76,4,0.1030723035460154084680042112,0.12821558039849,0.12459235184432,0.103576302272876,0.0999442261638516,0.348994489925967,0.3568354800090558422924420763,0.2641032896864626422924420763,0.0927321903225932,5.1112900261486876910018593312,61.013148353495644805503836263,61.013145010576613526910651279,614382500
7.77,4,0.1029973177616854688746518995,0.128133668051093,0.124518974705766,0.103500949826131,0.0998774297680596,0.34890271350155,0.3567388086169579628549399536,0.2639423421980095628549399536,0.0927964664189484,5.1099053075215920714717303715,61.003852962975114408633566702,61.003849610309558534951454164,615174300
7.78,4,0.1029225370501848161610391754,0.128051991898089,0.124445803673928,0.103425803454971,0.0998108092867046,0.348811362703763,0.3566425761919614938360857704,0.2637816861409720938360857704,0.0928608900509894,5.1085268766297350405133299451,60.994570225853730254805928861,60.994566863423722849399733806,615966000
7.79,4,0.1028479397564454761718767865,0.127970532064759,0.124372819014933,0.103350841398441,0.099744343100022,0.34872046525711,0.3565468090144706179277869905,0.2636213477957535179277869905,0.0929254612187171,5.1071551099121631657309603332,60.985315114116281961227852882,60.985311741909199570339314105,616757700
7.80,4,0.1027735355594704702664293982,0.127889296615637,0.124300028933344,0.103276073382872,0.0996780410747127,0.348629997047335,0.3564514836012929815833759748,0.2634613036791609815833759748,0.092990179922132,5.1057896709969078527504352153,60.976088485049536138892376621,60.976085103052839415688870794,617549500
7.81,4,0.1026993255158980831232527650,0.1278082855432,0.124227433560851,0.103201500470069,0.0996119044121355,0.348539942735541,0.3563565846600811188288437224,0.2633015384988475188288437224,0.0930550461612336,5.1044303408372441283416386319,60.966855811064640159873780361,60.966852419253989630651149175,618341200
7.82,4,0.1026253056011782661887595675,0.127727497585273,0.124155031773685,0.103127118615803,0.0995459292068045,0.348450342238478,0.3562621519319601139977202420,0.2631420919959391139977202420,0.093120059936021,5.1030776886828613981303842613,60.957650407189961089955433111,60.957647005552726575356963304,619132900
7.83,4,0.1025514667302326191216608158,0.127646921462755,0.124082812430347,0.103052918690571,0.0994801064671558,0.348361165124657,0.3561681542823791243103724017,0.2629829330358833243103724017,0.0931852212464958,5.101731268564145229720974385,60.948457570705803591115645109,60.94845415922403939814589246,619924700
7.84,4,0.1024778287350601163738221520,0.127566576468791,0.124010794960787,0.102978920623347,0.099414456259301,0.348272401595819,0.3560745832923114140181178842,0.2628240531996543140181178842,0.0932505300926571,5.1003909598874422174875953219,60.939273887855466424157193333,60.939270466510035848027905006,620716400
7.85,4,0.1024043719753098528264768086,0.127486445643816,0.123938962541451,0.102905104677743,0.0993489589831981,0.348184092042043,0.3559814780798963100301595390,0.2626654916053906100301595390,0.0933159864745057,5.0990573229788051994517584727,60.930118441889571343344525377,60.930115010668222821498875142,621508100
7.86,4,0.1023311028302826874223141353,0.12740653159002,0.12386731790976,0.102831477264252,0.099283621184898,0.348096181768777,0.3558887842747684388686209346,0.2625071938827281388686209346,0.0933815903920403,5.0977295790401447699876501571,60.920976289264918975056382041,60.920972848149849443159019686,622299800
7.87,4,0.1022580238434292012175159221,0.127326840699623,0.123795867592378,0.102758040938763,0.0992184455550625,0.348008725539451,0.3557965569622332030770269376,0.2623492151169711030770269376,0.0934473418452621,5.096408517110310469929688616,60.911852088048534313709651082,60.911848637024035620519587533,623091600
7.88,4,0.1021851315282268114957280517,0.127247367160752,0.123724605911101,0.102684792197704,0.0991534287241171,0.347921690456794,0.3557047629290637531976834205,0.2621915220948939531976834205,0.0935132408341698,5.0950936614449031908391533286,60.902743439185704014289393018,60.902739978235009873809232751,623883300
7.89,4,0.1021124174312200095919205815,0.127168102178066,0.123653524203489,0.102611722546285,0.0990885623304958,0.347835072510114,0.3556133975700777524467392687,0.2620341102113129524467392687,0.0935792873587648,5.093784946079513473550462534,60.893658390830357867894961163,60.893654919939395728173312109,624675000
7.90,4,0.1020398997773927937824785265,0.12708906542688,0.123582642276992,0.102538850298605,0.0990238648207558,0.34774889051691,0.3555224810386339898233015743,0.2618769996195874898233015743,0.0936454814190465,5.0924826596897589124378025541,60.88457985198323775466218186,60.884576371132292021804202397,625466800
7.91,4,0.1019675592629756353522366606,0.127010236745353,0.123511940101145,0.102466156056504,0.098959316928433,0.347663134224246,0.3554320017095151610218893192,0.2617201786945004610218893192,0.0937118230150147,5.0911866357566633455226847884,60.875526227626073436217954908,60.875522736801690925796427766,626258500
7.92,4,0.1018954022642826229876886957,0.126931622199763,0.123441423872844,0.102393646227476,0.0988949251919601,0.347577798519613,0.3553419549149421635807456210,0.2615636427682726635807456210,0.0937783121466695,5.0898968074192219347835978357,60.866490580267874310516632105,60.866487079454200033171228657,627050200
7.93,4,0.1018234313339554754069634498,0.126853223721273,0.123371095653128,0.102321323376642,0.0988306923066492,0.347492874238342,0.3552523316563396983768360480,0.2614073828423286983768360480,0.093844948814011,5.0886130457823295182420530961,60.857467712879445481771832661,60.857464202058737965141794471,627841900
7.94,4,0.1017516436936924169449765205,0.126775040513172,0.12330095477441,0.102249184712117,0.098766615610056,0.34740839000121,0.3551631604381979180470980996,0.2612514274211583180470980996,0.0939117330170396,5.087335759142733257876539172,60.848467893870880545596004503,60.848464373029280636970225283,628633700
7.95,4,0.1016800413647302290169946002,0.126697073310361,0.123231002099982,0.10217723226502,0.0987026972620023,0.347324327191533,0.3550744227494037474371663631,0.2610957579936494474371663631,0.0939786647557543,5.0860646823482769917085674602,60.839485754531423036707654749,60.839482223653066796804631028,629425400
7.96,4,0.1016086115729816168446683607,0.126619307947592,0.123161223592247,0.102105453198802,0.0986389245539046,0.347240667247361,0.3549860990940079479196033212,0.2609403550638517479196033212,0.0940457440301562,5.0847995361400412873424402433,60.830515670789720904530178862,60.830512129856575339592258837,630217200
7.97,4,0.1015373635723787404632442843,0.126541756040499,0.123091630993765,0.102033856812645,0.0985753069121795,0.34715744296188,0.3548982230044351055645019666,0.2607852521641904055645019666,0.0941129708402447,5.0835408008346461715480415601,60.821567278475152716573495437,60.821563727472951855435100884,631008800
7.98,4,0.1014662969119744521831875584,0.12646441604547,0.123022222887125,0.101962442653397,0.0985118440101841,0.347074638747812,0.3548107788325025510831816118,0.2606304336464827510831816118,0.0941803451860198,5.0822882522883842119296736897,60.812635731034074371331198059,60.812632169946727512868043278,631800600
7.99,4,0.1013954126038354780537463914,0.12638728925858,0.122953000693887,0.101891211738072,0.0984485369907221,0.346992258551614,0.3547237706142170892560837200,0.2604759035467355892560837200,0.0942478670674815,5.0810419483127872465088480339,60.803720011759307297398622212,60.803716440570419203977538477,632592300
8.00,4,0.1013246984345115829087515431,0.1263103630874,0.122883951946386,0.1018201517935,0.0983853737056948,0.346910298227527,0.3546371933442179337007080999,0.2603216568595881337007080999,0.0943155364846298,5.0798018172113418428898668727,60.794829760223351112096114512,60.794826178919899331334203957,633384100
8.01,4,0.1012541734193864164081204841,0.12623365687274,0.12281509610949,0.101749281928046,0.0983223733878275,0.346828760423721,0.3545510510220250132396838685,0.2601676975845603132396838685,0.0943833534374647,5.0785679162729610278426142439,60.785958119506183321023212026,60.785954528072827560030070012,634175800
8.02,4,0.1011838198110539939876002092,0.126157151485125,0.122746414177079,0.101678584307522,0.0982595183265884,0.346747627230875,0.3544653244561446220951652311,0.2600140065301577220951652311,0.0944513179259869,5.077339970599726774597206109,60.777093667299298241033661647,60.777090065716449588889680401,634967600
8.03,4,0.1011136443235002638385070075,0.126080854120503,0.122677913467755,0.101608065678744,0.0981968153917465,0.346666904827716,0.3543800203207705496822142455,0.2598605903705755496822142455,0.094519429950195,5.0761180757924516775278287887,60.768250905351488611098751573,60.768247293604835996224752575,635759200
8.04,4,0.1010436362137768954161152688,0.126004755271608,0.122609584596211,0.101537715246234,0.0981342539100795,0.34658661200499,0.3542951567061914878132637654,0.2597074671961010878132637654,0.0945876895100904,5.0749024909754166014258777217,60.759427337043894220742815968,60.759423715118426943483000791,636551000
8.05,4,0.1009738151987288408202221405,0.1259288751304,0.122541447875674,0.101467552823247,0.0980718538164072,0.346506753478044,0.3542107397332464035692947984,0.2595546431275740035692947984,0.0946560966056724,5.0736933038231700603558871085,60.750624015714136207248605136,60.75062038359529278549409069,637342700
8.06,4,0.1009041616864474418004179381,0.125853190226744,0.12247347995659,0.101397558722075,0.0980095955438982,0.34642727583472,0.3541267144911041897194571124,0.2594020632541631897194571124,0.094724651236941,5.0724897277960141078576250292,60.741837583751235556721978965,60.74183394142276886440837205,638134500
8.07,4,0.1008346872499863587208274378,0.125777716055789,0.122405696454013,0.101327744572361,0.0979474908423897,0.346348233939858,0.3540431368002080827457646292,0.2592497833963118827457646292,0.0947933534038962,5.0712925624628993115353937644,60.733069582452452691617411174,60.733065929899265256241610773,638926100
8.08,4,0.1007653859943659548639116648,0.125702444917756,0.122338089787385,0.101258104450301,0.097885533907593,0.346269602594346,0.3539599809940361067281117467,0.2590977778874981067281117467,0.094862203106538,5.0701014401779725094107047129,60.724321527625839090373113774,60.724317864833130692870478418,639717900
8.09,4,0.1006962604110719805380318140,0.125627380347966,0.122270663610582,0.101188640859562,0.0978237273620189,0.346191396455788,0.3538772619493690533899629452,0.2589460616045019533899629452,0.0949312003448671,5.0689165740354202958577441946,60.715565351809006440566349508,60.715561678752086954941045374,640509600
8.10,4,0.1006272990020506136649548794,0.125552508902715,0.122203404597787,0.101119342245868,0.0977620597695641,0.346113588899371,0.3537949521766886789928766926,0.2587946070578065789928766926,0.0950003451188821,5.0677375702769086441066281698,60.706854705321301453811434469,60.706851021994491386980427777,641301400
8.11,4,0.1005585136474289931709504732,0.125477843551373,0.12213632583559,0.101050220547437,0.0977005431859555,0.34603619424616,0.3537130668750494272459681108,0.2586434294464650272459681108,0.0950696374285844,5.0665646466128355541573566398,60.698159038883219719777083667,60.698155345270035576401195854,642093100
8.12,4,0.1004899000794006569302968496,0.125403380620062,0.122069423766676,0.100981271475595,0.0976391734393666,0.345959221429741,0.3536316147081280712357349642,0.2584925374341548712357349642,0.0951390772739732,5.0653979271412610795496976831,60.689481583870735840465916657,60.689477879956041208926111282,642884800
8.13,4,0.1004214597148717592269037989,0.125329120694078,0.122002699092253,0.100912496454176,0.0975779520698245,0.345882658400663,0.3535505837047419798883926436,0.2583419190496932798883926436,0.0952086646550487,5.0642372403875921399739991816,60.680825667465378756975165563,60.680821953235082188120025351,643676500
8.14,4,0.1003531819851528533778810844,0.125255052769643,0.121936140923802,0.100843884862812,0.0975168685725032,0.3458065000387,0.3534699679975911079568015947,0.2581915684257803079568015947,0.0952783995718108,5.0630825023089663565743314914,60.67218586177562965454348225,60.672182137213690526612050038,644468300
8.15,4,0.1002850773232868435449249393,0.125181187936396,0.121869760465577,0.100775447185561,0.097455933546355,0.345730754629951,0.3533897766341596275004428001,0.2580414946099002275004428001,0.0953482820242594,5.0619338425010439997679037371,60.663562077759194803755894993,60.663558342849655073085583688,645260000
8.16,4,0.1002171427586430649420631381,0.125107522426896,0.121803554064111,0.100707180437266,0.0973951441204757,0.345655411083492,0.3533099982956870936388927864,0.2578916862832922936388927864,0.0954183120123948,5.0607910988345257991375067955,60.654935480415026512179009378,60.654931735134985648221441284,646051700
8.17,4,0.1001493792782272443976299828,0.125034059245252,0.121737524836849,0.10063908560976,0.0973345014003107,0.345580498133657,0.3532306618639746311983399335,0.2577421723277573311983399335,0.0954884895362173,5.0596546850107361870788383882,60.646357922759577785670935529,60.646354167105331376046617898,646843500
8.18,4,0.1000817853136190283743642521,0.124960793476233,0.121671667981265,0.100571161126953,0.0972740039227499,0.345505968075672,0.3531517194154474435673419110,0.2575929048197216435673419110,0.0955588145957258,5.0585239145750357044263167536,60.637795112555667362265418125,60.637791346510581776519931891,647635200
8.19,4,0.1000143523509321664546213204,0.124887719003453,0.121605977493048,0.100503398433328,0.0972136432446258,0.34543185608165,0.3530732056177016719486426390,0.2574439184267801719486426390,0.0956292871909215,5.0573992841041462159713373349,60.629245197262035913477959025,60.629241420809165117491697497,648426900
8.20,4,0.0999470877855437705588213341,0.124814842960464,0.121540460617203,0.100435804960424,0.0971534269092012,0.345358157622883,0.3529951164584462435696004084,0.2572952091366423435696004084,0.0956999073218039,5.0562807361262473160880864489,60.620714031663410322503778755,60.620710244787968202799891384,649218600
8.21,4,0.0998799816538381235670762280,0.124742154335994,0.121475106453288,0.100368370695905,0.097093345015243,0.345284858755791,0.3529174372676921841522642221,0.2571467622793192841522642221,0.0957706749883729,5.0551680605092169780066800566,60.612210253513563465124276448,60.612206456203798386518814943,650010400
8.22,4,0.0998130526976760963244601369,0.124669671686793,0.12140993366827,0.100301114473275,0.0970334165067403,0.345211954857225,0.3528401647356915272468746812,0.2569985745450631272468746812,0.0958415901906284,5.0540612098444206608926999171,60.603695812547286634877219379,60.603692004777482455614139442,650802100
8.23,4,0.0997462833585500660089295276,0.124597379678642,0.121344927037536,0.10023401864817,0.0969736238492004,0.345139479572314,0.3527633313636020768757294271,0.2568506784350314768757294271,0.0959126529285706,5.0529606496766340407891688329,60.595224793881704401427412265,60.59522097564638376458543145,651593800
8.24,4,0.0996796789381273167954207548,0.124525281592712,0.12128008995125,0.100167088548181,0.0969139724794767,0.345067403442176,0.3526869080007877906274903988,0.2567030447985877906274903988,0.0959838632022,5.0518659624537518472788776828,60.586774945487516209541733732,60.586771116772749225124885699,652385500
8.25,4,0.0996132300329726448186499333,0.124453366945775,0.121215412034577,0.100100314723893,0.096854453056811,0.344995712005037,0.3526108794969902003939597929,0.2565556584854748003939597929,0.0960552210115154,5.0507769311643298099446173449,60.578335560762847886037261334,60.578331721550662959874631514,653177300
8.26,4,0.0995469596819157895472698627,0.124381662780935,0.121150920438417,0.100033720326788,0.0967950888407434,0.344924460097675,0.3525353024493589795557769119,0.2564085760928409795557769119,0.096126726356518,5.0496943665028043611820855418,60.569923496563187801875735479,60.569919646842469634098250874,653969100
8.27,4,0.0994808426028437818980832740,0.124310138469893,0.121086584641665,0.0999672799511321,0.0967358545329962,0.344853573913598,0.3524601011021469222672568276,0.2562617218649403222672568276,0.0961983792372066,5.0486171833480354742213982316,60.561506765811085906926545252,60.56150290555807268365178698,654760800
8.28,4,0.0994148921311358963521974976,0.124238810572578,0.121022421310856,0.0999010069975097,0.0966767636410212,0.344783098158144,0.3523853212143897684275244661,0.2561151415608072684275244661,0.0962701796535825,5.0475460371499101490625554165,60.55312745591664151959404483,60.553123585123693055897316336,655552500
8.29,4,0.0993490944292805080990637257,0.124167665736568,0.120958417199586,0.0998348875607476,0.0966178023659206,0.344713041214195,0.3523109702245275180729600623,0.2559688426188826180729600623,0.0963421276056449,5.0464810344562644392453251749,60.544772329644343976890511984,60.544768448299105270335805095,656344300
8.30,4,0.0992834589553782178221619276,0.124096711794819,0.120894580246242,0.0997689311451942,0.0965589803177336,0.344643378840428,0.3522370245040428869290983290,0.2558228014106488869290983290,0.096414223093394,5.0454218368134862644600553859,60.53643075939409639635198025,60.536426867479960658731147731,657136000
8.31,4,0.0992179888994224158942723371,0.124025953097138,0.120830914905488,0.0997031409564412,0.096500300807161,0.344574127280647,0.3521635005679100090302933150,0.2556770344510797090302933150,0.0964864661168303,5.0443686807811676782465141324,60.528089705333030791071175073,60.528085802828741873598766699,657927700
8.32,4,0.0991526818479314917921614974,0.123955384345129,0.1207674159832,0.0996375145692056,0.0964417615134508,0.344505245524788,0.3520903571436409480705897388,0.2555315004676883480705897388,0.0965588566759526,5.0433209751744750862305150912,60.519788376118554853818890887,60.519784463017129609806017674,658719400
8.33,4,0.0990875361371847293066812851,0.12388500706922,0.120704085113513,0.0995720503116316,0.0963833608687043,0.344436779418798,0.3520176400794952282115257069,0.2553862453087331282115257069,0.0966313947707621,5.0422793767213406503905468653,60.511502622479266157546957157,60.511498698765211296902627577,659511200
8.34,4,0.0990225310878789010236856576,0.123814800101964,0.120640901232114,0.099506727403299,0.0963250781958883,0.344368724146377,0.3519453431015332362769193391,0.2552412627002756362769193391,0.0967040804012576,5.0412437955542077763524231321,60.503218436615688500053115996,60.503214502268213802619521295,660302900
8.35,4,0.0989576983127069940415434464,0.123744793354469,0.12057789435268,0.0994415776114794,0.0962669453650944,0.344301052046641,0.3518734407099003641019989500,0.2550965271424600641019989500,0.0967769135674403,5.0402138664145574908860279336,60.494974553900036739287981276,60.494970608912673978389659989,661094700
8.36,4,0.0988930261326879914968795967,0.123674975307169,0.120515053057654,0.0993765892000842,0.0962089507424919,0.344233766618708,0.3518019355987417465354257470,0.2549520413294321465354257470,0.0968498942693096,5.0391896278931747672214772283,60.486751148765981153619426284,60.486747193124875369777103507,661886300
8.37,4,0.0988285035964801092777925882,0.123605338509731,0.120452369998155,0.0993117511642224,0.0961510834248876,0.34416691907235,0.3517308783404523898790924329,0.2548078558335867898790924329,0.0969230225068656,5.038171804386268064524352776,60.478525165004205489521467523,60.478521198687398015273512748,662678100
8.38,4,0.0987641410338707363257148053,0.123535887922085,0.120389850235007,0.0992470738841914,0.096093353893722,0.344100431523132,0.3516601915933460301333520392,0.2546638933132372301333520392,0.0969962982801088,5.0371592880557664912333750979,60.470336018244928474496209168,60.47033204124450357283513924,663469800
8.39,4,0.0986999267705536618049824421,0.123466616117292,0.120327486441618,0.0991825456286005,0.0960357505181951,0.344034365930241,0.3515899366546027277174559688,0.2545202150655648277174559688,0.0970697215890379,5.0361529569191285065141259541,60.462172038145871812786885869,60.462168050450307271285275996,664261600
8.40,4,0.0986358827202529390699307488,0.12339754183921,0.120265297461646,0.0991181884183266,0.0959782954192264,0.343968674654171,0.3515200673152314140765471416,0.2543767748815771140765471416,0.0971432924336543,5.0351521490812845159924190245,60.454025719011369921990623472,60.45402172060575359805424284,665053200
8.41,4,0.0985719842117379152758179423,0.123328642326704,0.120203260633208,0.0990539774615026,0.0959209639044468,0.343903387594529,0.3514506118211913123744603731,0.2542336010072347123744603731,0.0972170108139566,5.0341572691358232492510451879,60.44587315809016747922270508,60.445869148950872024654202382,665845000
8.42,4,0.0985082438685493375590982174,0.123259929316002,0.120141387791252,0.0989899254433954,0.0958637687580797,0.343838490729582,0.3513815570104698544055175924,0.2540906802805235544055175924,0.0972908767299463,5.033168128550776409102911286,60.437762803939824633266454764,60.437758784061536853274811602,666636700
8.43,4,0.0984446507444624469725786179,0.123191392735597,0.120079668962447,0.0989260213642559,0.0958066990787949,0.343773997711027,0.3513129158058059700893161136,0.2539480256241834700893161136,0.0973648901816225,5.0321849124307526983609241573,60.42967351205970055878149439,60.429669481429260122569002402,667428500
8.44,4,0.0983812158893593785846338064,0.12312304150616,0.120018113165111,0.0988622763279974,0.0957497660683907,0.34370987692248,0.3512446572969160517816972695,0.2538056061279307517816972695,0.0974390511689853,5.0312071780185650085863632817,60.421584850179587294124260645,60.421580808775702353162911859,668220200
8.45,4,0.0983179346505877976530713429,0.123054872931702,0.119956717800374,0.0987986856592172,0.0956929651488184,0.343646156827363,0.3511768096965998857376240842,0.2536634500045651857376240842,0.0975133596920347,5.0302353294327994749878332202,60.41353015769878380992058199,60.413526105513306409474056561,669011900
8.46,4,0.0982548006465741562617571791,0.122986881296578,0.119895477249179,0.0987352429451374,0.0956362900041268,0.343582847612292,0.3511093827746933392178946984,0.2535215670239225392178946984,0.0975878157507708,5.0292695066160365031911476541,60.405501578578631217806631381,60.405497515600551717447947786,669803600
8.47,4,0.0981918205195561892152434095,0.122919069515562,0.11983439452237,0.0986719548604747,0.0955797474053357,0.343519895267802,0.3510423228633222757504449218,0.2533799035181288757504449218,0.0976624193451934,5.0283089408326080931963065805,60.397467953804250692930168299,60.397463880009968172543326218,670595400
8.48,4,0.0981289950362142292743979397,0.122851442038253,0.119773474165095,0.0986088221756584,0.0955233382186566,0.343457352374886,0.3509756827324468482688916535,0.2532385122571435482688916535,0.0977371704753033,5.0273543879565147041688917595,60.389473646274508950493151072,60.389469561658185733642233921,671387100
8.49,4,0.0980663142552751108123238301,0.122783988212943,0.119712705620678,0.0985458349008047,0.0954670525494712,0.34339520981122,0.3509094525455697633144456318,0.2530973834044699633144456318,0.0978120691410998,5.0264057070903084445476237148,60.381477304813084887415517478,60.381473209352820892092025419,672178800
8.50,4,0.0980037972396179155318720912,0.122716726104328,0.119652107048337,0.0984830121920058,0.0954109096486229,0.343333451293549,0.3508436173258229288129251293,0.2529565019832400288129251293,0.0978871153425829,5.0254626837061692058937819222,60.373522640116773693572920042,60.373518533807492840501989478,672970600
8.51,4,0.0979414219194717805223859139,0.122649633613927,0.119591656443603,0.0984203318715748,0.0953548874326659,0.343272078722479,0.3507781774342300025056707366,0.2528158683544781025056707366,0.0979623090797519,5.0245253229753770966460869045,60.365591954642268566664678128,60.365587837472097889703683151,673762300
8.52,4,0.0978791906400346456574468175,0.122582713510437,0.119531356668677,0.0983577962961772,0.0952989883519996,0.343211097901481,0.3507131388597801776156698870,0.2526754885071712776156698870,0.0980376503526089,5.0235937106838660083658181392,60.357656780902509117677775727,60.357652652848564466753156485,674554000
8.53,4,0.0978171100411999802250924116,0.122515972105818,0.119471214128521,0.0982954121381738,0.0952432191722144,0.343150503437071,0.3506484966689169736591431940,0.2525353575077651736591431940,0.0981131391611518,5.022667776163672076261580189,60.349761356406376449396119058,60.349757217463041602631283409,675345700
8.54,4,0.0977551830390772943960886195,0.122449412622439,0.119411232138009,0.0982331823279334,0.0951875829164081,0.343090299396273,0.3505842551499904610098456226,0.2523954796446091610098456226,0.0981887755053813,5.0217475808408566791893026918,60.341863331955967117777055507,60.341859182101132015033966991,676137500
8.55,4,0.0976933960003679417836213644,0.122383019727199,0.119351395456046,0.0981710931654937,0.0951320659768502,0.343030462896076,0.3505203904125663437103874090,0.2522558310272682437103874090,0.0982645593852981,5.0208327825101673030844514488,60.33400447833383571747170253,60.334000317561502381410324963,676929200
8.56,4,0.0976317601491922276771557590,0.122316807486715,0.119291718240763,0.0981091559298582,0.0950766797242815,0.34297103340094,0.3504569428125920132777962448,0.2521164520116912132777962448,0.0983404908009008,5.019923959227987083155631019,60.326142053521223669312724208,60.326137881809207097745482834,677721000
8.57,4,0.0975702738253996152673626677,0.122250772231872,0.11923219691407,0.0980473689527587,0.0950214225816797,0.342911982349322,0.3503938836085057389758187239,0.2519773138563149389758187239,0.0984165697521908,5.0190206993017428574243528038,60.318330618765927461153499337,60.318326436113108821306189614,678512600
8.58,4,0.0975089283808617061186863027,0.122184906065292,0.119172823669124,0.0979857235437795,0.0949662859493873,0.342853321379331,0.3503312238654868635202000403,0.2518384276263194635202000403,0.0984927962391674,5.0181231612284607610992213615,60.310531581584436862095381885,60.310527387974741903166741916,679304400
8.59,4,0.0974477410656654511748562301,0.12211922591771,0.119113615526714,0.0979242370373564,0.0949112872521133,0.342795044106146,0.3502689584015786961531497049,0.2516997881397480961531497049,0.0985691702618306,5.0172312707821002801157024941,60.302733573737427442183915983,60.30272936915030344128662783,680096100
8.60,4,0.0973866929267839505724568818,0.122053711768585,0.119054552555871,0.0978628903877866,0.0948564075339464,0.342737137247755,0.3502070725768099709622569627,0.2515613807566296709622569627,0.0986456918201803,5.0163448182604927665598418006,60.294972819064341151375459529,60.294968603493340965062776434,680887900
8.61,4,0.0973257832196754470622629267,0.1219776878856,0.118984959113375,0.0978016828468878,0.0948016461360168,0.342526941438662,0.3499925342009989223038610419,0.2514232246839254223038610419,0.0985693095170735,5.0132725789955365555944867894,60.282550649148156183091606766,60.282548120580015430713143202,681679600
8.62,4,0.0972650218449220865328681497,0.121907158444895,0.118920839463986,0.0977406243636536,0.0947470130961551,0.342393184429693,0.3498546302567420875004114618,0.2512853207396685875004114618,0.0985693095170735,5.01129725049950555559448679,60.272481615996605483713251442,60.272479084043339088496504368,682471300
8.63,4,0.0972043974789245170567265795,0.121836783855901,0.118856854105283,0.0976797035591151,0.0946924971237566,0.342259669636196,0.3497169773055778367053758161,0.2511476677885043367053758161,0.0985693095170735,5.0093255172146975555944867896,60.262410120883585400063438142,60.262407585543759048924527655,683263000
8.64,4,0.0971439303372500259767227348,0.12176658136087,0.118793020367199,0.0976189407476886,0.0946381186211326,0.342126352408662,0.3495795320156341699380374081,0.2510102224985606699380374081,0.0985693095170735,5.0073567584577665555944867901,60.252356786816872676991882955,60.252354248093638705245918981,684054800
8.65,4,0.0970835996376832445513878637,0.121696535902184,0.118729323279331,0.097558315045539,0.0945838567918755,0.341993316789047,0.3494423771798653381633762331,0.2508730676627918381633762331,0.0985693095170735,5.0053921601504255555944867899,60.24229927136378877956000576,60.242296729255605578034465655,684846500
8.66,4,0.0970234042090597418836490841,0.121626640958449,0.118665756407037,0.0974978252757749,0.0945297105460585,0.341860486382445,0.3493054361405994268708164635,0.2507361266235259268708164635,0.0985693095170735,5.0034306242524075555944867899,60.232274209140141987132799982,60.232271663653619531151174632,685638200
8.67,4,0.0969633563923800312973402616,0.121556912240327,0.118602335547274,0.0974374838397414,0.0944756923715301,0.341727908075203,0.3491687567719118271403703536,0.2505994472548383271403703536,0.0985693095170735,5.0014728365093295555944867894,60.22223904957579063445901404,60.222236500707789309948900793,686430000
8.68,4,0.0969034524341824627373021102,0.121487343101124,0.118539054139181,0.0973772869656234,0.0944217985825208,0.341595540880327,0.3490322977289873338815052730,0.2504629882119138338815052730,0.0985693095170735,4.9995182047003375555944867895,60.212225847131738731451981417,60.212223294886441911849873394,687221800
8.69,4,0.0968436931433307830648348311,0.121417936688022,0.118475915415323,0.0973172354662397,0.09436803007744,0.341463418146413,0.3488960925046797019128672491,0.2503267829876062019128672491,0.0985693095170735,4.9975672085752225555944867892,60.20220835147854645828848463,60.202205795854150332902485015,688013400
8.70,4,0.0967840688901638245643870962,0.121348683023065,0.118412909482676,0.0972573196648425,0.0943143772646785,0.341331535897984,0.3487601364430936756495287923,0.2501908269260201756495287923,0.0985693095170735,4.9956197814431975555944867889,60.192228035525293283110304046,60.192225476529833605913887785,688805100
8.71,4,0.0967245877502306923093638210,0.121279588906879,0.118350043226349,0.0971975476764684,0.0942608483439621,0.341199875048794,0.3486244109847559913199537598,0.2500551014676824913199537598,0.0985693095170735,4.9936756574593905555944867897,60.182228912079256340348469097,60.18222634970732176657803755,689596900
8.72,4,0.0966652398611490014258113690,0.121210643607243,0.118287305998158,0.0971379095905102,0.0942074334889266,0.341068424189413,0.3484889040052504021500727872,0.2499195944881769021500727872,0.0985693095170735,4.9917346629543315555944867891,60.172256617127230719118448557,60.172254051384188535249524214,690388700
8.73,4,0.0966060361246532656756984621,0.121141862011665,0.118224712769206,0.0970784163620094,0.0941541437384128,0.340937239168339,0.3483536722613628291253976071,0.2497843627442893291253976071,0.0985693095170735,4.9897976109090935555944867897,60.162282105604024865882413927,60.162279536488754219960475962,691180400
8.74,4,0.0965469742388737764518960225,0.121073238537713,0.118162258040217,0.0970190656778407,0.0941009768626538,0.340806273307265,0.3482186688048805616428886227,0.2496493592878070616428886227,0.0985693095170735,4.9878638288400655555944867898,60.152338024064011398977665493,60.152335451582831610753491395,691972100
8.75,4,0.0964880445807715796046328030,0.121004763339792,0.118099932048314,0.0969598478679108,0.0940479232744766,0.340675524428317,0.3480838907822127525325819708,0.2495145812651392525325819708,0.0985693095170735,4.9859332758725695555944867899,60.14237944591632149168181668,60.142376870064833705786722172,692763800
8.76,4,0.0964292548218570047157127557,0.120936444498585,0.118037742956466,0.0969007706412417,0.0939949907653887,0.340544997571526,0.3479493437905319461836515610,0.2493800342734584461836515610,0.0985693095170735,4.984006032180196555594486789,60.132449737973416573442864632,60.13244715875760802545444972,693555600
8.77,4,0.0963705977815618740870871423,0.120868275821854,0.117975684654285,0.0968418267821542,0.0939421722017631,0.34041470761903,0.3478150422494849476693707893,0.2492457327324114476693707893,0.0985693095170735,4.98208230430917255559448679,60.122509377699215035975236528,60.122506795115763755563872991,694347300
8.78,4,0.0963120832471269022687787866,0.120800267053023,0.11791376696662,0.0967830261257462,0.0938894775003206,0.340284652910691,0.3476809851883255611499500902,0.2491116756712520611499500902,0.0985693095170735,4.9801620783545825555944867893,60.112606130016527275150723395,60.112603544073508276839740853,695139000
8.79,4,0.0962537063005114867532181811,0.120732411801777,0.117851983584153,0.096724363729929,0.0938369018001679,0.340154812902831,0.3475471516733021177762339297,0.2489778421562286177762339297,0.0985693095170735,4.9782450544625215555944867889,60.102687610882455449983080611,60.102685021575295955197412568,695930800
8.80,4,0.0961954600640021018784619833,0.120664703591962,0.117790328111306,0.0966658326833588,0.0937844382707324,0.340025194054676,0.3474135477017734966876659035,0.2488442381846999966876659035,0.0985693095170735,4.976331318538827555594486789,60.092799063792176467156950809,60.092796471127157064174749898,696722500
8.81,4,0.0961373530291022582986482530,0.1205971532769,0.117728811481554,0.0966074415190604,0.0937320955253882,0.339895829244421,0.3472802068345266239255870266,0.2487108973174531239255870266,0.0985693095170735,4.9744213513063625555944867899,60.082906951586002757249037983,60.082904355561654656226808525,697514200
8.82,4,0.0960793868750341383648027031,0.120529758179037,0.117667431097078,0.0965491919244671,0.0936798753314983,0.339766655985349,0.3471470665558434755795243602,0.2485777570387699755795243602,0.0985693095170735,4.9725142572934275555944867896,60.073019524711579361944623488,60.073016925327943923348509823,698305900
8.83,4,0.0960215481356617536102924136,0.120462508860731,0.117606177599554,0.0964910703675966,0.0936277642365941,0.339637733296242,0.3470141850879356761255731115,0.2484448755708621761255731115,0.0985693095170735,4.9706108704717725555944867891,60.063165678495010454229043816,60.063163075759481826605494314,699097700
8.84,4,0.0959638477489298172275178598,0.120395413526078,0.117545059271987,0.0964330878398777,0.0935757733112035,0.339509020927047,0.3468815228565904079812794262,0.2483122133395169079812794262,0.0985693095170735,4.9687106239825545555944867894,60.053295294845686933952382876,60.053292688753387783547012141,699889400
8.85,4,0.0959062748115361688583057363,0.120328462697598,0.117484066715394,0.0963752333846936,0.0935238916773979,0.339380540407542,0.3467491006835010338768635191,0.2481797911664275338768635191,0.0985693095170735,4.9668138160745615555944867897,60.043463994625026850298332442,60.043461385184549026887730003,700681200
8.86,4,0.0958488405928542653137757040,0.120261665434977,0.117423209067545,0.0963175183265224,0.0934721307379342,0.339252258948734,0.3466168864969650372172218702,0.2480475769798915372172218702,0.0985693095170735,4.9649199873544945555944867889,60.033613695715852035381596942,60.033611082921656362809703826,701472800
8.87,4,0.0957915313755510018016209080,0.120195012008806,0.11736247667672,0.0962599288809564,0.0934204767862778,0.33912423501578,0.3464849379464514726263856989,0.2479156284293779726263856989,0.0985693095170735,4.9630299635901705555944867889,60.023778806770105915947930197,60.023776190625329491050609017,702264600
8.88,4,0.0957343699196626671983839270,0.120128521984102,0.117301889185211,0.096202487919323,0.0933689527712249,0.338996420522116,0.3463532084327094582767625460,0.2477838989156359582767625460,0.0985693095170735,4.9611430772964885555944867899,60.013976552837791058083174928,60.01397393334935701622544831,703056300
8.89,4,0.0956773238398328923279695144,0.120062162073873,0.11724141338291,0.0961451628979094,0.0933175262261301,0.338868805969458,0.3462216861639718912225502197,0.2476523766468983912225502197,0.0985693095170735,4.9592591595688265555944867891,60.004158610933414228821961314,60.004155988096587883655892292,703848100
8.90,4,0.0956204147519293104213967308,0.119995957134493,0.11718107420267,0.0960879755382794,0.0932662189492263,0.338741435423784,0.3460904168381031211784866073,0.2475211073210296211784866073,0.0985693095170735,4.9573788649808745555944867901,59.99437416015562255787209898,59.994371533977809020483042746,704639700
8.91,4,0.0955636405984886870755450385,0.11992990322067,0.117120867775287,0.0960309237729094,0.0932150289492621,0.338614282098621,0.3459593734639793840129774614,0.2473900639469058840129774614,0.0985693095170735,4.9555018069132635555944867899,59.984579654047515782762974378,59.984577024525485023318884865,705431500
8.92,4,0.0955070008178369609155520331,0.119863999884546,0.117060793728596,0.0959740070373789,0.0931639557376956,0.338487347675323,0.3458285576928957804131030682,0.2472592481758222804131030682,0.0985693095170735,4.9536280090190535555944867889,59.974794268212607776013833231,59.974791635347746725937153824,706223200
8.93,4,0.0954504857784888379799150677,0.119798236267821,0.117000841279601,0.0959172156531069,0.0931129897114328,0.338360615615842,0.3456979522749076827064023374,0.2471286427578341827064023374,0.0985693095170735,4.9517572242109885555944867892,59.965035275358910710906394536,59.965032639156629375741842336,707015000
8.94,4,0.0953940956037212499160043350,0.119732615123039,0.11694101325576,0.0958605497439731,0.0930621310694514,0.338234123502256,0.3455675948977794314924668531,0.2469982853807059314924668531,0.0985693095170735,4.9498899923265275555944867894,59.955278112467564449557334991,59.955275472927674174493660153,707806700
8.95,4,0.0953378478104992254355196269,0.119667151337259,0.116881324618663,0.0958040269125963,0.0930113974890814,0.338107831880353,0.3454374472470731631803359271,0.2468681377299996631803359271,0.0985693095170735,4.9480257645517745555944867888,59.945514599763900013478821888,59.945511956883960887120099855,708598400
8.96,4,0.0952817251979110317188858079,0.119601831381934,0.116821761913907,0.0957476298739565,0.0929607717596297,0.337981795068618,0.3453075625704266257370837588,0.2467382530533531257370837588,0.0985693095170735,4.9461653036029575555944867898,59.935795583969327527147164111,59.935792937759530951782951432,709390100
8.97,4,0.0952257230377068487428854237,0.119536644993108,0.116762314951301,0.0956913538766838,0.0929102492036715,0.337855934394142,0.3451778616757417176963595569,0.2466085521586682176963595569,0.0985693095170735,4.9443074751368285555944867888,59.926065037690574989992769693,59.926062388147053563410703636,710181900
8.98,4,0.0951698564533914226189944120,0.11947161108262,0.116703002716072,0.0956352141182334,0.0928598450922274,0.337730302439274,0.3450483983416215785171841090,0.2464790888245480785171841090,0.0985693095170735,4.9424530494751345555944867889,59.916337374858285203842896826,59.916334721981052646789281774,710973600
8.99,4,0.0951141095746977036373108708,0.119406713603605,0.116643809234364,0.0955791946507362,0.0928095435506166,0.337604898340101,0.3449191705919794359766884306,0.2463498610749059359766884306,0.0985693095170735,4.9406019983125175555944867896,59.906646314642163336539326264,59.906643658439337867127415213,711765300
9.00,4,0.0950584956718543066497152630,0.119341963965783,0.116584745988531,0.0955233088093093,0.0927593579867692,0.3374796940914,0.3447901512907778853477402511,0.2462208417737043853477402511,0.0985693095170735,4.9387539329538735555944867888,59.896938933519018602677488275,59.896936273985786939678001674,712557100
9.01,4,0.0950030120523563266213838932,0.119277360830238,0.116525811711924,0.0954675538882819,0.0927092857674552,0.337354709328135,0.3446613599367958156567291788,0.2460920504197223156567291788,0.0985693095170735,4.9369091326986365555944867893,59.887245635611117887567007227,59.887242972750138720418300162,713348800
9.02,4,0.0949476494196548049434230371,0.119212894764393,0.116466997043858,0.0954119205456473,0.0926593176227378,0.337229943076261,0.3445327949053919567949913783,0.2459634853883184567949913783,0.0985693095170735,4.9350675742755345555944867897,59.877588683755121689731040115,59.877586017574413153863163155,714140500
9.03,4,0.0948924187970659120036762684,0.119148576769295,0.11640831305691,0.095356419858623,0.0926094647015368,0.337105393854687,0.3444044554914666950854728462,0.2458351459743931950854728462,0.0985693095170735,4.9332292475847595555944867898,59.867910951375118552202223586,59.867908281868943681354732034,714932200
9.04,4,0.0948373071790597388448268177,0.119084393296112,0.116349746273409,0.0953010387580851,0.0925597140060644,0.336981055254676,0.3442763343617404840990376325,0.2457070248446669840990376325,0.0985693095170735,4.9313940475848195555944867888,59.858252731242381927989084385,59.858250058414659462480076143,715724000
9.05,4,0.0947823256651062702936799532,0.119020355139084,0.116291307558394,0.0952457883977774,0.0925100767610369,0.336856921740606,0.3441484267519825494263268345,0.2455791172349090494263268345,0.0985693095170735,4.9295619060331355555944867902,59.848616388301495880918231208,59.848613712156688489250926744,716515700
9.06,4,0.0947274730603755365426734118,0.118956462141496,0.116232996825591,0.0951906675770274,0.0924605518363932,0.336733008278798,0.3440207475860381597186147530,0.2454514380689646597186147530,0.0985693095170735,4.9277330366980445555944867889,59.838973065621218580561304195,59.838970386156955230213409665,717307500
9.07,4,0.0946727409025006548271026687,0.118892705462844,0.116174805304574,0.0951356677920894,0.0924111307986391,0.336609310345424,0.3438932917393052850312981729,0.2453239822222317850312981729,0.0985693095170735,4.9259073661750295555944867898,59.829342332750861918112269009,59.829339649969458040085772346,718099100
9.08,4,0.0946181357551600810321620112,0.118829091336475,0.116116739298418,0.0950807956387366,0.092361820313443,0.336485822522359,0.3437660542465367393121633869,0.2451967447294632393121633869,0.0985693095170735,4.92408482334216355559448679,59.819739889749059836140236328,59.81973720365659119974937311,718890900
9.09,4,0.0945636494030882203553422711,0.118765610793593,0.116058789907696,0.0950260428615328,0.0923126121949085,0.33636253489151,0.3436390245930069158968812760,0.2450697150759334158968812760,0.0985693095170735,4.9222652575870965555944867892,59.810129915453320415443732641,59.810127226047142903955018844,719682600
9.10,4,0.0945092914855150252673599320,0.118702274298017,0.116000967665246,0.0949714191468413,0.0922635161985864,0.336239458227923,0.3435122142622500225671764994,0.2449429047451765225671764994,0.0985693095170735,4.9204488333993395555944867892,59.800525655282862892511207342,59.800522962563625380116645687,720474400
9.11,4,0.0944533008838395564346694787,0.118637318303448,0.115941509093436,0.0949151547646158,0.0922127626632668,0.336116742758828,0.3433856501015666645757513379,0.2448163405844931645757513379,0.0985693095170735,4.9186359353381465555944867898,59.790938284992578091770191572,59.790935588963848194621919872,721266000
9.12,4,0.0943971569034857196591572357,0.118572221414502,0.115881892865206,0.0948587362537271,0.092161838196309,0.335994223103272,0.3432592702798743763963832576,0.2446899607628008763963832576,0.0985693095170735,4.9168256777385005555944867894,59.781373793312211186973182548,59.781371093978529210530083847,722057800
9.13,4,0.0943411405952772251204203621,0.11850726922963,0.115822404646982,0.0948024460392698,0.0921110252909492,0.335871934775084,0.3431331301515745284796955568,0.2445638206345010284796955568,0.0985693095170735,4.9150188534937955555944867898,59.771811801114346971022408448,59.771809098475770827132318149,722849600
9.14,4,0.0942852595084350396609289196,0.118442467386491,0.115763050144056,0.0947462917073787,0.0920603316011201,0.335749849640122,0.3430072020490404043056064434,0.2444378925319669043056064434,0.0985693095170735,4.9132150662944715555944867897,59.762247910493553108176260843,59.762245204548865402736174188,723641300
9.15,4,0.0942295162877071869920711205,0.118377818296646,0.115703831835278,0.094690275915734,0.0920097598519573,0.335627964081198,0.3428814825368114224353687578,0.2443121730197379224353687578,0.0985693095170735,4.9114142669311805555944867902,59.752696748745053607231107278,59.752694039496554825897964728,724433000
9.16,4,0.0941738966522405673353157894,0.118313308514468,0.115644736341976,0.0946343843136527,0.0919592957598931,0.335506291537697,0.3427559840882833909636992645,0.2441866745712098909636992645,0.0985693095170735,4.9096166340721565555944867897,59.743175570081276026764313874,59.743172857535551484822184028,725224800
9.17,4,0.0941184131756425688202001062,0.118248949713996,0.115585775404801,0.0945786295362241,0.091908952026794,0.33538481782004,0.3426306933674319378767040750,0.2440613838503584378767040750,0.0985693095170735,4.9078219766929215555944867898,59.733650054303673369563344847,59.73364733845890372243501528,726016500
9.18,4,0.0940630649631937744049005343,0.118184742381904,0.115526949576708,0.0945230106843538,0.0918587278200069,0.33526356277243,0.3425056302086906228141442862,0.2439363206916171228141442862,0.0985693095170735,4.9060305789008085555944867891,59.724127422850107072033783459,59.724124703706384163336015219,726808300
9.19,4,0.0940078511154288935534580904,0.118120684495839,0.11546825690129,0.0944675268541783,0.0918086223017756,0.335142510426651,0.3423807785462699614070637177,0.2438114690291964614070637177,0.0985693095170735,4.90424221057033455559448679,59.714623543271800550158923803,59.714620820832941182280870252,727599900
9.20,4,0.0939527509032904735316435174,0.118056754012202,0.115409675400562,0.0944121572152801,0.0917586147074578,0.335021644156244,0.3422561202611058127624871623,0.2436868107440323127624871623,0.0985693095170735,4.9024566121650235555944867893,59.705141624086295852621047938,59.705138898356760787149350648,728391700
9.21,4,0.0938977946673231888965354317,0.11799298450386,0.115351238712678,0.0943569322565618,0.0917087355914012,0.334901006994682,0.3421317006283216509872104928,0.2435623911112481509872104928,0.0985693095170735,4.9006744322032485555944867894,59.695651826382002338565671842,59.695649097359386214725509663,729183400
9.22,4,0.0938429621331034615685046266,0.117929353107797,0.115292924039579,0.0943018316044628,0.0916589646451625,0.334780564048006,0.3420074832486479710068925497,0.2434381737315744710068925497,0.0985693095170735,4.8988951493038795555944867893,59.686178661682324487821673111,59.686175929369883082994907507,729975200
9.23,4,0.0937882631005726439349658113,0.117865870924714,0.115234742546602,0.0942468651068438,0.0916093117813936,0.334660332884282,0.3418834864262082686985697433,0.2433141769091347686985697433,0.0985693095170735,4.89711902565417255559448679,59.676706479453599301816689338,59.676703743850945298427199454,730766800
9.24,4,0.0937336961507880645725983124,0.117802534923948,0.115176691267391,0.0941920313378238,0.0915597756386803,0.334540290599319,0.3417596871056838587063120917,0.2431903775886103587063120917,0.0985693095170735,4.8953457310110135555944867895,59.667251745023087613554763274,59.667249006133653046216900945,731558600
9.25,4,0.0936792520124736708628069533,0.117739336702649,0.115118761863086,0.0941373209807926,0.0915103469645572,0.334420450581386,0.3416360980610410998068083849,0.2430667885439675998068083849,0.0985693095170735,4.89357544834799255559448679,59.657823906594875942131575897,59.657821164424499885737788656,732350300
9.26,4,0.0936249396486123217651749822,0.117676285932864,0.115060964069403,0.0940827430425597,0.0914610348296587,0.33430082202484,0.3415127291433691437084323180,0.2429434196262956437084323180,0.0985693095170735,4.8918083187715675555944867888,59.648387846599141890969547271,59.648385101145221470242196908,733142100
9.27,4,0.0935707483230561384479234284,0.117613370935825,0.115003286270925,0.0940282867344801,0.0914118285088458,0.334181392572641,0.3413895672154779495961314157,0.2428202576984044495961314157,0.0985693095170735,4.89004415410535255559448679,59.638959385323079843265886473,59.638956636586755642018482754,733933800
9.28,4,0.0935166900869449922488402116,0.117550604246481,0.114945741065638,0.0939739641666208,0.0913627401753754,0.334062167873593,0.3412666187912029722224499712,0.2426973092741294722224499712,0.0985693095170735,4.8882830476531675555944867894,59.62954358536368478137549922,59.629540833347388213911877651,734725500
9.29,4,0.0934627615865424667322659684,0.117487981528309,0.114888324179741,0.0939197719688466,0.0913137665219872,0.333943134221009,0.3411438698991202986406840602,0.2425745603820467986406840602,0.0985693095170735,4.886524799289106555594486789,59.620131715665588745975053517,59.620128960369523237633045721,735517200
9.30,4,0.0934089544091081492641967517,0.117425495832971,0.114831028727304,0.0938657016872806,0.0912648991573674,0.333824313435938,0.3410213418267863660838702219,0.2424520323097128660838702219,0.0985693095170735,4.8847697139349545555944867888,59.610759967331226170709521651,59.610757208764580405176790255,736309000
9.31,4,0.0933552762895405843378042794,0.117363153708931,0.114773861318894,0.0938117610946433,0.0912161459164877,0.333705687734939,0.3408990172952095906439663699,0.2423297077781360906439663699,0.0985693095170735,4.88301754408738855559448679,59.601374420866733277988167321,59.601371659025446229975653937,737100700
9.32,4,0.0933017201939414729608915125,0.117300948766161,0.114716815626274,0.0937579431226421,0.0911674997929987,0.333587267060157,0.3407769057808793859264834707,0.2422075962638058859264834707,0.0985693095170735,4.8812684254871205555944867897,59.5920011297277010388185038,59.591998364614134711916730118,737892400
9.33,4,0.0932482923250370730071144851,0.11723888560935,0.114659896315616,0.0937042540043334,0.091118967081592,0.333469027902872,0.3406549841578391935175659817,0.2420856746407656935175659817,0.0985693095170735,4.8795220268792235555944867891,59.582631422515484643167462603,59.582628654129709333990065956,738684200
9.34,4,0.0931949838806355022622650264,0.117176957690063,0.11460309689967,0.0936506848944845,0.0910705389983654,0.333351003413449,0.3405332850431736203784174959,0.2419639755261001203784174959,0.0985693095170735,4.87777881546901955559448679,59.573275754982954022779008474,59.573272983327859101414116212,739475900
9.35,4,0.0931418040674604883191401076,0.117115172109987,0.114546424540996,0.0935972450448379,0.0910222248560879,0.333233162517299,0.3404117779376245562149046996,0.2418424684205510562149046996,0.0985693095170735,4.8760383543868165555944867893,59.563931712479828871115474751,59.563928937557475941878415661,740267600
9.36,4,0.0930887441566350713445870360,0.117053522163729,0.114489872594783,0.0935439256838344,0.0909740159439256,0.333115535064078,0.3402904921546158914640673714,0.2417211826375423914640673714,0.0985693095170735,4.8743010635164825555944867894,59.554595554914443080970934352,59.554592776726228703083223064,741059300
9.37,4,0.0930358105865624266694336933,0.116992013716338,0.114433446986356,0.0934907332813596,0.0909259187921889,0.332998112174059,0.3401694192493830708322124104,0.2416001097323095708322124104,0.0985693095170735,4.8725668218956755555944867888,59.545291425842923415231332233,59.545288644396073000417587031,741851100
9.38,4,0.0929830060991372573018268457,0.116930647049142,0.114377148057022,0.0934376705927153,0.0908779362163066,0.33288085836735,0.3400485238522679934589915485,0.2414792143351944934589915485,0.0985693095170735,4.8708351228913625555944867899,59.535975452288831250427984993,59.5359726675795873954763964,742642800
9.39,4,0.0929303182906129031056343902,0.116869411597198,0.114320965301525,0.0933847251535035,0.0908300558117112,0.332763801238537,0.3399278327578293693706006481,0.2413585232407558693706006481,0.0985693095170735,4.86910635030732555559448679,59.526671362753970004521337264,59.526668574784589060310346381,743434600
9.40,4,0.0928777492777088628063698961,0.116808310889626,0.114264902308374,0.093331899090794,0.0907822797650084,0.332646960759407,0.3398073661395242633423717503,0.2412380566224507633423717503,0.0985693095170735,4.8673807931070515555944867892,59.517381258037766176559739104,59.517378466811191540886339316,744226200
9.41,4,0.0928253052056514978241266225,0.116747349083298,0.114208963293542,0.0932791985798618,0.0907346143107159,0.332530307845712,0.3396870952780440983038909913,0.2411177857609705983038909913,0.0985693095170735,4.8656580399167475555944867888,59.508097315441426434669010068,59.508094520958463704616675299,745018000
9.42,4,0.0927729892722403545076783021,0.116686530945414,0.114153153083034,0.0932266268341429,0.0906870627212215,0.332413864600953,0.3395670425596933961638879995,0.2409977330426198961638879995,0.0985693095170735,4.8639384113966055555944867899,59.498825894170974617151456988,59.498823096434174458125726623,745809700
9.43,4,0.0927207878465111750186453823,0.11662584028997,0.114097455549367,0.093174170156021,0.090639611357571,0.332297595913784,0.3394471718336574616259327073,0.2408778623165839616259327073,0.0985693095170735,4.8622213897243485555944867892,59.489559655488235750719271413,59.489556854498065345337654857,746601500
9.44,4,0.0926687149063150688746593525,0.116565292720984,0.114041886354791,0.0931218425916954,0.0905922743243382,0.332181523567466,0.3393275059226786871104978604,0.2407581964056051871104978604,0.0985693095170735,4.8605073018116805555944867894,59.480308793326653904598242711,59.480305989086267845764638931,747393200
9.45,4,0.0926167451216754562238217058,0.116504863170185,0.11398642048898,0.0930696186873322,0.0905450262257773,0.332065653960615,0.3392080494651546345063969125,0.2406387399480811345063969125,0.0985693095170735,4.8587962140987525555944867895,59.471086784319556329679727478,59.471083976835453888526750978,748184900
9.46,4,0.0925649121689074438206315270,0.116444583371869,0.113931089743897,0.0930175322839154,0.0904979009606763,0.331949955780434,0.3390887734422587492265367151,0.2405194639251852492265367151,0.0985693095170735,4.8570877109214925555944867893,59.461851018614434267425160237,59.461848207882458877683954768,748976600
9.47,4,0.0925131929481480177610923129,0.116384433982393,0.113875874833277,0.0929655601686293,0.0904508753737406,0.33183448516524,0.3389697325102167186266583092,0.2404004229931432186266583092,0.0985693095170735,4.8553825751726645555944867891,59.452632933043973730201487162,59.452630119068119794288278974,749768400
9.48,4,0.0924615898379984597123464429,0.116324412326368,0.113820773138832,0.092913704731706,0.0904039519124421,0.331719169585814,0.3388508541338451955446471798,0.2402815446167716955446471798,0.0985693095170735,4.8536797678623005555944867897,59.443415629687180113544560517,59.443412812466711496813446765,750560100
9.49,4,0.0924101086676421567500755096,0.116264529096229,0.113765795409819,0.0928619718308321,0.090357136491428,0.331604077973764,0.3387322078266671976855465413,0.2401628983095936976855465413,0.0985693095170735,4.8519802846982725555944867899,59.434215211797149344194627751,59.434212391335857814686987291,751351800
9.50,4,0.0923587434852319326734884018,0.116204773569451,0.113710930980258,0.0928103554850574,0.0903104231864308,0.33148914272631,0.3386137254065592737396394205,0.2400444158894857737396394205,0.0985693095170735,4.850283149043602555594486789,59.425019499274084875971217518,59.425016675572219185390128896,752143600
9.51,4,0.0923075007493793934674273911,0.116145156660907,0.11365619082129,0.0927588621845746,0.0902638185440494,0.33137442688875,0.3384954705305524126512193260,0.2399261610134789126512193260,0.0985693095170735,4.8485892727180935555944867897,59.415839570814397124500765854,59.415836743875458735804650097,752935300
9.52,4,0.0922563722153328446984144548,0.116085668017648,0.113601564635961,0.0927074836443171,0.0902173143353491,0.331259901174403,0.3383774132650263970987086526,0.2398081037479528970987086526,0.0985693095170735,4.8468982269542195555944867897,59.40667118022567231681858043,59.406668350051881148741211799,753727000
9.53,4,0.0922053664192161074586404884,0.116026314341162,0.113547059181483,0.0926562284421483,0.0901709191940523,0.331145538446386,0.3382595270105632428653423902,0.2396902174934897428653423902,0.0985693095170735,4.8452096307433835555944867894,59.397510745664715281864266052,59.397507912257197682562761261,754518700
9.54,4,0.0921544627049447655338353874,0.115967079471619,0.113492658353477,0.0926050758209805,0.0901246124186585,0.33103140516955,0.3381418769467224870947070535,0.2395725674296489870947070535,0.0985693095170735,4.8435244177140035555944867897,59.388359925789677359560205653,59.388357089150519617389527579,755310500
9.55,4,0.0921036921703813774283154993,0.115907990692723,0.113438389490831,0.0925540570307374,0.0900784253144089,0.33091744352917,0.3380244073066786645631159746,0.2394550977896051645631159746,0.0985693095170735,4.84184178906514555559448679,59.379218868181584867803618439,59.379216028312449937963621787,756102200
9.56,4,0.0920530227211721701213257135,0.11584901574531,0.113384220389294,0.0925031398201314,0.0900323256850654,0.330803654535004,0.3379071168512737674143542894,0.2393378073342002674143542894,0.0985693095170735,4.840161727047178555594486789,59.370087259049310034984585015,59.370084415951780290164018464,756894000
9.57,4,0.0920024864086354430260271519,0.115790189408542,0.113330185882679,0.0924523563972042,0.0899863457934519,0.330690073827237,0.3377900435637604277745182784,0.2392207340466869277745182784,0.0985693095170735,4.8384847757301195555944867898,59.360968894998038554179049579,59.360966048674955951497070504,757685600
9.58,4,0.0919520504100260815176630163,0.1157314767632,0.113276251106151,0.0924016737787152,0.0899404527108453,0.330576674868085,0.3376731585389507579065459384,0.2391038490218772579065459384,0.0985693095170735,4.8368105210776505555944867899,59.351875901767110492272591067,59.351873052224062293808747777,758477400
9.59,4,0.0919017350695057469736045185,0.115672898892103,0.11322243719665,0.0923511124083043,0.0898946669351392,0.330463466080538,0.3375564716537560558020670771,0.2389871621366825558020670771,0.0985693095170735,4.8351391045661045555944867893,59.342779892587381462697132515,59.342777039823070783913570241,759269200
9.60,4,0.0918515317114646710371067397,0.11561444637937,0.113168734792155,0.09230066356794,0.0898489798022935,0.330350437785562,0.3374399725996566186243172403,0.2388706630825831186243172403,0.0985693095170735,4.8334703785368135555944867898,59.333687030027829818108303201,59.33368417404239242927334324,760060900
9.61,4,0.0918014482459286712820603154,0.115556127174732,0.113115151895998,0.0922503352063262,0.0898033993147434,0.330237589716523,0.3373236616689527893012783605,0.2387543521518792893012783605,0.0985693095170735,4.8318043471766715555944867894,59.324603074362277677944174365,59.324600215157274473452376746,760852600
9.62,4,0.0917514752905652139480982567,0.115497933316763,0.113061680600095,0.0922001178952531,0.0897579160977506,0.330124943174923,0.3372075595596178230745997784,0.2386382500425443230745997784,0.0985693095170735,4.8301413069623065555944867902,59.315534358009197205575122383,59.315531495587930199190879042,761644400
9.63,4,0.0917016226838567013877035579,0.115439873713146,0.113008329865211,0.0921500215213108,0.0897125400911198,0.330012483812764,0.3370916525836752116409135424,0.2385223430666017116409135424,0.0985693095170735,4.8284810618278975555944867893,59.306477953476638342007966921,59.306475087841581865983593141,762436100
9.64,4,0.0916518681185416186436658512,0.115381923944937,0.112955075325234,0.0921000236681608,0.0896672489314703,0.329900183770568,0.3369759112498187827159996746,0.2384066017327452827159996746,0.0985693095170735,4.8268231893416005555944867893,59.297427630583737650461577866,59.297424761735588786987787853,763227800
9.65,4,0.0916022345760921116573096678,0.115324110705215,0.112901943725817,0.092050147429649,0.0896220657653517,0.329788093709629,0.3368603879616148987129999244,0.2382910784445413987129999244,0.0985693095170735,4.8251684401292115555944867895,59.288384364365662914329339351,59.288381492305811200247338376,764019500
9.66,4,0.0915527183214452040741273333,0.11526642829088,0.112848929416182,0.0920003890524488,0.0895769868918876,0.329676185874295,0.3367450546368449097814520128,0.2381757451197714097814520128,0.0985693095170735,4.8235164119425785555944867899,59.279359962222744372206971918,59.279357086955257047334238061,764811300
9.67,4,0.0915033115519125247164172189,0.115208868276611,0.11279602402308,0.0919507406957188,0.0895320045224351,0.329564452176302,0.3366299026228596293123599475,0.2380605931057861293123599475,0.0985693095170735,4.8218669808416315555944867901,59.270336869746374591919803968,59.270333991270926936780419891,765603000
9.68,4,0.0914540128957840407492124037,0.115151430963666,0.112743227899591,0.0919012009810414,0.089487117330525,0.329452916680617,0.3365149559506344572585143631,0.2379456464335609572585143631,0.0985693095170735,4.820220491044737555594486789,59.261327886658674591304827346,59.261325004978309039373573403,766394800
9.69,4,0.0914048227640620241061530138,0.115094113799405,0.112690538544648,0.0918517703214286,0.0894423257808687,0.32934153695844,0.3364001721202582187662226756,0.2378308626031847187662226756,0.0985693095170735,4.8185763337855115555944867891,59.252331882293037063697601907,59.252328997410161640865764309,767186400
9.70,4,0.0913557503539549837682405583,0.11503692942603,0.112637968651779,0.0918024579590612,0.0893976391670988,0.329230361305968,0.3362856001957366729006812071,0.2377162906786631729006812071,0.0985693095170735,4.8169352118540675555944867895,59.243343396351722026109809059,59.24334050826782577476607226,767978200
9.71,4,0.0913067854362263545800029906,0.114979866506833,0.112585506935359,0.0917532536146841,0.0893530472611663,0.32911937495635,0.3361712246589439200572408385,0.2376019151418704200572408385,0.0985693095170735,4.8152969029696255555944867896,59.23436488656886787538461483,59.234361995285920665098820005,768769900
9.72,4,0.0912579363596223460911904109,0.114922932188325,0.112533160592734,0.0917041656778667,0.089308558503602,0.329008559836465,0.3360570279828460925719497712,0.2374877184657725925719497712,0.0985693095170735,4.8136611560759185555944867888,59.225398833825583219744037998,59.225395939346024217643427794,769561700
9.73,4,0.0912091861102462645818225190,0.114866109449843,0.112480912653837,0.0916551770515186,0.0892641558480337,0.328897917632794,0.3359430106660444529248331740,0.2373737011489709529248331740,0.0985693095170735,4.8120279783148835555944867901,59.216439014218731185690472324,59.216436116543473974232408137,770353300
9.74,4,0.0911605515266606470147685715,0.114809416861289,0.112428781738924,0.0916063046565388,0.0892198562658366,0.328787471332784,0.3358291969388729593616521107,0.2372598874217994593616521107,0.0985693095170735,4.8103977167604885555944867899,59.207486813496934045723012399,59.207483912627449992959028897,771145100
9.75,4,0.0911120330360819225278504236,0.114752852333917,0.112376765809361,0.0915575489222327,0.0891756602365521,0.328677184908091,0.3357155507185426600721972808,0.2371462412014691600721972808,0.0985693095170735,4.8087698545648535555944867892,59.198550252359122242721877399,59.198547348298560574950978277,771936800
9.76,4,0.0910636208354907886251308942,0.114696409738887,0.112324858786185,0.0915088999976466,0.0891315579592233,0.32856711192796,0.3356021250197600101182300006,0.2370328155026865101182300006,0.0985693095170735,4.8071451511077115555944867888,59.189622642280216380269696945,59.189619735030539624894700236,772728600
9.77,4,0.0910153034181438587756056881,0.114640073729278,0.11227304537211,0.091460346319772,0.0890875379206007,0.328457198680236,0.3354888651941247501914210869,0.2369195556770512501914210869,0.0985693095170735,4.8055228236083895555944867899,59.180706027351176041375556657,59.18070311691438654985311858,773520300
9.78,4,0.0909671135619947068221358394,0.114583878599145,0.112221359910596,0.0914119208268386,0.089043633108437,0.328347463400438,0.3353757918284136031859492812,0.2368064823113401031859492812,0.0985693095170735,4.8039031669507425555944867896,59.171795247178114276678333439,59.171792333555123090510216306,774312000
9.79,4,0.0909190170458186746567315615,0.114527789746589,0.11216976784891,0.0913635891302884,0.0889998091834617,0.328237904235081,0.3352629006633810526972556297,0.2366935911463075526972556297,0.0985693095170735,4.8022861201255725555944867894,59.162898758897531448358111296,59.162895842091312179056575823,775103700
9.80,4,0.0908710355758987343907762818,0.114471830724786,0.112118292789163,0.0913153730425427,0.0889560880071503,0.328128545312994,0.3351502174154777085572475329,0.2365809078984042085572475329,0.0985693095170735,4.8006720514939005555944867888,59.154012515418928974091006907,59.154009595431685373816608426,775895500
9.81,4,0.0908231590059548588469587438,0.114415986997238,0.112066920243559,0.0912672623677087,0.0889124594324317,0.328019324913268,0.3350376795035272525120850246,0.2364683699864537525120850246,0.0985693095170735,4.79906006464640655559448679,59.145109371000795075446380022,59.14510644782746914903434001,776687200
9.82,4,0.0907753871776924681920863182,0.114360263845347,0.112015655541974,0.0912192569467177,0.0888689233488278,0.327910320840425,0.3349253649143177861138710313,0.2363560553972442861138710313,0.0985693095170735,4.7974512766615445555944867896,59.136248685340431397252550325,59.136245758991353660842037116,777478900
9.83,4,0.0907277185318104419003680657,0.11430465599856,0.111964493462097,0.0911713552126441,0.088825478237774,0.327801480181484,0.3348132204994696227803402568,0.2362439109823961227803402568,0.0985693095170735,4.7958449262448535555944867892,59.12739006217441925030650517,59.127387132649459256137604381,778270700
9.84,4,0.0906801641916220141175226858,0.114249175916025,0.111913446511092,0.0911235683431914,0.0887821353251061,0.327692820868261,0.3347012650195747840332205956,0.2361319555025012840332205956,0.0985693095170735,4.79424128212201955559448679,59.118541083380677915321760153,59.118538150681754196782265904,779062400
9.85,4,0.0906327125278222050504171096,0.114193811107782,0.111862502246786,0.0910758846521901,0.0887388829725601,0.327584331810734,0.3345894865437045032272144262,0.2360201770266310032272144262,0.0985693095170735,4.7926401733950765555944867895,59.109703380273969485405635247,59.109700444403307800682541973,779854100
9.86,4,0.0905853646636253832140534016,0.114138562418462,0.111811661561376,0.0910283052683468,0.0886957223565221,0.327476008903738,0.3344778810389284325477856514,0.2359085715218549325477856514,0.0985693095170735,4.7910415422965525555944867897,59.100873960709294704020760788,59.100871021668350259609645174,780645800
9.87,4,0.0905381193246245823691502404,0.114083429845023,0.111760924499156,0.0909808289110231,0.0886526522438086,0.327367870459123,0.3343664667755805633665305326,0.2357971572585070633665305326,0.0985693095170735,4.7894456505297045555944867899,59.092060245585067078537047619,59.092057303377304038742514811,781437600
9.88,4,0.0904909870769052223788370991,0.114028424078767,0.111710301798547,0.0909334661979699,0.0886096832994019,0.327259917154663,0.3342552451788586448711553915,0.2356859356617851448711553915,0.0985693095170735,4.7878525185089865555944867895,59.083247279445471071491393421,59.08324433407066198758507537,782229300
9.89,4,0.0904439557805841470951744415,0.11397353181741,0.111659780204159,0.090886204929943,0.0885668033710675,0.327152133638884,0.3341442000100341021661922697,0.2355748904929606021661922697,0.0985693095170735,4.7862619136317455555944867891,59.074451020293138992460030056,59.074448071754881669239680166,783021100
9.90,4,0.0903970284269901541796141552,0.113918756063594,0.11160936276531,0.0908390481128981,0.0885240155115496,0.327044519756161,0.3340333313265722499394048815,0.2354640218094987499394048815,0.0985693095170735,4.7846738367211115555944867897,59.065667167610960622564792638,59.065664215911793551558281202,783812700
9.91,4,0.0903502023965988252389312596,0.113864094816269,0.111559047527403,0.0907919931145019,0.0884813171350842,0.326937084622927,0.3339226480863509696289939515,0.2353533385692774696289939515,0.0985693095170735,4.7830884160892335555944867889,59.056884496268083473172277721,59.05688154140784225460781322,784604500
9.92,4,0.0903034867390002671530981072,0.113809557659575,0.111508844120818,0.0907450490285948,0.0884387173818623,0.326829834930013,0.3338121576356851831550505215,0.2352428481186116831550505215,0.0985693095170735,4.7815057569643215555944867892,59.048117553398134545434806562,59.048114595380341471242913761,785396200
9.93,4,0.0902568629111922279875061632,0.113755122683738,0.111458730681802,0.0906981972215038,0.0883961976643446,0.326722724474469,0.3337018123590344234037816427,0.2351325028419609234037816427,0.0985693095170735,4.779925177303998555594486789,59.039356790082821817235623872,59.03935382890821093137631391,786188000
9.94,4,0.0902103511092748335595486128,0.113700815309451,0.111408732676853,0.0906514579880831,0.088353778323303,0.326615825847292,0.3335916864470208989344670548,0.2350223769299473989344670548,0.0985693095170735,4.778347739810647555594486789,59.030592059851250459719593524,59.030589095518695792212495972,786979600
9.95,4,0.0901639388484872402740792746,0.113646618665336,0.111358833280186,0.0906048187825242,0.0883114468586323,0.32650907762488,0.3334817174519605672769239988,0.2349124079348870672769239988,0.0985693095170735,4.7767725499870845555944867897,59.021853259510938468016674054,59.021850292026203331387294031,787771400
9.96,4,0.0901176269210530953254040680,0.113592535766177,0.111309035551963,0.0905582804009248,0.0882692041119193,0.326402511504952,0.3333719372078226928433460718,0.2348026276907491928433460718,0.0985693095170735,4.7752000638213305555944867892,59.013133357363117017530755675,59.013130386730508123807781949,788563100
9.97,4,0.0900714251199562821212119347,0.113538574828373,0.11125934775375,0.090511852684154,0.0882270599693105,0.326296103909683,0.3332623227705169574308302676,0.2346930132534434574308302676,0.0985693095170735,4.7736299526635005555944867894,59.00441160853865580578088838,59.00440863475711895115214603,789354900
9.98,4,0.0900253242389376595443892781,0.113484728564718,0.111209762643296,0.0904655263809361,0.0881850052245966,0.326189883246502,0.3331529019730770949792335053,0.2345835924560035949792335053,0.0985693095170735,4.7720626151924355555944867897,58.995706086082725666484307122,58.995703109155960952690553145,790146600
9.99,4,0.0899793109258692483831876749,0.11343098140131,0.111160264691449,0.0904192880738547,0.0881430265052171,0.326083819141656,0.3330436434324811223521247284,0.2344743339154076223521247284,0.0985693095170735,4.7704976018794585555944867889,58.987005731767250054604740449,58.987002751695930428218167519,790938300
10.00,4,0.0899334083222619547956839152,0.11337735959658,0.111110880201176,0.090373161017577,0.0881011471104866,0.325977953735769,0.3329345910215032187723016613,0.2343652815044297187723016613,0.0985693095170735,4.7689355411557685555944867898,58.978319878518599565235615847,58.978316895306122676057457779,791730000
10.01,4,0.0899210992525086444076591771,0.113357422766787,0.111095168833069,0.0903607917594387,0.0880930136321808,0.325869868890111,0.3328256734954605351661220174,0.2342563639783870351661220174,0.0985693095170735,4.7673754125164555555944867894,58.969637543584873046290945763,58.96963455723126800295572549,792521900
10.02,4,0.0899069021873574274076591771,0.113335607742475,0.111077567461796,0.09034652527406,0.0880829710891531,0.325762123303416,0.3327169625620063562209590849,0.2341476530449328562209590849,0.0985693095170735,4.76581824309799255559448679,58.960950332652931631165020183,58.96094734315678195493539142,793313600
10.03,4,0.0898927492065473764076591771,0.113313848966327,0.111060010573963,0.0903323030885843,0.088072961052575,0.325654547860514,0.3326084244608907571000620782,0.2340391149438172571000620782,0.0985693095170735,4.7642635493204205555944867892,58.952291824603796817475047042,58.952288831971764825184136737,794105200
10.04,4,0.0898786185479856774076591771,0.113292123061976,0.111042474836919,0.0903181033345073,0.0880629616977661,0.325547121758542,0.3325000368123231337289946074,0.2339307272952496337289946074,0.0985693095170735,4.7627110106168525555944867893,58.943643649162738134660802217,58.943640653396710957241418931,794897000
10.05,4,0.0898645310734461584076591771,0.113270455219436,0.111024985484192,0.0903039469756119,0.0880529940321302,0.325439904700317,0.3323918609338890719330533089,0.2338225514168155719330533089,0.0985693095170735,4.7611615052970045555944867895,58.935007263128548910707891049,58.935004264231336713954839763,795688800
10.06,4,0.0898504756969712214076591771,0.113248829741892,0.111007526862281,0.090289822871733,0.0880430469589209,0.325332831908714,0.3322838311143239027265398029,0.2337145215972504027265398029,0.0985693095170735,4.75961409211634355559448679,58.926373259465295293030951662,58.926370257436773912195733391,796480500
10.07,4,0.0898364434059651164076591771,0.113227240837436,0.110990093222391,0.0902757219662052,0.0880331114646914,0.325225950385188,0.3321759938395745254243778356,0.2336066843225010254243778356,0.0985693095170735,4.75806943693701055559448679,58.917759471843668608583367395,58.917756466688593817591283517,797272200
10.08,4,0.0898224632611936814076591771,0.113205716104066,0.110972712205432,0.0902616734618947,0.0880232167953258,0.325119236156244,0.3320683271226759889282098960,0.2334990176056024889282098960,0.0985693095170735,4.7565272248189315555944867896,58.909148509991135532439184058,58.909145501709727981885945752,798063900
10.09,4,0.0898084962996028124076591771,0.113184215686846,0.110955343999186,0.0902476382052273,0.0880133238400702,0.325012680556249,0.3319608195419439464777651150,0.2333915100248704464777651150,0.0985693095170735,4.7549872921585295555944867891,58.900523287856652267196294391,58.900520276444762663147690494,798855700
10.10,4,0.0897945821895403164076591771,0.1131627818372,0.110938030897595,0.0902336560585195,0.0880034725038635,0.324906316356038,0.3318535067386623696739496582,0.2332841972215888696739496582,0.0985693095170735,4.7534501494795915555944867893,58.891937882079918364097040703,58.891934867547244712892015224,799647400
10.11,4,0.0897806900417559854076591771,0.113141380559658,0.11092073894751,0.0902196959814801,0.0879936317888404,0.324800102375563,0.3317463452646431169871162211,0.2331770357475696169871162211,0.0985693095170735,4.751915174432665555594486789,58.883358955023905946472032105,58.883355937371426437803130035,800439100
10.12,4,0.0897668400387949714076591771,0.113120034983761,0.110903491320602,0.090205778255342,0.0879838220184646,0.324694078636361,0.3316393766603072146562997349,0.2330700671432337146562997349,0.0985693095170735,4.7503829620404525555944867899,58.87479212190053503429155286,58.874789101131016567271235526,801230800
10.13,4,0.0897530119726928734076591771,0.113098723988712,0.110886266938006,0.0901918825733289,0.0879740229279961,0.324588234203564,0.3315325885470371444739134519,0.2329632790299636444739134519,0.0985693095170735,4.7488533349923175555944867899,58.866229957200342627758319993,58.866226933314588604221382028,802022600
10.14,4,0.0897392277578944144076591771,0.113077466938104,0.110869085205059,0.0901780309570416,0.0879642565808793,0.324482530293996,0.3314259435897760806301029973,0.2328566340727025806301029973,0.0985693095170735,4.7473257585029645555944867901,58.857683909068282086622974661,58.857680882069627341372751041,802814300
10.15,4,0.0897254743822041554076591771,0.113056253781358,0.110851936112728,0.0901642103306584,0.0879545099429435,0.324377010624313,0.3313194847004968925857402218,0.2327501751834233925857402218,0.0985693095170735,4.74580084724112755559448679,58.849118664994615848272426173,58.849115634877950015502784283,803606000
10.16,4,0.0897117529067862534076591771,0.11303508505341,0.110834820237313,0.0901504217605322,0.0879447841220019,0.324271667554816,0.3312132042983085672283417443,0.2326438947812350672283417443,0.0985693095170735,4.7442784926185415555944867901,58.84059046164606241794348931,58.840587428420296448243093156,804397800
10.17,4,0.0896980541729197834076591771,0.113013949338617,0.110817726204336,0.0901366560431582,0.0879350699558198,0.324166469768933,0.3311070703494819957511250018,0.2325377608324084957511250018,0.0985693095170735,4.742758235785836555594486789,58.832070943014856682731604795,58.832067906681514343529391719,805189500
10.18,4,0.0896844062418651444076591771,0.112992877646146,0.110800685063948,0.0901229413770094,0.0879253956839516,0.324061456473891,0.3310011241316869838331077980,0.2324318146146134838331077980,0.0985693095170735,4.741240668002079555594486789,58.823559582839817032603809482,58.823556543400674774781281504,805981200
10.19,4,0.0896707820283082774076591771,0.112971840634327,0.110783667515272,0.0901092505443313,0.0879157341295358,0.323956598243901,0.3308953342468872487278227331,0.2323260247298137487278227331,0.0985693095170735,4.7397253395235295555944867891,58.815055386934546960509210183,58.815052344390850187871354891,806772900
10.20,4,0.0896571887854212304076591771,0.112950848142905,0.11076668343866,0.0900955908337621,0.0879060926219173,0.323851931304123,0.3307897375212204559194990929,0.2322204280041469559194990929,0.0985693095170735,4.7382127778457525555944867895,58.806543742073221937592729396,58.806540696422894602578405357,807564700
10.21,4,0.0896436259706617704076591771,0.112929896781051,0.110749729483706,0.0900819617001068,0.0878964706564214,0.323747414976322,0.3306842931418270916271324183,0.2321149836247535916271324183,0.0985693095170735,4.7367023983675985555944867896,58.798065395007911282742036723,58.798062346258730175155264462,808356400
10.22,4,0.0896300959554245874076591771,0.112908990427345,0.110732809569226,0.0900683655263554,0.087886870656374,0.323643070562376,0.3305790226320592505442751458,0.2320097131149857505442751458,0.0985693095170735,4.7351945093883765555944867891,58.789589839885018973379508307,58.789586788037313231153502284,809148200
10.23,4,0.0896165986827046834076591771,0.112888128876549,0.110715923530035,0.0900548022552244,0.0878772926046432,0.323538895945642,0.3304739238689058307410527195,0.2319046143518323307410527195,0.0985693095170735,4.7336890804981925555944867897,58.781129190398677141896257843,58.781126135455803426993896631,809939800
10.24,4,0.0896031417304981404076591771,0.112867318414213,0.110699077691557,0.0900412795017643,0.0878677441562486,0.32343487184468,0.3303689780591359668595519178,0.2317996685420624668595519178,0.0985693095170735,4.7321858425038435555944867893,58.772676901718894596892025992,58.772673843682399609240908346,810731600
10.25,4,0.0895897055413854434076591771,0.112846541766814,0.110682254819959,0.0900277776129246,0.0878582056979269,0.323331032971846,0.3302642186283770310296114047,0.2316949091113035310296114047,0.0985693095170735,4.7306852741921735555944867898,58.764217726025216921890149379,58.764214664893131541826173772,811523300
10.26,4,0.0895763119130126534076591771,0.112825819320784,0.110665475341182,0.0900143184929365,0.0878486991735156,0.323227356853908,0.3301596245829800979345830319,0.2315903150659065979345830319,0.0985693095170735,4.7291870748513125555944867892,58.755785259977811415601872094,58.755782195756419743802621108,812315100
10.27,4,0.0895629387604427444076591771,0.112805126814609,0.110648715033042,0.0900008799488731,0.087839202429514,0.323123814680933,0.3300551654935400906802222364,0.2314858559764665906802222364,0.0985693095170735,4.7276908086121395555944867895,58.747356031331741671866231011,58.747352964021153899111717459,813106800
10.28,4,0.0895496083342206414076591771,0.112784491644432,0.110632001330834,0.089987484340079,0.0878297378645144,0.32302047769896,0.3299509143463322905928113640,0.2313816048292587905928113640,0.0985693095170735,4.7261975209260385555944867898,58.738949263436166334704464382,58.738946193042010675505007065,813898500
10.29,4,0.0895363080981908624076591771,0.112763897392827,0.110615317856108,0.0899741190691,0.0878202929201322,0.322917291717049,0.3298468159399198924040346653,0.2312775064228463924040346653,0.0985693095170735,4.7247064210906715555944867894,58.730543676398015408452554359,58.730540602920063000896508249,814690200
10.30,4,0.0895230283033604244076591771,0.112743333344632,0.110598653932497,0.0899607743392729,0.0878108578385966,0.322814243939413,0.3297428567649418475698821655,0.2311735472478683475698821655,0.0985693095170735,4.7232173155986955555944867899,58.722128814924643997566386866,58.722125738359912689644154278,815482000
10.31,4,0.0895097801259911654076591771,0.112722815410544,0.110582025509322,0.0899474613815087,0.0878014438895354,0.322711400895248,0.3296391043010985608507052591,0.2310697947840250608507052591,0.0985693095170735,4.7217311710256195555944867891,58.713743523976097514342459849,58.713740444332015974201755298,816273700
10.32,4,0.0894965742929316514076591771,0.112702350297805,0.110565439332274,0.0899341909751078,0.0877920618907905,0.322608703972293,0.3295355005494626375814182422,0.2309661910323891375814182422,0.0985693095170735,4.7202471565980045555944867895,58.705368826445000463859224648,58.705365743723688577705675252,817065400
10.33,4,0.0894833976791675574076591771,0.112681925379476,0.110548882812686,0.0899209499308776,0.0877826986915368,0.32250616166904,0.3294320531096825632247080393,0.2308627435926090632247080393,0.0985693095170735,4.7187653811727965555944867896,58.697003849826757525325085427,58.697000764030192739938814661,817857200
10.34,4,0.0894702525010807304076591771,0.112661543871666,0.110532359204769,0.0899077404760375,0.087773356557188,0.322403788046833,0.3293287762358519366559258744,0.2307594667187784366559258744,0.0985693095170735,4.7172860489248465555944867888,58.688628273957713415955563466,58.688625185082892649110861918,818648900
10.35,4,0.0894571286333793474076591771,0.112641194968299,0.110515857740376,0.0898945524357855,0.0877640253509642,0.32230157443068,0.3292256605229627698615602412,0.2306563510058892698615602412,0.0985693095170735,4.7158090251373385555944867894,58.680280150631071435227891199,58.680277058684496884308872723,819440600
10.36,4,0.0894440449915326224076591771,0.11262089813153,0.110499397919422,0.089881404818083,0.0877547241186774,0.322199526649466,0.3291227131459475883016291868,0.2305534036288740883016291868,0.0985693095170735,4.7143344125836105555944867891,58.671947771626437713375722992,58.671944676611737477567347365,820232300
10.37,4,0.0894309826376756704076591771,0.112600634390737,0.110482960808872,0.0898682785924633,0.0877454338675416,0.322097646220916,0.3290199342981297413420469070,0.2304506247810562413420469070,0.0985693095170735,4.7128622140328155555944867895,58.663619602896490964920953836,58.663616504814393893384637349,821024100
10.38,4,0.0894179594140537804076591771,0.112580419908336,0.110466562608562,0.0898551916884161,0.0877361725645573,0.321995907245978,0.3289172992735923878167095102,0.2303479897565188878167095102,0.0985693095170735,4.7113920755987625555944867893,58.655283976909056121039673838,58.655280875757119753157336469,821815800
10.39,4,0.0894049686409999934076591771,0.112560250666497,0.110450199337912,0.0898421373936125,0.087726933534738,0.321894348489569,0.3288148464651504731568665834,0.2302455369480769731568665834,0.0985693095170735,4.709924547218016555594486789,58.646977900230424357283991999,58.646974796015910261962870308,822607600
10.40,4,0.0893919977908871974076591771,0.112540111162087,0.110433855530877,0.0898291031191683,0.0877177042263741,0.321792928713029,0.3287125336557419980977479389,0.2301432241386684980977479389,0.0985693095170735,4.7084590241757085555944867893,58.638677720050364783106995715,58.638674612774175910710131934,823399200
10.41,4,0.0893790670378717024076591771,0.112520023790392,0.110417553619658,0.0898161091378865,0.0877085049492769,0.321691677558752,0.3286103919803467318330450001,0.2300410824632732318330450001,0.0985693095170735,4.7069959524475725555944867894,58.63038787809166831926481344,58.630384767756128786753524278,824191000
10.42,4,0.0893661655547203884076591771,0.112499977958749,0.110401283048345,0.0898031445695914,0.0876993248601129,0.321590599515716,0.3285084251806623320593419036,0.2299391156635888320593419036,0.0985693095170735,4.7055353856294795555944867899,58.62209030175702530570096953,58.622087188359936166197190596,824982700
10.43,4,0.0893532862193876324076591771,0.112479964704092,0.11038503489046,0.0897902022574125,0.0876901568386885,0.321489669001501,0.3284066071139087069551786530,0.2298372975968352069551786530,0.0985693095170735,4.7040769492536885555944867896,58.613822772711544533248721061,58.613819656260008907532828628,825774500
10.44,4,0.0893404466913603894076591771,0.112460001638196,0.110368826794203,0.0897772999471871,0.0876810186673546,0.321388883476685,0.3283049364779242551941482625,0.2297356269608507551941482625,0.0985693095170735,4.7026206246681085555944867901,58.60555790132510898318426493,58.605554781819304960296820061,826566100
10.45,4,0.0893276263995078184076591771,0.112440071134133,0.110352641168905,0.0897644169671967,0.0876718897107422,0.321288287203128,0.3282034561996876984535792743,0.2296341466826141984535792743,0.0985693095170735,4.7011670267564165555944867899,58.597292068540362066992213517,58.597288945979965338300050168,827357900
10.46,4,0.0893148380763574424076591771,0.11242018205016,0.110336486908925,0.0897515661122278,0.0876627827998258,0.321187823436509,0.3281021102935424445654839304,0.2295328007764689445654839304,0.0985693095170735,4.6997153535831535555944867902,58.589049478174363688542034339,58.589046352564643528517102959,828149600
10.47,4,0.0893020877111616694076591771,0.112400343730064,0.110320373393988,0.0897387534008186,0.0876537039891697,0.321087539517424,0.3280009466390632076433983793,0.2294316371219897076433983793,0.0985693095170735,4.6982662909727085555944867893,58.58082050594260557837439469,58.580817377286861560336776157,828941400
10.48,4,0.0892893592932143224076591771,0.112380536599584,0.11030428108561,0.0897259627439747,0.0876446372256451,0.320987386163571,0.3278999147110592563348685677,0.2293306051939857563348685677,0.0985693095170735,4.696819115205034555594486789,58.572599894584045832221229295,58.572596762883772561047252846,829733100
10.49,4,0.0892766599931117784076591771,0.112360771840786,0.110288221201477,0.0897132013473548,0.0876355897506165,0.320887419986102,0.3277990717652882027858746737,0.2292297622482147027858746737,0.0985693095170735,4.6953746464084475555944867892,58.564367476169767144681562906,58.564364341421905995429163828,830524800
10.50,4,0.0892639903640479834076591771,0.112341046698316,0.110272191021695,0.089700469766858,0.0876265621555299,0.320787593610003,0.3276983703524089767828043011,0.2291290608353354767828043011,0.0985693095170735,4.6939322049212015555944867897,58.556166496647018173837574015,58.556163358859010366802984706,831316600
10.51,4,0.0892513495770503964076591771,0.112321360391286,0.110256189800679,0.089687767169458,0.0876175536427484,0.320687907807508,0.3275978111907655183117153071,0.2290285016736920183117153071,0.0985693095170735,4.6924918010328155555944867895,58.547971400829281623724858391,58.547968260002112408326367618,832108400
10.52,4,0.0892387498751071344076591771,0.112301728491021,0.1102402331449,0.0896751058580084,0.0876085765503569,0.320588408887855,0.3274974415654398181220666712,0.2289281320483663181220666712,0.0985693095170735,4.6910541120521975555944867889,58.539770288234197039127231131,58.539767144366294889933220314,832900100
10.53,4,0.0892261707403093924076591771,0.112282126352559,0.110224296444385,0.0896624652142727,0.0875996102951945,0.320489039983745,0.3273972030309550809221854615,0.2288278935138815809221854615,0.0985693095170735,4.6896183008095595555944867901,58.531593545267600343942947879,58.531590398364538024127393466,833691800
10.54,4,0.0892136195956022794076591771,0.112262563780006,0.110208389538076,0.0896498526974925,0.0875906623714226,0.320389834365375,0.3272971294627931047532441128,0.2287278199457196047532441128,0.0985693095170735,4.6881848525354355555944867897,58.523430992580797748078989026,58.523427842645901798522176876,834483500
10.55,4,0.0892010892503472544076591771,0.112243034385163,0.110192506072454,0.0896372610818686,0.0875817255880072,0.3202908042609,0.3271972326161226947837851527,0.2286279230990491947837851527,0.0985693095170735,4.6867539356102155555944867889,58.515256034963340094038868359,58.515252881993312601570312184,835275300
10.56,4,0.0891885976208541014076591771,0.112223552452941,0.110176660366956,0.0896247083713174,0.087572817983476,0.320191895854931,0.3270974598055194505873669756,0.2285281502884459505873669756,0.0985693095170735,4.6853247953707845555944867901,58.50710723626062181037313817,58.507104080261442390550870578,836067000
10.57,4,0.0891761356967833294076591771,0.112204112987332,0.11016084745995,0.0896121855114408,0.0875639305378891,0.320093167498941,0.3269978688942102306626247720,0.2284285593771367306626247720,0.0985693095170735,4.6838982606468145555944867896,58.498972683465543720539752433,58.498969524440736558450701741,836858700
10.58,4,0.0891637034678349084076591771,0.112184713785586,0.110145065182909,0.0895996924918886,0.0875550632752022,0.319994587838126,0.3268984284525004344006762298,0.2283291189354269344006762298,0.0985693095170735,4.6824738812410925555944867898,58.490845503197036357057576606,58.490842341148084998411672886,837650400
10.59,4,0.0891512998504369334076591771,0.112165353543134,0.110129312265333,0.0895872282237905,0.0875462151406995,0.319896153823489,0.3267991353501946176667605631,0.2282298258331211176667605631,0.0985693095170735,4.6810516123168715555944867892,58.482712028861970003897454969,58.482708863786862716412315284,838442200
10.60,4,0.0891389159076788004076591771,0.112146022698039,0.110113579179206,0.0895747837265365,0.0875373771877749,0.319797857452889,0.3266999809400041981164571651,0.2281306714229306981164571651,0.0985693095170735,4.6796313300108665555944867899,58.474596163776420330893966204,58.47459299567913563517399058,839233900
10.61,4,0.0891265615560665714076591771,0.11212673363803,0.110097878346031,0.0895623689651219,0.0875285594152777,0.319699733022701,0.3266010003012384212253722715,0.2280316907841649212253722715,0.0985693095170735,4.678213536797169555594486789,58.466479740186252634422293829,58.466476569066500809016079587,840025600
10.62,4,0.0891142460355786044076591771,0.112107494472739,0.11008221790906,0.0895499932247064,0.0875197711420725,0.319601763395491,0.3265021769062561928745171459,0.2279328673891826928745171459,0.0985693095170735,4.6767979959347605555944867896,58.458389490436453705831094962,58.458386316300583498849604241,840817300
10.63,4,0.0891019398355287964076591771,0.112088274887805,0.110066567587409,0.0895376268503038,0.0875109827467296,0.319503940175008,0.3264035002669711460254324470,0.2278341907498976460254324470,0.0985693095170735,4.6753845571928685555944867896,58.450313613876312623976823684,58.450310436727580531757141324,841609100
10.64,4,0.0890896823724501824076591771,0.112069115638532,0.110050968169708,0.0895253094511845,0.0875022338719287,0.319406278364756,0.3263049881956089048530191594,0.2277356786785354048530191594,0.0985693095170735,4.6739734757128315555944867898,58.442222402104468550636316177,58.442219221938756113151363262,842400800
10.65,4,0.0890774453861939784076591771,0.112049987265991,0.11003539023021,0.0895130126290142,0.0874934961525979,0.319308763786914,0.3262066244962493529703451342,0.2276373149791758529703451342,0.0985693095170735,4.6725645195051825555944867898,58.43416215508784660053339977,58.434158971912656914665675614,843192500
10.66,4,0.0890652357646077384076591771,0.112030896316488,0.110019840348259,0.0895007433053206,0.0874847765433813,0.319211390831557,0.3261084040315859295548601087,0.2275390945145124295548601087,0.0985693095170735,4.6711576149834255555944867899,58.426110778209722274119336936,58.426107592026896551968900848,843984300
10.67,4,0.0890530447757119184076591771,0.112011835354014,0.110004311120734,0.0894884927054268,0.0874760663025732,0.319114178946618,0.3260103456857611176135690025,0.2274410361686876176135690025,0.0985693095170735,4.6697530326429765555944867896,58.41804804804037304328581193,58.418044858846794897744961082,844776000
10.68,4,0.0890408932337857164076591771,0.111992824245786,0.1099888224476,0.0894762817453887,0.0874673863790565,0.31901711240032,0.3259124351534700767986132003,0.2273431256363965767986132003,0.0985693095170735,4.6683505675754375555944867894,58.410012544614444151192922546,58.410009352416682424040076029,845567700
10.69,4,0.0890287610556425064076591771,0.111973843432307,0.109973354801963,0.0894640902438179,0.0874587166241258,0.318920200788602,0.3258146806451508532943286527,0.2272453711280773532943286527,0.0985693095170735,4.6669503373866705555944867896,58.401990896702290417370020591,58.401987701503598730874905032,846359400
10.70,4,0.0890166673047550844076591771,0.111954910652197,0.109957925954905,0.0894519373574029,0.0874500762270099,0.31882342316089,0.3257170625009107015486062771,0.2271477529838372015486062771,0.0985693095170735,4.6655520604694555555944867894,58.393955614074788068999354502,58.393952415871230190512832662,847151200
10.71,4,0.0890045919713222324076591771,0.111936007575706,0.109942517608994,0.0894398029784994,0.0874414451124626,0.318726805642174,0.3256196055057372082257514905,0.2270502959886637082257514905,0.0985693095170735,4.6641560918425885555944867897,58.385949160344512531112175682,58.385945959143218394789340319,847942900
10.72,4,0.0889925450724566554076591771,0.1119171447834,0.109927140376975,0.0894276971732013,0.0874328333788346,0.31863035523599,0.3255223173864140869309844372,0.2269530078693405869309844372,0.0985693095170735,4.6627625421840935555944867897,58.377953517366978075159157976,58.377950313170571054798170198,848734700
10.73,4,0.0889805273977283874076591771,0.111898320024019,0.109911792039625,0.0894156207349395,0.0874242418516725,0.318534028371275,0.3254251545232083444278091855,0.2268558450061348444278091855,0.0985693095170735,4.6613707866873195555944867895,58.369949758375773307932335019,58.369946551181627349972431142,849526300
10.74,4,0.0889685370379615014076591771,0.111879534561668,0.109896473892949,0.0894035717452027,0.0874156686444412,0.318437870626343,0.3253281624738141456764957894,0.2267588529567406456764957894,0.0985693095170735,4.6599814779181665555944867895,58.361969900252227855562395098,58.361966690066334684659051049,850318100
10.75,4,0.0889565760827139704076591771,0.111860788160427,0.109881185732783,0.0893915523037663,0.0874071158887528,0.318341848523622,0.3252313078279661575574092789,0.2266619983108926575574092789,0.0985693095170735,4.6585941373098355555944867891,58.353988009730843375668709973,58.353984796552257471799627505,851109800
10.76,4,0.0889446333491968964076591771,0.111842070221019,0.109865916991474,0.0893795511731602,0.0873985723788354,0.318245971579923,0.3251345993421307771364141381,0.2265652898250572771364141381,0.0985693095170735,4.6572088902894685555944867888,58.346019890031038919862877332,58.346016673862937942656302988,851901600
10.77,4,0.0889327187292636144076591771,0.111823390834439,0.109850677791499,0.0893675782936065,0.087390048086472,0.318150241602081,0.3250380395248504000568487790,0.2264687300077769000568487790,0.0985693095170735,4.6558257727892885555944867902,58.338072900761369423951723957,58.338069681608841770929701985,852693300
10.78,4,0.0889208334841367474076591771,0.111804751281612,0.10983546944513,0.089355634932495,0.0873815443104754,0.318054658737191,0.3249416286144017042175240789,0.2263723190973282042175240789,0.0985693095170735,4.6544447882223575555944867892,58.330113638832749353423117597,58.330110416692363551207724879,853485000
10.79,4,0.0889089854321076764076591771,0.111786160831093,0.109820301252134,0.0893437289463465,0.0873730689386539,0.317959242901767,0.3248453871275004056790623848,0.2262760776104269056790623848,0.0985693095170735,4.653066230468980555594486789,58.322184629079683916702306625,58.322181403959076940093547284,854276700
10.80,4,0.0888971554903926244076591771,0.111767597236357,0.109805150997061,0.0893318411590671,0.0873646028260648,0.317863950854055,0.3247492703780569223038673665,0.2261799608609834223038673665,0.0985693095170735,4.65168945944807355559448679,58.314259869942990153089133152,58.314256641842721727949360557,855068500
10.81,4,0.0888853447228653994076591771,0.111749063241915,0.109790021455362,0.0893199726397328,0.0873561470728006,0.317768806514395,0.3246533024217480895086951715,0.2260839929046745895086951715,0.0985693095170735,4.6503148197318255555944867893,58.306329622948968763257784627,58.306326391867352626289015502,855860200
10.82,4,0.0888735711201238794076591771,0.111730577097612,0.109774930907691,0.0893081414669109,0.0873477197883113,0.317673811698708,0.3245574863452656235589463150,0.2259881768281921235589463150,0.0985693095170735,4.6489423555338385555944867901,58.29842101764526050467418313,58.298417783587580612106311106,856651900
10.83,4,0.0888618155261787714076591771,0.111712119483168,0.10975986006444,0.0892963283909442,0.087339301753688,0.317578966067101,0.3244618204639685121447872407,0.2258925109468950121447872407,0.0985693095170735,4.6475720427234075555944867899,58.290508366224740901024719396,58.290505129189703112547722354,857443600
10.84,4,0.0888500882479664704076591771,0.111693700349104,0.109744818906673,0.0892845437691674,0.0873309033568815,0.317484263438061,0.3243662993076466514236298201,0.2257969897905731514236298201,0.0985693095170735,4.6462038029455445555944867896,58.282624870788130350979440978,58.282621630782883452251104459,858235400
10.85,4,0.0888383988632702684076591771,0.111675329091371,0.109729816860749,0.0892727972261968,0.087322534252992,0.317389700203282,0.3242709199343314455844638602,0.2257016104172579455844638602,0.0985693095170735,4.6448375940596535555944867894,58.274727380931542007219340002,58.27472413795217261450185383,859027100
10.86,4,0.0888267174594786284076591771,0.111656976139464,0.109714824386442,0.0892610587031555,0.0873141644134946,0.317295284394362,0.3241756882954368887791932567,0.2256063787783633887791932567,0.0985693095170735,4.64347350131346055559448679,58.266860786727928693455178039,58.266857540782075094726341121,859818800
10.87,4,0.0888150741960662124076591771,0.111638673342021,0.109699873362538,0.0892493585069907,0.0873058241755581,0.317201036998074,0.3240806275503631894825385049,0.2255113180332896894825385049,0.0985693095170735,4.6421118564409375555944867901,58.259006013549228731961205826,58.259002764639887737534825836,860610600
10.88,4,0.0888034479678212254076591771,0.111620395717179,0.109684938837192,0.0892376754292912,0.0872974923608627,0.317106904790041,0.3239856828638324493873815253,0.2254163733467589493873815253,0.0985693095170735,4.6407518739845865555944867901,58.251133749642928783848533259,58.251130497765046083805726875,861402300
10.89,4,0.0887918495241958804076591771,0.111602156775026,0.10967003435038,0.0892260202720714,0.0872891798013847,0.317012926118229,0.3238908934348986142941445400,0.2253215839178251142941445400,0.0985693095170735,4.6393941154294955555944867888,58.243297375790865708212594863,58.243294120953456885716677329,862194100
10.90,4,0.0887802891925351194076591771,0.111583965630502,0.109655169046805,0.0892144034131746,0.0872808969048003,0.316919082557808,0.3237962415215155398111083343,0.2252269320044420398111083343,0.0985693095170735,4.6380383266395735555944867893,58.235442445159198535422994222,58.235439187357158393233092757,862985700
10.91,4,0.0887687357953581504076591771,0.111565792283751,0.10964031295624,0.0892027935226694,0.0872726123708834,0.3168253942217,0.3237017450969941530523307398,0.2251324355799206530523307398,0.0985693095170735,4.6366847650635355555944867896,58.227625636849699381575812493,58.22762237609263388273952994,863777500
10.92,4,0.0887572212502973684076591771,0.111547667298951,0.109625496672371,0.089191222674258,0.0872643583029133,0.31673183840063,0.3236073836414859417630296668,0.2250380741244124417630296668,0.0985693095170735,4.6353331367762025555944867895,58.219791963727954259869747692,58.219788700011173942086326537,864569300
10.93,4,0.0887457326216407784076591771,0.111529578389842,0.109610707938316,0.0891796778689757,0.0872561217313763,0.316638425738619,0.3235131669180853738747601968,0.2249438574010118738747601968,0.0985693095170735,4.6339835816236015555944867891,58.211983593330888462561139064,58.211980326660618830749147674,865361000
10.94,4,0.0887342628270874454076591771,0.111511518797942,0.109595940024846,0.0891681519898909,0.0872478955686653,0.316545161608212,0.3234190998168442888258328013,0.2248497902997707888258328013,0.0985693095170735,4.6326361696505655555944867891,58.204195955509838236419158951,58.204192685891190965639336066,866152600
10.95,4,0.0887228199309917844076591771,0.111493495569532,0.109581200007372,0.0891566531407907,0.0872396879477663,0.316452030601365,0.3233251674608071543963725301,0.2247558579437336543963725301,0.0985693095170735,4.6312906877604035555944867891,58.196388981592261369896006736,58.196385709019921750950387898,866944400
10.96,4,0.0887114039437286644076591771,0.111475510560053,0.109566489770334,0.0891451813321008,0.0872314989081792,0.316359059100599,0.3232313962996813116650849937,0.2246620867826078116650849937,0.0985693095170735,4.6299475148172655555944867895,58.188610800940139428191110899,58.188607525421416714271444379,867736200
10.97,4,0.0887000155975716804076591771,0.111457561809324,0.109551807382435,0.0891337372996754,0.0872233292147082,0.316266208523136,0.3231377477099523795296879919,0.2245684381928788795296879919,0.0985693095170735,4.6286060975800605555944867892,58.180825601536423430129715501,58.180822323069048641334112532,868527900
10.98,4,0.0886886449765780564076591771,0.111439641791504,0.109537145346587,0.0891223110790851,0.0872151689317501,0.316173514088328,0.3230442563022094947906267976,0.2244749467851359947906267976,0.0985693095170735,4.6272669318089595555944867895,58.173069401685354857582317262,58.173066120276664762784242515,869319600
10.99,4,0.0886773013102417884076591771,0.111421757919265,0.109522511104097,0.0891109119449539,0.0872070273626322,0.316080948843176,0.3229508957081905474081505714,0.2243815861911170474081505714,0.0985693095170735,4.6259296398064295555944867892,58.165297474430424274711917227,58.165294190076004850450474918,870111400
11.00,4,0.0886659842594497664076591771,0.111403909922336,0.109507904413204,0.0890995395565106,0.0871989041951645,0.315988513805768,0.3228576669266384201269497665,0.2242883574095649201269497665,0.0985693095170735,4.6245942358784085555944867897,58.157556914170173785493301075,58.157553626877726074023361655,870903100
11.01,4,0.0886546939985352194076591771,0.111386099947353,0.109493327448936,0.0890881940889408,0.0871907996329918,0.315896237161062,0.3227645982255751865482580881,0.2241952887085016865482580881,0.0985693095170735,4.6232611249344865555944867888,58.149802527733804884801769051,58.149799237499708558787036528,871694800
11.02,4,0.0886434314270739514076591771,0.111368328375492,0.109478780620736,0.0890768764462191,0.0871827146084268,0.315804111399152,0.3226716821419519513801264441,0.2241023726248784513801264441,0.0985693095170735,4.6219302000743625555944867899,58.142081684881909425726705193,58.142078391714652177968698321,872486600
11.03,4,0.0886321865363712424076591771,0.111350582748653,0.109464251498655,0.0890655765707106,0.0871746390920524,0.315712102541025,0.3225788839124557284502370712,0.2240095743953822284502370712,0.0985693095170735,4.6206009633502575555944867894,58.13436841130003747283016254,58.134365115201081075835038585,873278300
11.04,4,0.0886209683177641344076591771,0.111332874725876,0.109449751769761,0.0890543034977177,0.0871665821472691,0.315620247790409,0.3224862414654382823734628441,0.2239169319483647823734628441,0.0985693095170735,4.619273958045791555594486789,58.126648393303693684153380793,58.126645094271208965795846937,874070000
11.05,4,0.0886097766893101804076591771,0.111315202286577,0.109435279441381,0.0890430571448975,0.0871585437197122,0.315528519430079,0.3223937270121887948170231734,0.2238244174951152948170231734,0.0985693095170735,4.6179487861170025555944867898,58.118951731963702735700276799,58.118948430003326900507037475,874861800
11.06,4,0.0885986017157206154076591771,0.111297556125948,0.109420825236498,0.0890318275283799,0.0871505138533718,0.315436927517773,0.3223013499388145248192223275,0.2237320404217410248192223275,0.0985693095170735,4.6166255820099735555944867901,58.111243004927469313325052768,58.111239700035823475562791763,875653500
11.07,4,0.0885874643151158044076591771,0.111279958166967,0.109406411105766,0.0890206356685699,0.0871425135963949,0.315345484224926,0.3222091239183006496063481603,0.2236398144012271496063481603,0.0985693095170735,4.6153045415757905555944867891,58.103568423565583792025761059,58.103565115751332357357713668,876445200
11.08,4,0.0885763424056472794076591771,0.111262385181128,0.109392013848235,0.0890094593756442,0.0871345207865824,0.31525417547061,0.3221170332856042004364342776,0.2235477237685307004364342776,0.0985693095170735,4.6139854404292415555944867891,58.095882465243249182737685854,58.095879154503179061662563243,877236900
11.09,4,0.0885652381254309754076591771,0.111244838992923,0.109377635315838,0.0889983007981734,0.0871265376000128,0.31516299654336,0.3220250734699203776260532392,0.2234557639528468776260532392,0.0985693095170735,4.61266821309837055559448679,58.088219128843118747910690107,58.088215815182732418933729103,878028700
11.10,4,0.0885541704810970574076591771,0.111227341370945,0.109363297304494,0.0889871790357257,0.0871185831636454,0.315071984943125,0.3219332834002581754715258341,0.2233639738831846754715258341,0.0985693095170735,4.6113534172001565555944867897,58.080550821071015198229051323,58.080547504489111517949760654,878820400
11.11,4,0.0885431201404519174076591771,0.111209867831624,0.10934897535784,0.0889760746615776,0.0871106380780325,0.314981069030117,0.3218415899053485122292134202,0.2232722803882750122292134202,0.0985693095170735,4.6100400046333745555944867894,58.072905536219225285333559595,58.072902216721070380354642288,879612100
11.12,4,0.0885320954915564704076591771,0.111192431650291,0.109334682778303,0.0889649961048057,0.0871027107994114,0.314890317812764,0.3217500627534510044258482969,0.2231807532363775044258482969,0.0985693095170735,4.6087289747547295555944867888,58.065254509610826807409296144,58.065251187194995238298485873,880403800
11.13,4,0.0885211071301406204076591771,0.111175039056373,0.109320425822289,0.0889539540129504,0.0870948120023684,0.314799667735385,0.3216586389801264096163586329,0.2230893294630529096163586329,0.0985693095170735,4.60741942566506455559448679,58.057623342520832629227189281,58.057620017191856416506927589,881195600
11.14,4,0.0885101254431557744076591771,0.111157665550064,0.109306180016859,0.0889429186281625,0.0870869119559866,0.314709195028796,0.3215673929233513850078912218,0.2229980834062778850078912218,0.0985693095170735,4.6061124221774595555944867888,58.04999348979708117962624738,58.049990161555482447535933176,881987300
11.15,4,0.0884991711145172884076591771,0.111140327846087,0.10929196210349,0.0889319107354966,0.0870790314721394,0.314618840756835,0.3214762669583553094740669272,0.2229069574412818094740669272,0.0985693095170735,4.6048071388778765555944867898,58.042385956847966980834636754,58.042382625699098449014387953,882779000
11.16,4,0.0884882421359346524076591771,0.111123025848785,0.109277772013165,0.0889209283168423,0.0870711685594223,0.314528632480482,0.3213852885741657760574082307,0.2228159790570922760574082307,0.0985693095170735,4.6035039695176315555944867901,58.040513096961776198454630854,58.040509764386313794724981537,883570800
11.17,4,0.0884773396457694504076591771,0.111105759287209,0.109263609501466,0.0889099725161274,0.0870633243883571,0.31443854992427,0.3212944375276578311097458993,0.2227251280105843311097458993,0.0985693095170735,4.6022026241353185555944867897,58.032965304242941363969325356,58.032961968775616569451525851,884362500
11.18,4,0.0884664534158575824076591771,0.111088518762896,0.109249465196345,0.0888990330551745,0.0870554887072485,0.314348606025747,0.3212037260711023742653545795,0.2226344165540288742653545795,0.0985693095170735,4.6009032782317905555944867891,58.025408050872056925700425616,58.025404712510240348639750485,885154200
11.19,4,0.0884555945846200924076591771,0.111071314405983,0.109235349254248,0.0888881211268689,0.0870476727353528,0.314258785194221,0.3211131393602638400441773443,0.2225438298431903400441773443,0.0985693095170735,4.5996057191790355555944867889,58.017872772223742512932125985,58.017869430972775896957177726,885945900
11.20,4,0.0884447611438853584076591771,0.111054145256973,0.109221260741873,0.0888772347132196,0.0870398744809395,0.314169102635489,0.3210226924987931317803664457,0.2224533829817196317803664457,0.0985693095170735,4.5983101633209165555944867892,58.010328048550382365183199734,58.010324704407650384734589564,886737700
11.21,4,0.0884339529388889484076591771,0.111037011099484,0.109207199468926,0.0888663736587052,0.087032093814638,0.31407955748282,0.3209323846087987114328842642,0.2223630750917252114328842642,0.0985693095170735,4.5970165980825635555944867894,58.002808399179201144377678028,58.002805052151006964511452146,887529400
11.22,4,0.0884231620348289994076591771,0.111019904186851,0.10919315771472,0.0888555299897247,0.0870243227888882,0.313990153258175,0.3208422186650925712372600551,0.2222729091480190712372600551,0.0985693095170735,4.59572506607501955559448679,57.995291229456953364513727365,57.995287879543796069378378642,888321200
11.23,4,0.0884123975082859144076591771,0.111002832340125,0.109179143326173,0.0888447128272408,0.0870165705505852,0.313900871051618,0.3207521763511769007329876884,0.2221828668341034007329876884,0.0985693095170735,4.5944353049337795555944867895,57.987789865194715697375469956,57.987786512400354912185528738,889112800
11.24,4,0.0884016581082820294076591771,0.110985795715423,0.109165156485165,0.0888339209141587,0.0870088358684582,0.313811731115127,0.3206622778823838211199684467,0.2220929683653103211199684467,0.0985693095170735,4.5931476042221465555944867898,57.980279838792112938377177395,57.980276483114194127037322425,889904600
11.25,4,0.0883909351424604054076591771,0.110968784404979,0.109151187309583,0.0888231455156182,0.0870011100333629,0.313722716978603,0.3205725061393927064166709655,0.2220031966223192064166709655,0.0985693095170735,4.5918617187239155555944867893,57.972798948177590011289124371,57.972795589623366019970460085,890696300
11.26,4,0.0883802471411005094076591771,0.110951818068012,0.109137255484193,0.0888124052525071,0.0869934116917962,0.313633842838834,0.3204828766575498520123015405,0.2219135671404763520123015405,0.0985693095170735,4.5905778709665305555944867889,57.965309017300587229405613242,57.965305655867597869712693636,891488100
11.27,4,0.0883695665573951434076591771,0.110934868442033,0.109123332771944,0.0888016724433211,0.0869857131877559,0.313545101352225,0.3203933801414305595066158654,0.2218240706243570595066158654,0.0985693095170735,4.5892959278028405555944867898,57.957848306359595834677083208,57.957844942055195123875802866,892279800
11.28,4,0.0883589211526856214076591771,0.11091796277249,0.109109446443621,0.0887909749851478,0.0869780424437256,0.31345648222394,0.3203040082235901746116917325,0.2217346987065166746116917325,0.0985693095170735,4.5880157693780295555944867898,57.950375758624404683631052467,57.950372391445231057718087386,893071500
11.29,4,0.0883482918457513174076591771,0.110901083365227,0.109095578830294,0.088780293703464,0.0869703803104723,0.31336800729204,0.3202147814563734251120235818,0.2216454719392999251120235818,0.0985693095170735,4.5867376900827505555944867898,57.942929347323059661519027625,57.942925977275809596677065857,893863200
11.30,4,0.0883376877020220174076591771,0.110884237532665,0.109081737269511,0.0887696377080272,0.0869627359229389,0.313279650533546,0.3201256743920302604635792532,0.2215563648749567604635792532,0.0985693095170735,4.5854613254048345555944867893,57.93546994069966907910790332,57.935466567780636162274353204,894655000
11.31,4,0.0883271096403333854076591771,0.110867427468255,0.109067923979739,0.0887590079221659,0.0869551102295345,0.313191430078047,0.3200367052707422242541608032,0.2214673957536687242541608032,0.0985693095170735,4.5841869366156365555944867893,57.928024041945634392531922984,57.9280206661581771659043712,895446700
11.32,4,0.0883165477261712764076591771,0.110850643452522,0.109054129266421,0.0887483943627886,0.0869474932721441,0.313103350042332,0.3199478775230102306937081443,0.2213785680059367306937081443,0.0985693095170735,4.5829145728534625555944867897,57.920604524606935860978575589,57.920601145957794715387527364,896238400
11.33,4,0.0883060098784271764076591771,0.110833891937577,0.10904035960648,0.0887378049875084,0.0869398930332536,0.313015388617079,0.3198591698444454683639309400,0.2212898603273719683639309400,0.0985693095170735,4.5816439289554215555944867891,57.913172033648463851670027104,57.913168652133952711984846003,897030100
11.34,4,0.0882954880893313934076591771,0.110817165553639,0.109026607654844,0.0887272317493994,0.0869323014907071,0.312927555765189,0.3197705916613149431388426729,0.2212012821442414431388426729,0.0985693095170735,4.5803751399428425555944867895,57.905768903050239582174426024,57.90576551867775887669425681,897821900
11.35,4,0.0882850023511418284076591771,0.110800485162101,0.109012894297513,0.0887166947384768,0.0869247387591872,0.312839861814601,0.3196821547333331353172200632,0.2211128452162596353172200632,0.0985693095170735,4.5791083742612275555944867898,57.898357532515432902885280286,57.898354145282756501083862633,898613700
11.36,4,0.0882745328104962204076591771,0.110783829746731,0.108999198542762,0.0887061740043003,0.0869171849128189,0.312752292218769,0.3195938430850781241447669559,0.2210245335680046241447669559,0.0985693095170735,4.5778434030795135555944867888,57.890967525439122213279621783,57.890964135351543435776515484,899405300
11.37,4,0.0882640781507290904076591771,0.11076719832799,0.108985519435455,0.0886956682237662,0.0869096386529622,0.312664851935373,0.3195056615955280538349102777,0.2209363520784545538349102777,0.0985693095170735,4.5765802962839145555944867895,57.883573718470021643091038683,57.883570325526357524032427168,900197100
11.38,4,0.0882536583721847744076591771,0.110750611071241,0.108971877165259,0.0886851974950156,0.0869021201021212,0.312577541222214,0.3194176119302155135412890219,0.2208483024131420135412890219,0.0985693095170735,4.5753190777314275555944867896,57.876203860307507566939149191,57.876200464513804700833624156,900988900
11.39,4,0.0882432548406976934076591771,0.110734049386258,0.108958253166149,0.0886747430927666,0.0868946105592759,0.312490362662851,0.3193296953713054484711906564,0.2207603858542319484711906564,0.0985693095170735,4.5740597657877125555944867901,57.868823864437872501288815627,57.868820465791341263286959809,901780600
11.40,4,0.0882328761746519064076591771,0.110717521711786,0.108944655900977,0.0886643136775448,0.0868871187091143,0.312403312781596,0.3192419090419146152024058677,0.2206725995248411152024058677,0.0985693095170735,4.5728023192444525555944867899,57.861473145123347291393839796,57.861469743631414455125589651,902572300
11.41,4,0.0882225122867895314076591771,0.11070101809206,0.10893107543798,0.0886538991127682,0.0868796344391171,0.312316394516534,0.3191542551801677253591157257,0.2205849456630942253591157257,0.0985693095170735,4.5715467701604225555944867889,57.854113305662556553613033123,57.854109901322698364894493288,903364000
11.42,4,0.0882121745491255834076591771,0.110684549313589,0.108917522587572,0.0886435108260581,0.0868721692008692,0.312229598298592,0.3190667249943962078734513865,0.2204974154773227078734513865,0.0985693095170735,4.5702929926042465555944867897,57.846757679015661645665935006,57.84675427182872975760828786,904155800
11.43,4,0.0882018616542516204076591771,0.110668114871767,0.108903996868954,0.0886331475036134,0.0868647217044344,0.312142935744033,0.3189793300390289164246164754,0.2204100205219554164246164754,0.0985693095170735,4.569041152080926555594486789,57.839433550342483344905460247,57.839430140316555596286393191,904947500
11.44,4,0.0881915646679817284076591771,0.110651705203583,0.108890488742825,0.0886228001675619,0.0868572829957078,0.312056398796822,0.3188920616122264443917469634,0.2203227520951529443917469634,0.0985693095170735,4.5677911239457945555944867899,57.832091952022528646272017912,57.832088539152856839562429892,905739200
11.45,4,0.0881812915095341714076591771,0.110635327410007,0.108877005333766,0.088612476775845,0.0868498610563001,0.311969974922144,0.3188049077066940512797443568,0.2202355981896205512797443568,0.0985693095170735,4.5665427362070225555944867895,57.824777086978516286567925628,57.824773671271729420038153744,906530900
11.46,4,0.0881710442447756954076591771,0.110618985225979,0.108863550400232,0.0886021794044312,0.086842457985752,0.311883687770275,0.3187178921772718599622953358,0.2201485826601983599622953358,0.0985693095170735,4.565296330560025555594486789,57.817460117167037473891043792,57.817456698622520095519392662,907322700
11.47,4,0.0881608107929769944076591771,0.110580910151578,0.108828355465722,0.0885918959135192,0.0868350616677378,0.311486407318477,0.3183191244061618700630275703,0.2200617167888946700630275703,0.0982574076172672,4.5595849684875298671489703285,57.797300416405391430385337666,57.797298619156311830200033585,908114400
11.48,4,0.0881506041467459274076591771,0.110561800271232,0.108812118637983,0.0885816393592475,0.0868276851817758,0.311359956120379,0.3181918486129797228003056306,0.2199749518233351228003056306,0.0982168967896446,4.5577618770893145609218250264,57.788308980501831670270623917,57.788307181442019470659413746,908906100
11.49,4,0.0881404212987162664076591771,0.110542728408117,0.108795912763421,0.0885714067195448,0.0868203255290782,0.311233706258594,0.3180647758248495131476813262,0.2198883227867895131476813262,0.09817645303806,4.5559416935228043937390745691,57.779330882419082240242941019,57.779329081546004931008161908,909697900
11.50,4,0.0881302533921362184076591771,0.110523684725979,0.108779728028914,0.0885611890943517,0.0868129738327744,0.311107644654107,0.3179378923100869312677096026,0.2198018160162955312677096026,0.0981360762937914,4.5541242210961036646308277554,57.770374926655652828969552679,57.770373123967876980221534173,910489600
11.51,4,0.0881201100449392204076591771,0.110504679525172,0.108763574757853,0.0885509961486312,0.0868056397809211,0.310981780054305,0.3178112075148960693113615186,0.2197154410267790693113615186,0.098095766488117,4.5523095951161297261669614663,57.761409113711543427114139809,57.761407309203332775703366627,911281300
11.52,4,0.0881099826973734524076591771,0.110485703572408,0.108747443739892,0.0885408192807762,0.086798314794911,0.310856103724486,0.3176847120833686320136564047,0.2196291885310537320136564047,0.0980555235523149,4.5504976815693670393560731014,57.752471194427629412886271804,57.752469388098348511745464768,912073100
11.53,4,0.0880998798218553364076591771,0.110466766213503,0.108731344343699,0.0885306670046314,0.0867910074114942,0.310730627263505,0.3175584182396321637440772393,0.2195430708219694637440772393,0.0980153474176627,4.5486886555535439032282714634,57.743525322933402544262484973,57.743523514777567143537022524,912864800
11.54,4,0.0880898018576325254076591771,0.110447866489466,0.10871527563304,0.088520539761592,0.0867837180948786,0.310605330627891,0.3174323059237324022480734354,0.2194570679082933022480734354,0.0979752380154391,4.5468822297309946971233174712,57.734580858334276190505917757,57.734579048347597511163536088,913656500
11.55,4,0.0880797374248429124076591771,0.110428994397787,0.108699227628069,0.0885104261161513,0.0867764354322767,0.310480234708222,0.3173063952791989927826062035,0.2193712000022767927826062035,0.0979351952769222,4.5450786926365082609057381653,57.725669540940274997893339157,57.725667729122861857680354482,914448300
11.56,4,0.0880697078151164184076591771,0.110410171409732,0.108683221822622,0.0885003474640501,0.0867691808420564,0.310355339835798,0.3171806881358590762980160991,0.2192854690024701762980160991,0.0978952191333889,4.5432780704804555147497127059,57.716742465427615835498262979,57.716740651772958314778690866,915240000
11.57,4,0.0880596838717536714076591771,0.110391365853058,0.108667226566937,0.0884902745060198,0.0867619250474842,0.310230613097094,0.3170551494525884807384252626,0.2191998399364705807384252626,0.0978553095161179,4.5414798613357002168509316557,57.707844217042098931631517126,57.707842401549573350030816406,916031700
11.58,4,0.0880496845876188234076591771,0.110372599104756,0.108651263260394,0.088480226327795,0.0867546871567379,0.31010608659055,0.3169298127423827394141111930,0.2191143463859953394141111930,0.0978154663563874,4.539684545240550854987876452,57.698932363730484966106793649,57.698930546393854569727974679,916823400
11.59,4,0.0880397088822897274076591771,0.110353869954339,0.108635330714805,0.0884702018436707,0.086747466106465,0.309981758568066,0.3168046761785141947208287523,0.2190289865930385947208287523,0.0977756895854756,4.5378920960290517281906558988,57.690033121456768919639808048,57.69003130227334444620941864,917615200
11.60,4,0.0880297578219911494076591771,0.110335177527285,0.108619428077853,0.0884602021250852,0.0867402629903652,0.309857601162128,0.3166797119019004091933839858,0.2189437327672413091933839858,0.0977359791346591,4.5361021146492651622592628329,57.68116028831229697895517481,57.681158467281183406864024568,918406900
11.61,4,0.0880198213996613394076591771,0.110316513319025,0.108603546867089,0.0884502171160446,0.0867330677746162,0.309733636908778,0.3165549418019791670547569509,0.2188586068667608670547569509,0.0976963349352183,4.5343149146442590505979923786,57.672270817858062059131683154,57.672268994972477456100058324,919198600
11.62,4,0.0880098994616408454076591771,0.110297877959576,0.108587687734556,0.0884402466621381,0.0867258803268886,0.309609877029698,0.3164303771185827315543209118,0.2187736202001536315543209118,0.0976567569184291,4.5325306570128219077552100124,57.663412755897555407295484764,57.663410931157518621357076683,919990300
11.63,4,0.0880000121475390094076591771,0.110279289591165,0.10857186884442,0.0884303110014529,0.0867187209072621,0.309486290844424,0.3163059885130499018762842634,0.2186887434974801018762842634,0.0976172450155698,4.5307489215095598440126518988,57.654546717103236742951013873,57.654544890503097360672163646,920782100
11.64,4,0.0879901395240173644076591771,0.11026073052709,0.108556072531829,0.0884203901031812,0.0867115695068321,0.309362912573197,0.3161818088900262152006517173,0.2186040097321064152006517173,0.0975777991579198,4.5289701794588038063143812342,57.645683803819442268572567094,57.645681975355260497830846185,921573800
11.65,4,0.0879802802166238864076591771,0.110242196433732,0.108540294484926,0.0884104825861504,0.0867044247662408,0.309239700040776,0.3160577958762266921802307814,0.2185193765994714921802307814,0.0975384192767552,4.5271938239079832556689954238,57.636847143348814899348931658,57.636845313019658331522690627,922365500
11.66,4,0.0879704555122563754076591771,0.110223711073624,0.108524558487917,0.088400609841346,0.0866973080982005,0.309116686413373,0.3159339842161756944917946077,0.2184348789128200944917946077,0.0974991053033556,4.5254203525357305178764873042,57.628007045205747212403102134,57.628005213006736452939453323,923157200
11.67,4,0.0879606454035772704076591771,0.11020525298309,0.108508843098714,0.0883907517635994,0.0866901994191817,0.308993852963991,0.3158103537327678490811095097,0.2183504965637695490811095097,0.0974598571689983,4.5236494763263139187368497164,57.619169462958794029898744218,57.619167628885781086460257536,923949000
11.68,4,0.0879508487369888704076591771,0.110186821765055,0.10849314794174,0.0883809071936721,0.0866830975914978,0.30887121063107,0.3156869153116008374777038710,0.2182662405066392374777038710,0.0974206748049616,4.5218813512044323516543777835,57.610356895138720782258683109,57.61035505919070161192570733,924740700
11.69,4,0.0879410774332379414076591771,0.110168428744366,0.108477484363256,0.0883710881106004,0.0866760146156501,0.308748749639452,0.3155636599928024156451344308,0.2181821018502789156451344308,0.0973815581425235,4.5201158488293731424290643434,57.601532213526888443595740078,57.601530375697697551624587647,925532400
11.70,4,0.0879313197771271654076591771,0.110150062499204,0.108461840962768,0.0883612827419026,0.0866689387405358,0.308626475413444,0.3154405923922081833421307625,0.2180980852792466833421307625,0.0973425071129615,4.5183530353181115900910181986,57.592736052922106141910884267,57.592734213211192749655988396,926324200
11.71,4,0.0879215854692657584076591771,0.110131733781733,0.108446228513682,0.0883515008356214,0.0866618797354902,0.308504401970766,0.3153177272449061710350366430,0.2180142055973523710350366430,0.0973035216475538,4.5165931217352628035627911469,57.583932244470320219930378073,57.58393040287230715700880759,927115900
11.72,4,0.0879118754312215764076591771,0.110113441327449,0.108430645772649,0.0883417433178311,0.0866548385477948,0.30838249795087,0.3151950331800100412289434589,0.2179304315024308412289434589,0.0972646016775792,4.5148356587259448931261193515,57.575131085902828742909777536,57.575129242413460121914079678,927907600
11.73,4,0.0879021800196759554076591771,0.110095177124425,0.108415084748813,0.0883320004980593,0.0866478055080994,0.308260787694983,0.3150725339220387115069020013,0.2178467867877243115069020013,0.0972257471343144,4.5130809861188983733293682923,57.566365816533391098968715964,57.566363971153240521968099152,928699300
11.74,4,0.0878925189360605344076591771,0.110076959642977,0.108399563933476,0.0883222921740731,0.0866408004352083,0.30813925152688,0.3149502111325851265288263841,0.2177632531835467265288263841,0.0971869579490384,4.5113288412357719755983444878,57.557575382517835845420666643,57.557573535238883882044084526,929491100
11.75,4,0.0878828611736488914076591771,0.110058759135731,0.108384053600167,0.0883125871875305,0.0866337921917326,0.308017910710944,0.3148280839506199626734918582,0.2176798498975909626734918582,0.097148234053029,4.5095794982221401877115293815,57.548804802089653694702241028,57.548802952910232718636172712,930282800
11.76,4,0.0878732268723598604076591771,0.110040594589471,0.108368572756487,0.0883029057768297,0.0866268010369398,0.30789674664004,0.3147061351402378808160761484,0.2175965597626738808160761484,0.097109575377564,4.5078327101918413086990317716,57.54005600510420056047092325,57.540054154022790419263882147,931074600
11.77,4,0.0878636159492889724076591771,0.110022467373479,0.108353122792453,0.088293247858661,0.0866198269083054,0.307775780088684,0.3145843855223104649615160065,0.2175134036683883649615160065,0.0970709818539221,4.50608877538189569113072854,57.531302065558279704734990707,57.531300212569767300774858826,931866400
11.78,4,0.0878540202567366294076591771,0.110004367626982,0.108337693867944,0.0882836052454844,0.086612861638992,0.307654987412981,0.3144628108241271396809457369,0.2174303574107470396809457369,0.0970324534133801,4.5043473461113527960152170865,57.522548414479181135290480971,57.522546559579103275062359792,932658000
11.79,4,0.0878444478587124754076591771,0.109986304168224,0.108322294821774,0.0882739860407405,0.0866059133530602,0.307534378550697,0.3143414215758101002678131875,0.2173474315885934002678131875,0.0969939899872167,4.5026085732130973815481879719,57.513823919008226261523881355,57.513822062196146983029130156,933449700
11.80,4,0.0878348888219154374076591771,0.109968266426703,0.108306915103928,0.088264380262557,0.086598972089175,0.30741394543116,0.3142202089904151136654638723,0.2172646174837049136654638723,0.0969555915067102,4.5008723308234123143640522781,57.505091652501401422640080972,57.505089793771684573178283987,934241500
11.81,4,0.0878253541358641204076591771,0.109950267190491,0.108291567522884,0.0882547989541885,0.0865920489110463,0.307293712619358,0.3140991984665656985671317302,0.2171819405634276985671317302,0.096917257903138,4.4991389827508115414068732024,57.496362099587711186554874751,57.496360238936401837953572433,935033300
11.82,4,0.0878158425815984534076591771,0.109932302803157,0.108276248442536,0.0882452408907145,0.0865851426141279,0.30717364538445,0.3139783551043810357218730084,0.2170993659966022357218730084,0.0968789891077788,4.4974080290913079293110618267,57.487664507084542747078063636,57.487662644511463699846202247,935824900
11.83,4,0.0878063453644815084076591771,0.109914367077717,0.108260951696142,0.0882356972344944,0.0865782443810719,0.307053781939748,0.3138577165939176091583159466,0.2170169315420080091583159466,0.0968407850519096,4.4956800097152036418981223932,57.47895410813846154214102481,57.478952243637488574410545366,936616700
11.84,4,0.0877968702665704124076591771,0.109896463729083,0.108245681018778,0.0882261758056377,0.0865713620521998,0.306934063303738,0.3137372243578830144881311471,0.2169345786910733144881311471,0.0968026456668097,4.4939540855646003556949089795,57.470247630257579279517986735,57.470245763824572739531924445,937408400
11.85,4,0.0877873995656137254076591771,0.109878580353168,0.108230424026439,0.0882166587952355,0.0865644778387346,0.306814567389455,0.3136169552556565958643464578,0.2168523843719005958643464578,0.096764570883756,4.4922313575690046133788554689,57.461571912949679144359357991,57.461570044584646284231749603,938200200
11.86,4,0.0877779730395791204076591771,0.109860752325246,0.108215216114402,0.0882071861757601,0.0865576317332001,0.306695227056643,0.3134968447795799557126101253,0.2167702841455527557126101253,0.0967265606340272,4.4905109017242824971026296198,57.452879783530234342830654629,57.452877913226283139343087058,938991900
11.87,4,0.0877685496820121784076591771,0.109842940914164,0.108200018571438,0.0881977167402454,0.0865507825486024,0.306576079148643,0.3133769269828888966119449044,0.2166883121339878966119449044,0.096688614848901,4.4887932058071043058963402341,57.444201011120558270880794169,57.44419913887510823496007212,939783600
11.88,4,0.0877591495597914354076591771,0.109825164966363,0.108184850263831,0.0881882706536922,0.0865439504698351,0.306457104103615,0.3132571836674399448221908345,0.2166064502077847448221908345,0.0966507334596552,4.4870780091482809599341664724,57.435550049807144486077630775,57.435548175619549021373174502,940575400
11.89,4,0.0877497723790813384076591771,0.109807424366762,0.108169711096266,0.0881788476208281,0.0865371352214399,0.306338304507348,0.3131376174060739158615837896,0.2165247010085056158615837896,0.0966129163975683,4.4853653486010301906419148544,57.426882441310149431508704425,57.426880565173565729572810733,941367100
11.90,4,0.0877404094886473424076591771,0.109789711719929,0.108154593693001,0.088169438948116,0.0865303281296153,0.306219699225824,0.3130182465043100799875016698,0.2164430829103919799875016698,0.0965751635939181,4.4836554863726245125679508599,57.41822754132763177330049382,57.418225663239460670126269448,942158800
11.91,4,0.0877310598814073404076591771,0.109772024874954,0.108139495922733,0.0881600436235496,0.0865235282020123,0.306101272005929,0.3128990545999559801288444361,0.2163615796199730801288444361,0.0965374749799829,4.4819481880919001979724992504,57.409600183744333214390518562,57.409598303703867394545369344,942950500
11.92,4,0.0877217332701248704076591771,0.109754373310001,0.108124427283158,0.0881506714073854,0.0865167452184671,0.305983018471337,0.3127800379898695475130909614,0.2162801875028292475130909614,0.0964998504870403,4.4802434007152735994254369064,57.400955807207419482563573366,57.400953925207791196510157221,943742300
11.93,4,0.0877124287157287164076591771,0.10973675646245,0.108109387231112,0.0881413213559604,0.086509978254819,0.305864944102822,0.3126612021035867855677388955,0.2161989120572185855677388955,0.0964622900463682,4.4785412020151226103310589487,57.392327778276425045462573477,57.392325894315435091963553364,944534000
11.94,4,0.0877031392852268144076591771,0.109719167633548,0.10809436908722,0.0881319865023818,0.0865032203636006,0.305747052976897,0.3125425505417585455447682970,0.2161177569525131455447682970,0.0964247935892454,4.4768416435669535297194741782,57.383719510324731393280391056,57.383717624400615730695130737,945325700
11.95,4,0.0876938728990261394076591771,0.10970161328523,0.108079379332717,0.0881226748057856,0.0864964795232964,0.305629323403289,0.3124240621190584356752250165,0.2160367010721095356752250165,0.0963873610469489,4.4751444219133538721390480733,57.375100407773650623804428316,57.375098519880361130333384178,946117400
11.96,4,0.0876846186900135994076591771,0.109684084801804,0.108064409371138,0.088113375345921,0.0864897448329282,0.305511788718744,0.3123057694913666525123886402,0.2159557771406092525123886402,0.0963499923507574,4.4734500048153449633897734759,57.366490885993809525592397262,57.366488996128305367795624514,946909200
11.97,4,0.0876753874467312624076591771,0.109666592131334,0.108049469169695,0.0881040989640834,0.0864830271529878,0.305394435769504,0.3121876602322423786305832453,0.2158749728002939786305832453,0.0963126874319484,4.4717582142772655081275728666,57.357911144479741539669334044,57.357909252641687275669167531,947700900
11.98,4,0.0876661712944006844076591771,0.109649126831512,0.108034550305157,0.0880948377469888,0.086476318589312,0.305277257265205,0.3120697264815081533104695076,0.2157942802597074533104695076,0.0962754462218007,4.4700689377103760209008117272,57.349317687895497708015789045,57.349315794078476058056726563,948492600
11.99,4,0.0876569860225419224076591771,0.109631703838613,0.108019667732796,0.088085607561364,0.0864696350276735,0.305160239344346,0.3119519554546553589510793883,0.2157136868030636589510793883,0.0962382686515917,4.4683819919900818007395988546,57.340734464744983245002527571,57.340732568945830613041872207,949284400
12.00,4,0.0876478049021066764076591771,0.109614298842588,0.108004797161488,0.0880763815474622,0.0864629496272962,0.305043419405945,0.3118343827651358786270831733,0.2156332281125369786270831733,0.0962011546525989,4.4666978872415223354224156926,57.332154352173953952202225416,57.33215245438877692460363578,950076100
12.01,4,0.0876386456502768174076591771,0.109596927780328,0.107989954546976,0.0880671775090981,0.0864562802108912,0.304926770128718,0.3117169822712357615921637524,0.2155528781151339615921637524,0.0961641041561018,4.4650162490122128155406505209,57.323602683211814454594773294,57.323600783440038805334157122,950867800
12.02,4,0.0876295004638052074076591771,0.109579581862837,0.107975131119038,0.0880579876048684,0.0864496189558774,0.304810278233948,0.3115997401148051046176393919,0.2154726230214279046176393919,0.0961271170933772,4.4633368787987856753330166987,57.315039071138418693561202701,57.315037169373770504635234642,951659600
12.03,4,0.0876203782716745024076591771,0.109562273200477,0.107960339006741,0.0880488208074163,0.0864429748536466,0.304693988278495,0.3114827015902454713880506420,0.2153925081945422713880506420,0.0960901933957032,4.4616604253957542405995070682,57.306488192634579459353772575,57.306486288874500247360913672,952451300
12.04,4,0.0876112779944806884076591771,0.109544997372511,0.107945573807976,0.0880396760320599,0.0864363468381918,0.304577852591112,0.3113658188353602039990141259,0.2153124858410016039990141259,0.0960533329943586,4.4599862032276624582841848293,57.29795480799316123931117842,57.297952902235490572282829721,953243000
12.05,4,0.0876022016261511924076591771,0.109527760275308,0.107930841437669,0.0880305552824764,0.0864297369317918,0.304461926768612,0.3112491477241345701434820862,0.2152326119035142701434820862,0.0960165358206203,4.4583150126304031950214610628,57.289423223633704580072129718,57.28942131587444956467167043,954034800
12.06,4,0.0875931272339448534076591771,0.109510534626247,0.107916114631683,0.0880214365186789,0.086423123112989,0.304346136606191,0.3111326123306741488912215004,0.2151528105249065488912215004,0.0959798018057676,4.4566457660456261822371422884,57.280888505410823706632877481,57.28088659564475531003821126,954826500
12.07,4,0.0875840766652073574076591771,0.109493346223211,0.107901419206312,0.0880123416948412,0.086416527354414,0.30423053630352,0.3110162685234766437010640386,0.2150731376423991437010640386,0.0959431308810775,4.4549792637306465020838962662,57.272363701159242371583618383,57.272361789383391322834449002,955618200
12.08,4,0.0875750479872378504076591771,0.109476192943134,0.10788675305683,0.088003268868812,0.0864099477322999,0.304115123339926,0.3109001136411904880953876606,0.2149935906633624880953876606,0.095906522977828,4.453315467564408750778924958,57.263869909946728420924267931,57.263867996161046515177020725,956409900
12.09,4,0.0875660321940443834076591771,0.109459063152626,0.107872104568116,0.0879942089905624,0.0864033752149306,0.303999861086394,0.3107841103337964803130563070,0.2149141323064984803130563070,0.095869978027298,4.4516538425472815245394303242,57.255359427794968291435720479,57.255357511992452341809605694,957201700
12.10,4,0.0875570392796549664076591771,0.10944196911966,0.107857486026341,0.0879851721029887,0.086396819863444,0.303884781011022,0.3106682908497788327200031351,0.2148347948890139327200031351,0.0958334959607649,4.4499948506047900139568006457,57.246855724662751905263610347,57.246853806839916605050359437,957993400
12.11,4,0.0875480593738158484076591771,0.109424901193045,0.107842887798437,0.0879761482875739,0.0863902717774934,0.303769887281832,0.3105526586750369059188062710,0.2147555819655301059188062710,0.0957970767095068,4.4483385416687737068095173611,57.238388445699584908769185848,57.238386525857139211415234351,958785100
12.12,4,0.0875391020523503064076591771,0.109407867761036,0.107828318290717,0.0879671471669649,0.0863837405978252,0.303655161908925,0.3104371964498892423863489063,0.2146764762450880423863489063,0.0957607202048012,4.446684667080112902127689272,57.229904295224218562338455083,57.229902373355296625027973322,959576800
12.13,4,0.0875301566652033114076591771,0.109390857716744,0.107813766414276,0.0879581580390303,0.0863772156403373,0.303540599476448,0.3103218979981533030108668920,0.2145974716202263030108668920,0.095724426377927,4.4450331383715085200854955407,57.22142355605363382882535011,57.221421632154160023941236221,960368600
12.14,4,0.0875212331215724924076591771,0.109373882581253,0.107799243708115,0.0879491908614214,0.0863707068806401,0.303426221993558,0.3102067860802914206687739661,0.2145185909201292206687739661,0.0956881951601622,4.4433842815625632921087426844,57.21296053083101125582189356,57.212958604899032661531043977,961160300
12.15,4,0.0875123242919349034076591771,0.109356933753371,0.107784741588886,0.0879402384697537,0.0863642071722383,0.303312009161887,0.3100918398486393613496415853,0.2144398133658557613496415853,0.0956520264827836,4.4417377980325102735802144248,57.20451533404254951971668852,57.204513406076076025795521369,961952000
12.16,4,0.0875034363669507464076591771,0.109340018280778,0.107770267122045,0.0879313070849581,0.0863577227538829,0.303197972586003,0.3099770713723562322379131360,0.2143611510952854322379131360,0.0956159202770708,4.4400938606593026550912990435,57.196062831117189273791391956,57.196060901110721164792697638,962743700
12.17,4,0.0874945610714084434076591771,0.109323126541087,0.107755810702915,0.0879223883913593,0.0863512453276492,0.303084093868236,0.3098624616286006551868647868,0.2142825851543000551868647868,0.0955798764743006,4.4384521969608254652548962207,57.187615148244696551161008056,57.187613216194358953174486987,963535500
12.18,4,0.0874857085951143374076591771,0.109306270822055,0.10774138463689,0.0879134926285893,0.0863447851508514,0.302970401939305,0.3097480403359992426327837329,0.2142041453302476426327837329,0.0955438950057516,4.436813232625035867892510196,57.179174018448544432620611078,57.179172084350845244728739303,964327200
12.19,4,0.0874768689443189704076591771,0.109289439577161,0.107726977395021,0.0879046097540316,0.0863383321984863,0.302856875641857,0.3096337855845164489069338486,0.2141258097818149489069338486,0.0955079758027015,4.4351766538138159451568087309,57.170761205073145109453288194,57.170759268927579944413035034,965118900
12.20,4,0.0874680509666246994076591771,0.109272643253494,0.107712599441897,0.0878957486585513,0.0863318953789644,0.302743536919214,0.3095197199939961517661788149,0.2140476011975678517661788149,0.0954721187964283,4.4335427845325588608692960661,57.16234509887593731721661757,57.162343160677684036247574786,965910700
12.21,4,0.0874592456562751854076591771,0.109255870042839,0.107698238986741,0.087886900292356,0.086325465659971,0.302630346638918,0.3094058037048204805427371920,0.2139694797866095805427371920,0.0954363239182109,4.4319110538342816436428718793,57.153930278489699748423826331,57.153928338234278911606625156,966702400
12.22,4,0.0874504620209052614076591771,0.109239131098139,0.107683907199862,0.0878780737071258,0.0863190521105959,0.302517334533109,0.3092920671559067543568600239,0.2138914760565801543568600239,0.0954005910993266,4.4302818977243730516732267356,57.145525230439179732459102832,57.145523288123534858580520459,967494100
12.23,4,0.0874417011015823674076591771,0.109222426359886,0.107669604039053,0.0878692699490185,0.0863126557943399,0.302404484752303,0.3091784945334335460727033926,0.2138135742623804460727033926,0.0953649202710531,4.4286550896865430051345397916,57.137138110700073132834482786,57.137136166322241192691904564,968285800
12.24,4,0.0874329429057592264076591771,0.109205737204268,0.107655310897735,0.0878604689277283,0.086306256638173,0.302291818968679,0.3090651061588582707944707998,0.2137357947941898707944707998,0.0953293113646684,4.4270309208042208030569198489,57.128749187706509785421492846,57.128747241261850612742515058,969077600
12.25,4,0.0874242054870375314076591771,0.109189080627273,0.107641044789065,0.0878516887851345,0.0862998728011839,0.302179320160525,0.3089518862387117385962730133,0.2136581219272605385962730133,0.0952937643114512,4.4254091648526163388446620294,57.120369250900301179600918609,57.120367302385562121092244831,969869300
12.26,4,0.0874154915743498234076591771,0.10917245820736,0.107626807308602,0.0878429322635136,0.0862935070427918,0.302066971587494,0.3088388181847267886932725942,0.2135805391420475886932725942,0.0952582790426792,4.4237895842223215326719454925,57.111986722206688959278668731,57.111984771616924452444355882,970661100
12.27,4,0.0874067892948643624076591771,0.109155860350084,0.107612588878936,0.0878341874319784,0.0862871474491869,0.301954807077732,0.3087259350745566714015760446,0.2135030795849262714015760446,0.0952228554896304,4.4221726527158231427344607978,57.103635478820962144299697101,57.103633526156220439284848475,971452900
12.28,4,0.0873981095696448514076591771,0.109139297112269,0.107598399573862,0.0878254652649941,0.0862808050118454,0.301842813123921,0.3086132241365018027425607565,0.2134257305529187027425607565,0.0951874935835831,4.4205581873919851708752235892,57.095279611718808634048732186,57.095277656973940147690191746,972244500
12.29,4,0.0873894416714330334076591771,0.109122758331229,0.107584229247599,0.0878167549828488,0.0862744689680015,0.301730998925207,0.3085006938395645722008528723,0.2133485005837500722008528723,0.0951521932558145,4.4189463095603688612253902225,57.086929823367336947540842565,57.086927866538866260910080248,973036300
12.30,4,0.0873807951843501254076591771,0.109106251123289,0.10757008503331,0.0878080662165276,0.0862681489655212,0.301619328182761,0.3083883084709217599389360222,0.2132713540333182599389360222,0.0951169544376035,4.4173365076724306212537900209,57.0785816115904934194924793,57.078579652673974127513041821,973828000
12.31,4,0.0873721613080794944076591771,0.109089769415298,0.10755596087462,0.0877993901226825,0.0862618361778726,0.301507840819893,0.3082761074341616181508538270,0.2131943303739339181508538270,0.0950817770602277,4.4157293461430158035302998652,57.070265820086568884885089103,57.070263859082215694771136776,974619800
12.32,4,0.0873635400948394034076591771,0.109073312159337,0.107541855740322,0.0877907267537871,0.0862555306742809,0.301396521097266,0.3081640749563532915481863300,0.2131174139013881915481863300,0.0950466610549651,4.4141245990415343014592148755,57.061936174004596498879262189,57.061934210905985989625973537,975411500
12.33,4,0.0873549493500305884076591771,0.109056896173127,0.107527786464782,0.0877820940023064,0.0862492503638985,0.30128535301934,0.3080521962552280614690009976,0.2130405899021348614690009976,0.0950116063530932,4.4125220546275944408405278906,57.053610180668197865645376613,57.053608215471311247550875041,976203200
12.34,4,0.0873463612567759344076591771,0.109040495147691,0.107513726755606,0.0877734639153452,0.0862429673104539,0.301174361070197,0.3079404939211605834921962913,0.2129638810352690834921962913,0.0949766128858915,4.4109220364844695742441157935,57.045296397090987214758272701,57.045294429793127992327070875,976994900
12.35,4,0.0873377956784979604076591771,0.109024129985245,0.107499697531532,0.0877648564534534,0.0862367014910571,0.301063558018125,0.3078289821505538600793607116,0.2128873015659176600793607116,0.0949416805846362,4.4093247479606701359086919442,57.036992314019198621241164267,57.036990344617451902962456926,977786700
12.36,4,0.0873292515528007724076591771,0.109007796009951,0.107485694133176,0.0877562705490405,0.0862304518546139,0.300952892298892,0.3077176091797614079754919712,0.2128107997991542079754919712,0.0949068093806072,4.4077294475965534516342491811,57.028712536163040810681307015,57.02871056465614837756159902,978578400
12.37,4,0.0873207189882709584076591771,0.10899148521145,0.107471708566575,0.0877476962623262,0.0862242084777779,0.300842391850482,0.3076064023210802421770765507,0.2127344031159993421770765507,0.0948719992050809,4.4061365266119928739906643879,57.020413868925572325944835099,57.020411895306440567574555939,979370100
12.38,4,0.0873121989223358454076591771,0.108975199135326,0.107457742393641,0.0877391345353218,0.0862179723189313,0.300732065270324,0.3074953702599516251373464188,0.2126581202706156251373464188,0.094837249989336,4.4045461094167522696123486432,57.01213280636559202238830501,57.012130830632288737342304955,980161900
12.39,4,0.0873036993495704414076591771,0.108958946338718,0.107443804187784,0.0877305934016937,0.0862117514280491,0.300621919762773,0.3073845207812302329496845289,0.2125819591165803329496845289,0.0948025616646499,4.4029583075206829910691788268,57.003860938154515737226760919,57.003858960304031381550180714,980953600
12.40,4,0.0872952232645673584076591771,0.108942726598325,0.10742989374191,0.0877220758706774,0.086205548830613,0.300511908994179,0.3072738076496864356347081067,0.2125058734873843356347081067,0.0947679341623021,4.4013724586528749049955660212,56.995605615623729192209888418,56.995603635653700586247165029,981745300
12.41,4,0.0872867575886256184076591771,0.108926530773087,0.107416001931102,0.0877135687996204,0.086199351400155,0.300402090647781,0.3071632877715253628915835702,0.2124299203579564628915835702,0.0947333674135689,4.3997893779347199583355734246,56.987345000826372878022293983,56.987343018731844958924214918,982537000
12.42,4,0.0872783033896839584076591771,0.108910357547055,0.107402127455497,0.0877050732616831,0.0861931602259585,0.300292430519153,0.3070529269349657154081050399,0.2123540655852361154081050399,0.0946988613497296,4.3982085753185134233494258001,56.979092467375820663621865048,56.979090483153397245398878784,983328800
12.43,4,0.0872698715890763024076591771,0.108894217747696,0.107388281158583,0.0876966002316023,0.0861869862988219,0.300182926117851,0.3069427234120345817666020739,0.2122783075099729817666020739,0.0946644159020616,4.3966300260528886526070000266,56.970850290118863790163567975,56.970848303765524434860812985,984120500
12.44,4,0.0872614522547760974076591771,0.108878101547163,0.107374453228474,0.0876881397287862,0.0861808196541539,0.300073579975651,0.3068326790438976315515404747,0.2122026480420550315515404747,0.0946300310018426,4.3950537565106075395125912254,56.962607267373233774223331525,56.962605278884391302520095958,984912200
12.45,4,0.0872530523081518554076591771,0.108862017466952,0.107360652202569,0.0876796987084471,0.0861746672631066,0.299964414247458,0.3067228165270303988446768969,0.2121271099466784988446768969,0.0945957065803519,4.3934800917947194098661922354,56.954394687137532204224008274,56.954392696513141552303585871,985703900
12.46,4,0.0872446658720336164076591771,0.108845958706781,0.107346871296426,0.0876712712646771,0.0861685232356515,0.299855416348259,0.3066131228338178998640050701,0.2120516802649521998640050701,0.0945614425688657,4.3919088452984117246764004589,56.946176909828942646079356377,56.946174917063884234225160987,986495700
12.47,4,0.0872362896846620924076591771,0.108829919852921,0.107333105112096,0.0876628541197678,0.0861623843098994,0.2997465558449,0.3065035672286984303842300230,0.2119763283300349303842300230,0.0945272388986635,4.3903395767671848365130927758,56.937959089929868318527015285,56.937957095019522371922750354,987287400
12.48,4,0.0872279358691087414076591771,0.108813916605449,0.107319369365377,0.0876544594560694,0.0861562626839596,0.299637882616682,0.3063942005657471089394782743,0.2119011050647245089394782743,0.0944930955010226,4.3887730146320124768020757074,56.929753329526268775508213445,56.929751332468078350949015515,988079100
12.49,4,0.0872196035476359944076591771,0.108797945885158,0.107305660992723,0.0876460863915525,0.0861501574915024,0.299529365272216,0.3062849913163411819302614831,0.2118259790091197819302614831,0.0944590123072214,4.3872087072786351065519466524,56.92155528574961811536163085,56.921553286540180508017965757,988870800
12.50,4,0.0872112814597745304076591771,0.108781995854356,0.107291968172045,0.0876377236106868,0.0861440574326376,0.299420996738309,0.3061759315998497110228605269,0.2117509423513125110228605269,0.0944249892485372,4.3856465418253516459368847727,56.913378175749033460983611018,56.913376174386843767606289796,989662600
12.51,4,0.0872029717818196544076591771,0.10876607083462,0.107278295240463,0.0876293733004091,0.0861379647098832,0.299312807464279,0.3060670520939605855249099671,0.2116760258377117855249099671,0.0943910262562488,4.3840869576976572587783943084,56.90519147031589067229633983,56.905189466795236604990084609,990454300
12.52,4,0.0871946834543679814076591771,0.108750179115211,0.107264650502722,0.0876210444450334,0.0861318883230754,0.299204787195564,0.3059583431484013786280796647,0.2116012198867676786280796647,0.0943571232616337,4.3825298166655965680635612595,56.897016941303456102682436368,56.89701493562170877974067456,991246100
12.53,4,0.0871864173455397834076591771,0.108734318821058,0.107251032099176,0.087612737916925,0.086125829160043,0.299096896610467,0.3058497654075376964367843406,0.2115264852115676964367843406,0.09432328019597,4.3809745550012367643837739067,56.888849235891710290809537407,56.888847228045228868517171314,992037800
12.54,4,0.0871781516304534214076591771,0.108718471493972,0.107237421587006,0.0876044317844836,0.0861197653045914,0.298989186145879,0.3057413678988934312668690227,0.2114518709083568312668690227,0.0942894969905366,4.3794218749721067143734433314,56.880683051025890693913564922,56.880681041010524789853877902,992829500
12.55,4,0.0871699061770585874076591771,0.108702656558326,0.107223838405893,0.0875961460128086,0.0861137167371671,0.298881647370774,0.3056331435680232320538508994,0.2113773699914136320538508994,0.0942557735766096,4.3778716755307679325809350133,56.87254791099095354095595474,56.872545898806874447839908864,993621200
12.56,4,0.0871616839274447664076591771,0.108686875133987,0.107210283690958,0.0875878835583755,0.086107686429535,0.29877425391614,0.3055250661893304713001023294,0.2113029563038614713001023294,0.094222109885469,4.3763235810231761236621714338,56.864403774160308540181594465,56.864401759801645705351114684,994413000
12.57,4,0.0871534720555616124076591771,0.108671115893917,0.107196746130356,0.0875796315324176,0.0861016615081606,0.298667028564735,0.3054171577010011869060302721,0.2112286518526093869060302721,0.0941885058483918,4.374777905690735234561215792,56.856259810439521883010707647,56.856257793901969181278771221,995204700
12.58,4,0.0871452714300180064076591771,0.108655378060771,0.107183224961882,0.0875713908077913,0.0860956428610748,0.298559947686062,0.3053093944769336601396960971,0.2111544330802775601396960971,0.0941549613966561,4.3732343111144499699339905701,56.848129165632276467439583128,56.848127146913193274340205307,995996400
12.59,4,0.0871370920457294674076591771,0.108639674217164,0.10716973278323,0.0875631714282846,0.0860896405471834,0.298453047235226,0.3052018132634168334380148375,0.2110803368018768334380148375,0.09412147646154,4.3716933236461554119331635273,56.840003168246198939831573994,56.840001147341997997619976373,996788200
12.60,4,0.0871289338976277964076591771,0.108624002153934,0.107156267400262,0.0875549733888046,0.0860836545764546,0.298346295691712,0.3050943824636642079570501524,0.2110063314893427079570501524,0.0940880509743215,4.3701544906952168595888434637,56.831891749778096216282811919,56.831889726686377320358871886,997579900
12.61,4,0.0871207869073498254076591771,0.108608353485548,0.107142820442415,0.0875467865617073,0.0860776748362488,0.298239718321488,0.3049871266981960095630119454,0.2109324418319170095630119454,0.094054684866279,4.3686181649246080710967209419,56.823800150246988802134150067,56.823798124966259480939307006,998371600
12.62,4,0.0871126413413662674076591771,0.108592717181816,0.107129380894409,0.087538601165869,0.0860716915603904,0.298133297602581,0.3048800277193336259490387777,0.2108586496506439259490387777,0.0940213780686897,4.3670840849556085342352773993,56.815700623358126083232833253,56.815698595882860343540066028,999163300
12.63,4,0.0871045257980672614076591771,0.108577120792097,0.107115976320461,0.0875304459395188,0.0860657335020008,0.298027015528783,0.3047730694875153048999999297,0.2107849389746833048999999297,0.093988130512832,4.36555202103840611563892392,56.807603067665776922215602347,56.807601037991709414318162417,999955100
12.64,4,0.0870964313975327554076591771,0.108561557807028,0.107102600226006,0.0875223119593162,0.086059791752576,0.297920906932127,0.3046662862968854456476955256,0.2107113441669010456476955256,0.0939549421299844,4.3640224644004440326689328218,56.79952015905484896022354861,56.799518127179785980478521294,1000747000
12.65,4,0.0870883392813969634076591771,0.108546008220213,0.107089232619393,0.0875141802746825,0.0860538473763181,0.297814957374472,0.3045596623499287718840048326,0.2106378494985047718840048326,0.093921812851424,4.3624951887589948815425060662,56.791442304504487856946057757,56.791440270424782595841927994,1001538000
12.66,4,0.0870802673488460264076591771,0.108530490778097,0.107075892261758,0.0875060688723265,0.0860479183746619,0.297709177091407,0.3044532091660089986387192584,0.2105644665575794986387192584,0.0938887426084295,4.3609703591167772584768456137,56.783376731035967978910501462,56.78337469474904376707228523,1002330000
12.67,4,0.0870722064931656854076591771,0.108514993771153,0.10706256745821,0.0874979686010043,0.0860419956110342,0.297603529816352,0.3043468897510979278453736012,0.2104911584188196278453736012,0.0938557313322783,4.3594474455733882188547351854,56.775322424738777485480706362,56.775320386241717653042534652,1003122000
12.68,4,0.0870641667603933264076591771,0.108499529970573,0.107049270994519,0.087489889555876,0.086036089195211,0.297498053464754,0.3042407428201706611245746434,0.2104179638659214611245746434,0.0938227789542492,4.3579270026799905208718653397,56.767272555887446002569247813,56.767270515176583959074737384,1003914000
12.69,4,0.0870561382691058874076591771,0.108484088249064,0.107035991757919,0.0874818218072008,0.0860301892120131,0.297392731256587,0.3041347508588900517257155223,0.2103448654532702517257155223,0.0937898854056198,4.3564087795621906255368334794,56.759219546772422006901282127,56.759217503842897204306033379,1004705000
12.70,4,0.0870481298905009494076591771,0.108468677311243,0.1070227384675,0.0874737742695543,0.0860243045905233,0.29728755987699,0.3040289111686824849060816802,0.2102718605510142849060816802,0.0937570506176682,4.3548927375657708586496324444,56.751175753291571560675368738,56.751173708140284149972432441,1005497000
12.71,4,0.0870401325332306254076591771,0.108453289623657,0.107009503604226,0.0874657378071341,0.0860184262093924,0.297182562558627,0.3039232464011172467413983726,0.2101989718794448467413983726,0.0937242745216724,4.3533792011505745727801391144,56.743143523636190427131463904,56.743141476260570474032699264,1006289000
12.72,4,0.0870321463655237884076591771,0.108437923476485,0.10699628547264,0.0874577125889916,0.0860125542520713,0.297077712425461,0.3038177296273571661054603091,0.2101261725784465661054603091,0.0936915570489106,4.3518677845894016077928805309,56.735118132538451934710565568,56.735116082934994292616590991,1007081000
12.73,4,0.0870241811731461434076591771,0.108422588609467,0.106983093826794,0.0874497084487426,0.0860066985665218,0.296973007790641,0.3037123598450684591478006457,0.2100534617144080591478006457,0.0936588981306604,4.3503584735249073430276176135,56.727120157499584462208682316,56.727118105667836217609952237,1007872000
12.74,4,0.0870162261602340844076591771,0.108407275372572,0.106969919030914,0.0874417145377343,0.0860008483183835,0.296868466173072,0.3036071538583224138847721133,0.2099808561601226138847721133,0.0936262976981998,4.3488515086576746451187614435,56.719104410369812398221277769,56.71910235630288326521773789,1008664000
12.75,4,0.0870082921990404344076591771,0.108391994834739,0.106956772168144,0.0874337417813823,0.0859950144473116,0.296764089242725,0.3035021141061441445129942677,0.2099083584233372445129942677,0.0935937556828069,4.3473469249241754342404911809,56.711107097203737672616545901,56.711105040900007825295102569,1009456000
12.76,4,0.0870003683214051944076591771,0.108376735334292,0.10694364159096,0.0874257791578948,0.0859891859457012,0.296659868232727,0.3033972310305256437249935551,0.2098359590147656437249935551,0.09356127201576,4.3458445854160204418186133474,56.703109791252587884818111556,56.703107732707676246017840442,1010248000
12.77,4,0.0869924664858724024076591771,0.108361507884738,0.10693053832697,0.0874178386842904,0.0859833748447048,0.296555788371586,0.3032924906652049331065514647,0.2097636440368684331065514647,0.0935288466283365,4.3443442900812621556316093806,56.695120780943254996186209629,56.695118720153940237404285588,1011039000
12.78,4,0.0869845746510012344076591771,0.108346302671123,0.106917452575266,0.0874099082602484,0.0859775690580836,0.296451882763107,0.3031879253496708771781776735,0.2096914458978557771781776735,0.0934964794518151,4.3428465021489398747095880842,56.68714067589542200869273056,56.687138612858731328082557485,1011831000
12.79,4,0.0869766928486770444076591771,0.108331117341081,0.106904381997477,0.0874019879178102,0.0859717686319086,0.296348117306588,0.3030835009031722627832546121,0.2096193304856982627832546121,0.093464170417474,4.3413507320158765459966126579,56.679168447744260123528236889,56.679166382456897806811431294,1012623000
12.80,4,0.0869688320374890384076591771,0.108315964468803,0.10689133918174,0.0873940886691497,0.0859659845923315,0.296244513954403,0.3029792401027126949432376397,0.2095473206461218949432376397,0.0934319194565908,4.3398573059386054417529078614,56.671220454859167156100949009,56.671218387320321070274136607,1013415000
12.81,4,0.0869609832493525094076591771,0.108300833911561,0.106878313999217,0.0873862015023305,0.085960207941342,0.296141056849192,0.3028751264230073718319677472,0.2094753999225646718319677472,0.0933997265004427,4.3383659872098829145483505755,56.663257925135246845029566204,56.663255855338454633282856634,1014206000
12.82,4,0.0869531434428864954076591771,0.108285722849215,0.106865303643609,0.0873783233611,0.0859544356365622,0.296037749473279,0.3027711631421406490829085863,0.2094035716618318490829085863,0.0933675914803088,4.3368768227847948577872359202,56.655306973849733672552381152,56.655304901792286353788394359,1014998000
12.83,4,0.0869453246133804354076591771,0.108270645153431,0.106852322000374,0.0873704662994018,0.085948679745759,0.29593461739943,0.3026673767391845736051463163,0.2093318624117175736051463163,0.093335514327467,4.3353901919481217592480453363,56.647371216928594752128255738,56.647369142608524967422357576,1015790000
12.84,4,0.0869375258767541604076591771,0.108255597742926,0.106839366001966,0.0873626294288327,0.0859429393943017,0.295831629298053,0.3025637357468842306392865094,0.2092602407736893306392865094,0.0933034949731949,4.3339056439646307559823990254,56.639431404197828401624016932,56.639429327610129980419358152,1016581000
12.85,4,0.0869297279502509054076591771,0.108240561575736,0.106826416620109,0.0873547933723479,0.0859371952188674,0.295728790636712,0.3024602442921379587084348196,0.2091887109433666587084348196,0.0932715333487713,4.3324232379477953625386624669,56.631501574747690332171286747,56.631499495889446717286017406,1017373000
12.86,4,0.0869219509866646854076591771,0.108225556553696,0.106813493770277,0.0873469783812838,0.0859314674844635,0.295626095709185,0.3023568980718578269059327435,0.2091172686863848269059327435,0.093239629385473,4.330942912260430445551246741,56.623582077573006594535718942,56.623579996441348322278657616,1018165000
12.87,4,0.0869141940647386564076591771,0.108210583841046,0.106800598630297,0.0873391835298788,0.0859257552789492,0.29552357443526,0.3022537270151098919424396678,0.2090459440005312919424396678,0.0932077830145786,4.32946509560483478998572645,56.61568821114860179843051402,56.615686127743106374454515202,1018957000
12.88,4,0.0869064469762023924076591771,0.108195629645915,0.106787717421836,0.0873313985599464,0.0859200483577091,0.295421176638169,0.3021506801062266691927457633,0.2089746859388600691927457633,0.0931759941673666,4.3279890572353842624765126721,56.607777085331706140778483896,56.607774999645310245675548242,1019748000
12.89,4,0.0868987118830365354076591771,0.108180699693778,0.106774855883857,0.0873236256440389,0.0859143489068161,0.29531895305026,0.3020478083543030421004336203,0.2089035455791888421004336203,0.0931442627751142,4.3265155278035557564279005299,56.599880790964592637940346512,56.599878702995289133996714944,1020540000
12.90,4,0.0868909956144049934076591771,0.108165797758438,0.106762017803601,0.0873158716447131,0.0859086638022985,0.295216859259716,0.3019450677198940386783616409,0.2088324789507937386783616409,0.0931125887691003,4.325043876490766192014069182,56.591985586630918635373255962,56.591983496374389480548557814,1021332000
12.91,4,0.0868832903315690384076591771,0.108150920514548,0.106749199869111,0.0873081286849009,0.0859029851805098,0.295114960633308,0.3018425231795074000035428115,0.2087615510989051000035428115,0.0930809720806023,4.3235750340169428950350114708,56.584104482725118354307240738,56.58410239017942469567323085,1022124000
12.92,4,0.0868756049102741414076591771,0.108136072157843,0.106736406289462,0.0873004056837478,0.0858973219739684,0.295013189310743,0.3017401073317663353780803531,0.2086906946908685353780803531,0.0930494126408978,4.3221080349284891912907202347,56.576228329981251293147311689,56.576226235142681461514176301,1022915000
12.93,4,0.0868679303003348894076591771,0.108121243912059,0.10672362830168,0.0872926935468153,0.0858916651015592,0.294911550158757,0.3016378244202771276923076557,0.2086199140390110276923076557,0.0930179103812661,4.3206429400105709741854905969,56.568359539700208029859026268,56.568357442565370538245659541,1023707000
12.94,4,0.0868602656252841114076591771,0.108106437891473,0.106710868033285,0.0872849913933505,0.0858860136958044,0.294810086038119,0.3015357173498097779579643893,0.2085492521168262779579643893,0.0929864652329835,4.3191803638287651103537336353,56.560501360026873544350101738,56.560499260593198877116833005,1024499000
12.95,4,0.0868526117981238924076591771,0.108091653310267,0.106698124711655,0.0872773001408198,0.0858803686873964,0.294708772557779,0.3014337617348351976124272193,0.2084786846075051976124272193,0.09295507712733,4.3177199570860934115309079915,56.552641988718274788483868577,56.552639886981284745859819661,1025290000
12.96,4,0.0868449778509879934076591771,0.108076899094148,0.106685407275639,0.087269628865522,0.0858747391658122,0.294607607246264,0.3013319557334429552176043251,0.2084082097378610552176043251,0.0929237459955819,4.3162616933991458795600293054,56.544815094708810297403522737,56.544812990668971108646772367,1026082000
12.97,4,0.0868373637060575694076591771,0.108062174367531,0.106672714862754,0.0872619774892576,0.085869125065982,0.294506578702285,0.3012302879119529481639933554,0.2083378161429351481639933554,0.0928924717690178,4.3148054089925167050324858598,56.536974451364144210187839215,56.536972345015078940145569924,1026874000
12.98,4,0.0868297603954943624076591771,0.108047471424306,0.106660039779937,0.087254337000338,0.085863517389299,0.294405705910253,0.3011287766718910408182951979,0.2082675222929750408182951979,0.092861254378916,4.313351367448654375726759091,56.529139735719989078055914163,56.529137627058338778612352104,1027666000
12.99,4,0.0868221668781629914076591771,0.108032789396985,0.106647381172703,0.0872467063525366,0.0858579151025709,0.294304991461864,0.3010274245390330302762965441,0.2081973307824784302762965441,0.0928300937565546,4.3118996049466141639030737647,56.521318813798383276880326873,56.521316702821892972692945901,1028457000
13.00,4,0.0868145831862529974076591771,0.108018126320843,0.106634737089284,0.0872390855782006,0.0858523182511314,0.294204406795645,0.3009262028853334151648138694,0.2081272130521224151648138694,0.092798989833211,4.3104497114198810165054930769,56.513497443442976478054378698,56.513495330147204835402128835,1029249000
13.01,4,0.0868070202786566384076591771,0.108003496590096,0.106622121936801,0.0872314856898086,0.0858467378603984,0.294103999887194,0.3008251605745119788966494647,0.2080572180343485788966494647,0.0927679425401634,4.3090023867896842593340098709,56.505693400214606443459681231,56.505691284598055172358688935,1030041000
13.02,4,0.0867994761509355044076591771,0.107988894219077,0.10660952974245,0.0872239046731208,0.0858411719290244,0.294003714011936,0.3007242406035308977636331360,0.2079872887948402977636331360,0.0927369518086906,4.307556814547642785792919265,56.49788836789464479031631155,56.49788624995269674846289093,1030833000
13.03,4,0.0867919337986648844076591771,0.10797430546746,0.106596946778717,0.0872163254405651,0.0858356033822826,0.293903597633502,0.3006234903603836335851352384,0.2079174727903143335851352384,0.0927060175700693,4.3061136734767748949123300618,56.490093876852865068983613713,56.490091756582961728001844267,1031624000
13.04,4,0.0867844202174336994076591771,0.10795975440067,0.106584397123796,0.0872087751197323,0.0858300593605626,0.293803606012679,0.3005228668944493871096974230,0.2078477271388708871096974230,0.0926751397555785,4.3046723483547449124922351011,56.482303923009419093016002721,56.482301800407778176160633482,1032416000
13.05,4,0.0867769074829312054076591771,0.10794521718671,0.10657185695841,0.0872012256497684,0.0858245118157624,0.29370380060396,0.3004224298489719081319284540,0.2077781115524764081319284540,0.0926443182964955,4.3032336935081193530809998633,56.474543735634529241625999281,56.474541610701592257726551793,1033208000
13.06,4,0.0867694133937647464076591771,0.107930707801544,0.106559340271199,0.0871936949163118,0.0858189786462263,0.293604124870934,0.3003221238010595983546588434,0.2077085706769603983546588434,0.0926135531240992,4.3017969150624330833130354288,56.466773996218449993751726621,56.466771868948421846500485652,1033999000
13.07,4,0.0867619310258307984076591771,0.107916219440297,0.106546840269917,0.0871861759614016,0.0858134529066533,0.293504581244919,0.3002219507023026845541033396,0.2076391065326357845541033396,0.0925828441696669,4.3003620409721632670098460377,56.459005844883849498033131509,56.459003715272598877628092748,1034791000
13.08,4,0.0867544574909765924076591771,0.10790175134691,0.106534356211087,0.0871786658827629,0.0858079317073822,0.293405200518707,0.3001219412186232519238625663,0.2075697498541462519238625663,0.092552191364477,4.2989295104943024187197971714,56.45124540191726311731506599,56.451243269961820989144911894,1035583000
13.09,4,0.0867470035522716074076591771,0.107887313439265,0.10652189802513,0.0871711754960939,0.0858024258766796,0.293305969474355,0.3000220828569862680440358230,0.2075004882171794680440358230,0.0925215946398068,4.2974991446793074050772999084,56.443498251541776809699789465,56.4434961172399104623808311,1036375000
13.10,4,0.0867395604376163344076591771,0.107872895230917,0.106509455238093,0.0871636959864015,0.0857969266120752,0.293206864515947,0.2999223513483287616009830111,0.2074312974213935616009830111,0.0924910539269352,4.2960705958984485518823470925,56.435749830505170283748661256,56.435747693852295502325554197,1037166000
13.11,4,0.0867321369108209424076591771,0.107858507381907,0.106497038522463,0.0871562361603489,0.0857914427327096,0.293107911839608,0.2998227735694386657912769621,0.2073622044122984657912769621,0.0924605691571402,4.2946442491333581849349315629,56.42800811168925260398673886,56.428005972682156410320041309,1037958000
13.12,4,0.0867247231991000114076591771,0.107844141397827,0.106484639396235,0.0871487861973642,0.0857859644304431,0.293009130752443,0.2997233681887133256636352620,0.2072932279270145256636352620,0.0924301402616988,4.2932203717891572244092324782,56.420282113825551483006909484,56.420279972462569023600019714,1038750000
13.13,4,0.0867173181456611094076591771,0.107829792923127,0.106472253516216,0.0871413449349984,0.0857804905552144,0.292910475630704,0.2996240893905784334212817336,0.2072243222186882334212817336,0.0923997671718902,4.2917983076060681313138472407,56.412563452444494647553004568,56.412561308722339507795300985,1039542000
13.14,4,0.0867099346310888154076591771,0.107815475915459,0.10645989485237,0.087133925316819,0.0857750340629338,0.292811960523621,0.2995249521645350230011200478,0.2071555023455429230011200478,0.0923694498189921,4.2903782712928694750960937719,56.404848513179520889378466045,56.404846367094448993718988123,1040333000
13.15,4,0.0867025698815745994076591771,0.107801188999293,0.106447562041437,0.0871265245554544,0.0857695921785278,0.292713605717947,0.2994259766528223111560576852,0.2070867885185404111560576852,0.0923391881342819,4.2889605513659219322828261498,56.397140883486245192930954468,56.397138735035305183898626785,1041125000
13.16,4,0.0866952058142082544076591771,0.107786912649719,0.106435235570731,0.0871191244795732,0.085764146742919,0.292615392490314,0.2993271428165455557704887612,0.2070181607675078557704887612,0.0923089820490377,4.2875448607891852075299668566,56.389442859890013346753956158,56.389440709070389662445975974,1041917000
13.17,4,0.0866878603514415944076591771,0.107772665549924,0.106422934135617,0.0871117430992636,0.0857587157784055,0.292517329836692,0.2992284609338829801193629668,0.2069496294393446801193629668,0.0922788314945383,4.2861313467867196534073927721,56.381751163755431705519818477,56.381749010563901584338349672,1042709000
13.18,4,0.0866805245257060434076591771,0.10775843803838,0.106410648086705,0.0871043714031079,0.0857532902857355,0.292419408773917,0.2991299213704473064879615968,0.2068811849683861064879615968,0.0922487364020612,4.284719871356100730923701297,56.374081262064533418993373501,56.374079106500115093249384442,1043500000
13.19,4,0.0866732093327903504076591771,0.107744240787667,0.106398388108667,0.0870970204406616,0.0857478813265865,0.292321623524283,0.2990315191079308768944066259,0.2068128224050462768944066259,0.0922186967028846,4.2833103626153681982745829918,56.366402071284764666209380201,56.366399913341846431150772749,1044292000
13.20,4,0.0866659027318405424076591771,0.107730063049791,0.106386143465558,0.0870896781121939,0.0857424768133064,0.292223993840211,0.2989332731017363126068058181,0.2067445607734497126068058181,0.0921887123282866,4.2819030920806635164686352576,56.358731693561852450404042023,56.35872953323762931973238236,1045084000
13.21,4,0.0866585967553265514076591771,0.107715895688401,0.106373905033033,0.0870823364112152,0.0857370687514409,0.29212650384268,0.2988351668750428654025283206,0.2066763836654983654025283206,0.0921587832095445,4.2804978237389280113058509345,56.351070506113842617597856073,56.351068343405489292263393461,1045875000
13.22,4,0.0866513193257643634076591771,0.107701767539264,0.106361701658822,0.0870750233967762,0.0857316852120324,0.292029163658589,0.2987372125423955900377899123,0.2066083032644588900377899123,0.0921289092779367,4.279094731118235008586222862,56.343415667680488477881209669,56.343413502584835231896037606,1046667000
13.23,4,0.0866440525123048834076591771,0.107687658622289,0.106349513374755,0.08706772105035,0.0857263081885035,0.291931945864639,0.2986393813543873193385797366,0.2065402908896455193385797366,0.0920990904647418,4.2776934024136658608796279221,56.335761486561179720350810124,56.335759319074016934984589867,1047459000
13.24,4,0.0866367952374894544076591771,0.107673571635021,0.106337342890253,0.0870604282892095,0.0857209366100331,0.291834904558224,0.2985417274656353133084049767,0.2064724007643985133084049767,0.0920693267012368,4.2762946133329765700290817541,56.328124358739168563968719056,56.3281221888591198801766705,1048251000
13.25,4,0.0866295565704942044076591771,0.107659511402328,0.106325195042018,0.0870531542268769,0.0857155796020071,0.291737978089643,0.2984441897140034846876309808,0.2064045717953025846876309808,0.0920396179187009,4.2748974877930917590216703601,56.320492023086461097439880732,56.320489850809851748419836659,1049042000
13.26,4,0.0866223275469384364076591771,0.107645471924069,0.106313063841703,0.087045889855138,0.0857102281680323,0.291641209790106,0.2983468109074247844020448111,0.2063368468590142844020448111,0.0920099640484105,4.2735026389725140508444797388,56.312861950483822702484430326,56.312859775807014068368079674,1049834000
13.27,4,0.0866151189364352594076591771,0.107631462332509,0.106300958433323,0.0870386459962665,0.0857048931421615,0.291544575112614,0.2982495671965486742303366250,0.2062692021749030742303366250,0.0919803650216456,4.2721097252544386360888981722,56.30524138064039827655316965,56.305239203560573520390633085,1050626000
13.28,4,0.0866079088847672574076591771,0.107617462142784,0.106288858343721,0.0870314006891833,0.0856995525750522,0.291448095934105,0.2981524789768865951417411812,0.2062016582072042951417411812,0.0919508207696823,4.2707190387830635165979412993,56.29763390994671054644907364,56.297631730461789915895253488,1051418000
13.29,4,0.0866007184637339374076591771,0.107603490281374,0.106276782511044,0.0870241751087238,0.0856942276532349,0.29135173936134,0.2980555147563842244533443036,0.2061341835325840244533443036,0.0919213312238002,4.2693301284679319097328814423,56.290025941742227450770856799,56.290023759847852575837558995,1052209000
13.30,4,0.0865935474440122084076591771,0.107589548391601,0.106264732590239,0.0870169690244436,0.0856889181579184,0.291255532197665,0.2979587013885413162182088774,0.2060668050732646162182088774,0.0918918963152767,4.2679433789570946821281296799,56.282425519259767241224796524,56.282423334952970722625973599,1053001000
13.31,4,0.0865863760464525224076591771,0.107575617205854,0.106252689325278,0.087009762560478,0.0856836042248494,0.291159483834782,0.2978620468989459800704658728,0.2059995309235566800704658728,0.0918625159753893,4.2665589052086613483320514947,56.274839093410470790765047556,56.274836906689398193580006077,1053793000
13.32,4,0.0865792240424369174076591771,0.10756171513603,0.106240671139601,0.0870025755848861,0.0856783057336577,0.291063572753992,0.2977655311064746081938992996,0.2059323409710586081938992996,0.091833190135416,4.2651764181493246397704534055,56.267257207360367900946821155,56.267255018221587599263000202,1054584000
13.33,4,0.0865720816521613344076591771,0.107547830734208,0.106228666596788,0.0869953982700432,0.0856730128682473,0.290967776126356,0.2976691304400335748258254271,0.2058652117133977748258254271,0.0918039187266358,4.263795580148014990682048774,56.259672661769508651191632564,56.259670470208255376951655553,1055376000
13.34,4,0.0865649576110540594076591771,0.107533975546259,0.106216687254169,0.0869882393940916,0.0856677344182487,0.290872133224915,0.2975728848831944938261960205,0.2057981832028684938261960205,0.091774701680326,4.2624169639272432128022962386,56.252104025707806936563467166,56.252101831722496429198488656,1056168000
13.35,4,0.0865578431753149864076591771,0.107520140892965,0.106204724443945,0.0869810901704762,0.085662461608554,0.290776645890662,0.2974767956678316363692090715,0.2057312567400667363692090715,0.0917455389277649,4.2610405871322961727656068818,56.244563662944094528264599872,56.244561466534955925378143507,1056960000
13.36,4,0.0865507491924282414076591771,0.107506336780329,0.1061927881835,0.0869739614997226,0.0856572053510955,0.29068130094991,0.2973808503511251190650722696,0.2056644199508946190650722696,0.0917164304002305,4.2596662715329183583504621445,56.237007001168260804134538038,56.237004802328807977416399511,1057751000
13.37,4,0.0865436636584074454076591771,0.107492550558781,0.106180865834601,0.0869668413191478,0.0856519535945562,0.290586090430209,0.2972850400984461891107137196,0.2055976640694451891107137196,0.091687376029001,4.2582938905823579066084822263,56.229459905962589345968558902,56.229457704690072934217160794,1058543000
13.38,4,0.0865365874582554484076591771,0.107478782132239,0.106168957312463,0.0869597305180822,0.0856467072395924,0.290491000207666,0.2971893508143945887919835565,0.2055309750690413887919835565,0.0916583757453532,4.2569232423789263588579166462,56.221918886606861436042129672,56.221916682898067914969051729,1059335000
13.39,4,0.0865295198102219694076591771,0.107465033122661,0.106157064250304,0.086952628310953,0.0856414655119165,0.290396064738228,0.2970938169849101582818490676,0.2054643875043435582818490676,0.0916294294805666,4.255554820897275528193408408,56.214385186778656675057277168,56.214382980630639617380859678,1060127000
13.40,4,0.0865224725991666284076591771,0.107451315164574,0.106145198293869,0.0869455466407338,0.0856362403657482,0.290301279193053,0.2969984346052809818488054662,0.2053978974393623818488054662,0.0916005371659186,4.2541885687741762531203001886,56.206860729644403570658987951,56.206858521054623164508494262,1060918000
13.41,4,0.0865154337844951434076591771,0.107437614380984,0.106133345577341,0.0869384734079546,0.0856310197128232,0.290206618574091,0.2969031777711203237956631994,0.2053314790384330237956631994,0.0915716987326873,4.2528241149565999411074213121,56.199342059218233916019679531,56.199339848183364907067145507,1061710000
13.42,4,0.0865084033989361664076591771,0.107423932392889,0.106121507732859,0.0869314086455044,0.0856258035971964,0.290112105590456,0.2968080692500754280897864224,0.2052651551379251280897864224,0.0915429141121503,4.2514617855670899447246486558,56.191828959366050989550540547,56.191826745882968323332532876,1062502000
13.43,4,0.0865013934019189954076591771,0.107410280917068,0.1061096964883,0.0869243643712911,0.0856206040479027,0.290017735515344,0.2967131051449519006468754639,0.2051989219093655006468754639,0.0915141832355864,4.250101524782439157376277342,56.184329242431611908227333697,56.184327026498298347244094874,1063294000
13.44,4,0.0864943918261957324076591771,0.107396646322606,0.106097898223811,0.0869173285595497,0.0856154090502645,0.289923485813213,0.2966182620250319455738513529,0.2051327559907590455738513529,0.0914855060342729,4.2487429969823523372579979314,56.176829780167355714215059823,56.176827561779697711365757161,1064085000
13.45,4,0.0864873995945635314076591771,0.107383032096417,0.106086116437326,0.0869103021375897,0.0856102195426394,0.289829393054976,0.2965235766161455388050303097,0.2050666941766567388050303097,0.0914568824394888,4.2473867282255713510042215045,56.169339699740768899803890196,56.169337478896216758854143572,1064877000
13.46,4,0.0864804257764533494076591771,0.107369446183112,0.106074359084439,0.0869032942191895,0.0856050446498152,0.289735440201701,0.2964290324758200797419007735,0.2050007200933093797419007735,0.0914283123825107,4.2460324829910657131633135406,56.161859330364743682950203631,56.161857107060813828053706555,1065669000
13.47,4,0.0864734624408769924076591771,0.107355880067818,0.10606261766122,0.0868962968345801,0.0855998764129935,0.289641619735602,0.2963346215113813923040468860,0.2049348257167637923040468860,0.0913997957946176,4.24468014535979572276538284,56.154388148850120450010256513,56.154385923084115136656876832,1066460000
13.48,4,0.0864665173280867674076591771,0.107342341074517,0.106050899502558,0.0868893177618619,0.0855947226212063,0.289547924890112,0.2962403374843990375521975961,0.2048690048773121375521975961,0.0913713326070869,4.2433296259728511647760040051,56.146914280422585452553791004,56.146912052190051735250771459,1067252000
13.49,4,0.0864595705805923174076591771,0.107328810336942,0.106039185753051,0.0868823370464462,0.0855895633307584,0.289454371925003,0.2961461952997506266188689322,0.2048032725485532266188689322,0.0913429227511974,4.2419811383268464466640063552,56.139451756533094109386784072,56.139449525831691590009419044,1068044000
13.50,4,0.0864526432669509994076591771,0.107315309784344,0.10602749835278,0.0868753758599104,0.0855844197240823,0.289360970935455,0.2960522065584884290524673964,0.2047376404002626290524673964,0.0913145661582258,4.2406348485946555153734530906,56.131996161202597954516025367,56.131993928029548667349001633,1068836000
13.51,4,0.0864457362017395974076591771,0.107301838551704,0.106015836447515,0.0868684350208146,0.0855792926305548,0.2892676978158,0.2959583471540766599352964154,0.2046720843946248599352964154,0.0912862627594518,4.2392904114755691291000347734,56.124551683515356836756143377,56.124549447868262470582472686,1069627000
13.52,4,0.0864388264537008664076591771,0.10728837483603,0.106004178245017,0.086861491485773,0.0855741590175691,0.289174571108444,0.2958646340636025300553492058,0.2046066215774499300553492058,0.0912580124861526,4.2379480701484521544781624818,56.117112374736575548602389253,56.117110136612278671083479943,1070419000
13.53,4,0.0864319461275960984076591771,0.107274949537473,0.105992554656154,0.0868545775165315,0.0855690511576122,0.289081570214326,0.2957710488944171793371010508,0.2045412336248112793371010508,0.0912298152696059,4.236607561158032511682015378,56.109680968804917579745455283,56.109678728200588671044255164,1071211000
13.54,4,0.0864250650023530124076591771,0.10726153325846,0.105980936294028,0.0868476627442442,0.0855639386925415,0.288988710083051,0.2956776045097829599240718741,0.2044759334686925599240718741,0.0912016710410904,4.2352690687569645265115863022,56.102256244100970002324427868,56.102254001013666937537550124,1072002000
13.55,4,0.0864181922911562274076591771,0.107248134206561,0.105969331376849,0.0868407564271457,0.0855588308912576,0.288895975365361,0.2955842861711034496426021449,0.2044107064392199496426021449,0.0911735797318835,4.2339323818304046332055886144,56.094833119553307669651753074,56.094830873979202622220763593,1072794000
13.56,4,0.0864113387736005954076591771,0.107234764042157,0.105957751575601,0.0868338693975408,0.0855537385966935,0.288803377524286,0.2954911061276133824706439968,0.2043455648543505824706439968,0.0911455412732628,4.2325976758357380491252946348,56.087420476465084639256925496,56.087418228401859739781304353,1073586000
13.57,4,0.0864044936255942824076591771,0.107221413133796,0.105946187269399,0.0868269907784102,0.0855486509424215,0.288710934751374,0.2953980818554280750029811552,0.2042805262589204750029811552,0.0911175555965076,4.2312652010998678296534880847,56.080016863618438776622281188,56.080014613063655107711820759,1074378000
13.58,4,0.0863976677718107604076591771,0.107208090774531,0.105934647761822,0.0868201315478465,0.0855435789170883,0.288618622565304,0.2953051895818473855576222782,0.2042155669489517855576222782,0.0910896226328956,4.2299346171039381118417891642,56.072623655588614046666558185,56.072621402539825102535980394,1075169000
13.59,4,0.0863908500642631684076591771,0.107194784318907,0.105923120417908,0.0868132805033519,0.0855385113287134,0.288526420721332,0.2952124082300701046941308953,0.2041506659163659046941308953,0.0910617423137042,4.2286056219450279510729815955,56.065229716425044689461356434,56.065227460878015933191024773,1075961000
13.60,4,0.0863840417512444374076591771,0.107181498587266,0.105911610068455,0.0868064388993231,0.0855334494421743,0.288434380170302,0.2951197889638060266210420265,0.2040858743935946266210420265,0.0910339145702114,4.227278948489311132312639976,56.057850803698521171079288437,56.057848545651846557012143132,1076753000
13.61,4,0.0863772426846303764076591771,0.10716823168698,0.105900114831252,0.0867996065869116,0.0855283931190664,0.288342475979467,0.2950273067797489170032208857,0.2040211674460535170032208857,0.0910061393336954,4.2259542385907965221951753882,56.050471876097917114783592423,56.050469615547678994471365718,1077545000
13.62,4,0.0863704608240666204076591771,0.107154990707562,0.105888641806195,0.086792791564684,0.0855233503683638,0.288250694868715,0.2949349489253985117656832926,0.2039565323899640117656832926,0.0909784165354345,4.2246313095833710141248829523,56.043105849383865916352106083,56.043103586327997776463724789,1078336000
13.63,4,0.0863636992391764364076591771,0.107141780099758,0.105877195454375,0.086785996917273,0.0855183242850707,0.288159056265932,0.2948427350925065887261683767,0.2038919889857993887261683767,0.0909507461067072,4.223310443530609393067337268,56.035741563678085410189386151,56.035739298113002746034054599,1079128000
13.64,4,0.0863569358529716974076591771,0.107128576715184,0.105865752637719,0.0867792004597396,0.085513292694583,0.288067547167218,0.2947506506948176574162125787,0.2038275227160276574162125787,0.09092312797879,4.2219914314998126876354380165,56.028391493068287701672386149,56.028389224992259769049635276,1079920000
13.65,4,0.0863501906984418174076591771,0.107115401291391,0.105854334104053,0.0867724223230294,0.0855082757381459,0.287976175543727,0.2946587051313653472272858020,0.2037631430484033472272858020,0.090895562082962,4.2206744081221910348808054006,56.021041861920750758742841283,56.021039591329919075780450744,1080712000
13.66,4,0.0863434547719314274076591771,0.107102243827178,0.105842929862413,0.0867656534594615,0.0855032643783417,0.287884928074715,0.2945668844169191829291345189,0.2036988360664182829291345189,0.0908680483505009,4.2193591730741089761216889367,56.013700909034186665904138584,56.013698635925958687069887011,1081503000
13.67,4,0.0863367270331403514076591771,0.107089105543339,0.105831541143795,0.086758892823649,0.0854982575800111,0.287793837203868,0.2944752210020040609117256072,0.2036346342893186609117256072,0.0908405867126854,4.2180461911750783779924997073,56.006369452660153212741056352,56.00636717703224607469561654,1082295000
13.68,4,0.0863300174784346924076591771,0.10707599338971,0.105820174908205,0.0867521504608376,0.0854932653985922,0.287702858313272,0.2943836708628991936932572597,0.2035704937621067936932572597,0.0908131771007924,4.216734831831759971919044232,55.999045256593346191577178125,55.999042978442832464536360177,1083087000
13.69,4,0.0863233081041912284076591771,0.10706289026914,0.105808814068622,0.0867454082793709,0.0854882697525851,0.287612006256085,0.2942922476246487259586429402,0.2035064281785487259586429402,0.0907858194461,4.2154252902085471104711993934,55.991721461306132560396503344,55.991719180629184374814463394,1083878000
13.70,4,0.0863166259434529224076591771,0.107049824275039,0.105797486728554,0.0867386934444768,0.0854832978173395,0.287521293356598,0.2942009655419257979946215371,0.2034424518620387979946215371,0.090758513679887,4.2141177704885798222618648711,55.984406077215802643436735792,55.98440379400987740590180787,1084670000
13.71,4,0.0863099429193066794076591771,0.107036767895306,0.105786165385961,0.0867319777419529,0.0854783213887394,0.287430730639872,0.2941098336944890213672992093,0.2033785739610576213672992093,0.0907312597334314,4.212812402729833459860917544,55.977104326219646057908334664,55.977102040483115587089916934,1085462000
13.72,4,0.0863032782070314654076591771,0.10702373841026,0.105774867331188,0.0867252804408406,0.0854733597458778,0.287340288992262,0.2940188242457251688962963685,0.2033147667077149688962963685,0.0907040575380102,4.2115087882021937279242798932,55.969809210803065265323751276,55.969806922533013112839114764,1086254000
13.73,4,0.0862966215184621344076591771,0.107010725341645,0.105763582095975,0.0867185912026683,0.0854684025602997,0.287249966775106,0.2939279348307371836409981356,0.2032510278058343836409981356,0.0906769070249028,4.2102068930310075733960151212,55.962511347764920270597372725,55.962509056956981831444264854,1087045000
13.74,4,0.0862899839557424044076591771,0.106997741731322,0.105752322732138,0.0867119211838663,0.0854634609984176,0.287159790561014,0.2938371928678527987331182141,0.2031873847424666987331182141,0.0906498081253861,4.2089071099548978629105343059,55.955227903988848038876215895,55.955225610641521349191666,1087837000
13.75,4,0.0862833446937201444076591771,0.106984765796955,0.105741067467264,0.0867052494574526,0.085458514143197,0.287069748847944,0.2937465853642810509342506478,0.2031238245935430509342506478,0.090622760770738,4.2076092528658464898721325709,55.947954175097018286873457152,55.947951879207992798278188168,1088629000
13.76,4,0.0862767344085321024076591771,0.106971827724445,0.105729846497144,0.0866986068495629,0.0854535928306868,0.286979831402959,0.2936561042183652922620057189,0.2030603393261278922620057189,0.0905957648922374,4.2063132057161708068506867938,55.940683695666612760663488406,55.940681397232525354490933578,1089421000
13.77,4,0.0862701222752007574076591771,0.106958896660099,0.105718628977941,0.0866919623844929,0.0854486660950617,0.286890041051908,0.2935657500975134640436651029,0.2029969296763514640436651029,0.090568820421162,4.205018978065793139646189815,55.933418139503974385053090932,55.933415838521748318277570092,1090212000
13.78,4,0.0862635283581788734076591771,0.106945994651701,0.105707436967258,0.0866853362248057,0.0854437541087298,0.286800404049932,0.2934755507315694305794906526,0.2029336234427798305794906526,0.0905419272887896,4.203726967115463354893052718,55.926165944144128020626810161,55.926163640612177332157671053,1091004000
13.79,4,0.0862569325490056124076591771,0.106933098630094,0.105696247405726,0.086678708163715,0.0854388366747156,0.286710880168152,0.2933854643811107824943511525,0.2028703789547122824943511525,0.0905150854263985,4.20243657499200480516115238,55.918915155174835724709071496,55.918912849089445567097632817,1091796000
13.80,4,0.0862503547398410934076591771,0.106920230115805,0.105685081823625,0.0866720981906487,0.0854339337922242,0.286621490603601,0.2932955136934117203879838915,0.2028072189281449203879838915,0.0904882947652668,4.2011481260937239514590862031,55.91167148174844841411873318,55.911669173106951930824393183,1092588000
13.81,4,0.0862437970993495344076591771,0.106907390534168,0.105673941656009,0.0866655084848754,0.0854290476502678,0.286532224497724,0.2932056879364726723340049055,0.2027441326998006723340049055,0.090461555236672,4.1998614666960525252126607088,55.904433681308904179248379678,55.904431370108364737250053361,1093379000
13.82,4,0.0862372464888411804076591771,0.106894567756231,0.105662814783613,0.0866589258434601,0.0854241650556214,0.286443097669562,0.2931160020454026540757854486,0.2026811352735104540757854486,0.0904348667718922,4.198576810728688040970241375,55.897205544766443139710750693,55.897203231004691495098704771,1094171000
13.83,4,0.0862307040397376554076591771,0.106881762039669,0.105651701473763,0.0866523514033571,0.0854192871549156,0.286354097504468,0.2930264434549307291011622139,0.2026182141527251291011622139,0.0904082293022056,4.1972939782073642033877506857,55.889985381458491549341961108,55.889983065132933931657673465,1094963000
13.84,4,0.0862241706443915394076591771,0.106868975181624,0.105640603533222,0.086645786061282,0.0854144148545097,0.28626523684715,0.2929370251045091130938754471,0.2025553823456188130938754471,0.0903816427588903,4.1960131544761019594092518378,55.882772044263268409984863553,55.88276972537130952953514899,1095754000
13.85,4,0.0862176553360017264076591771,0.106856214814696,0.105629528604179,0.0866392388946042,0.0854095572413832,0.286176494718793,0.2928477265995201787064964903,0.2024926195262957787064964903,0.0903551070732244,4.1947340474035131756691559138,55.875567768768590061220833911,55.875565447307782224288445219,1096546000
13.86,4,0.0862111479710395624076591771,0.106843471695502,0.105618467452801,0.0866326997101955,0.085404704131985,0.286087885056652,0.2927585611991468753384920076,0.2024299390226614753384920076,0.0903286221764854,4.1934568469134141779674557538,55.868368534613332328349574064,55.868366210580750320081768746,1097338000
13.87,4,0.0862046487530712064076591771,0.106830744810848,0.105607419075418,0.0866261687126174,0.0853998557404213,0.285999390438211,0.2926695114533014374109900930,0.2023673234533499374109900930,0.0903021879999515,4.1921813030517188864783305178,55.861169965255444145729190905,55.861167638647380180448714911,1098130000
13.88,4,0.0861981686117488744076591771,0.106818047927363,0.105596397248146,0.0866196568849655,0.0853950230592994,0.285911050285653,0.2925806176491103367839130067,0.2023048131742089367839130067,0.0902758044749014,4.1909079928889896002318890076,55.853988100109217535010091521,55.853985770924696385654068254,1098921000
13.89,4,0.0861916954703446974076591771,0.106805366604932,0.105585387540328,0.0866131520914597,0.0853901939623181,0.285822832068591,0.2924918463287977041214939879,0.2022423747961851041214939879,0.0902494715326126,4.1896364371778982126324263419,55.846808648785716108521112111,55.846806317021324373087472668,1099713000
13.90,4,0.0861852313621073394076591771,0.106792702777384,0.105574391895214,0.0866066563752907,0.0853853705021151,0.285734734151049,0.2924031959959248197517390560,0.2021800068915623197517390560,0.0902231891043625,4.1883666144835610762498194043,55.839631182031623921900940871,55.839628847683946561351571895,1100505000
13.91,4,0.0861787752469842174076591771,0.106780056157678,0.105563410035156,0.0866001686913204,0.0853805516429664,0.285646767410182,0.2923146774817849832864139741,0.2021177203603548832864139741,0.0901969571214301,4.1870986799528140844883633115,55.832465885530795439447117892,55.832463548598031533343653118,1101297000
13.92,4,0.0861723371948992184076591771,0.106767436248665,0.105552451472365,0.0865936991587121,0.0853757475134179,0.285558922678279,0.2922262823045358531655852373,0.2020555067894431531655852373,0.0901707755150927,4.1858325120922271307523531855,55.825310563580080509949540483,55.825308224060065340283701355,1102088000
13.93,4,0.0861659070925082414076591771,0.106754834139424,0.105541507305246,0.0865872376146699,0.0853709479600237,0.285471218212224,0.2921380280556459035439072654,0.2019933838390167035439072654,0.0901446442166292,4.1845683628810055140718978277,55.818160873266888225656321328,55.818158531156854869751582072,1102880000
13.94,4,0.0861594860464102474076591771,0.106742249388838,0.105530577101978,0.0865807851712038,0.0853661541041121,0.285383631761786,0.2920498925089615526651174527,0.2019313293516452526651174527,0.0901185631573163,4.183305913952982587016874118,55.811009731623674084427025273,55.811007386919694726602337526,1103672000
13.95,4,0.0861530720453699354076591771,0.106729681367819,0.105519660242739,0.086574339807244,0.0853613639338999,0.285296183303172,0.2919618955487935244346452096,0.2018693632803606244346452096,0.0900925322684329,4.1820454501299282697614612179,55.803873911126264961314548237,55.803871563827164613513245031,1104463000
13.96,4,0.0861466759183688494076591771,0.106717140020848,0.105508766681239,0.0865679124047231,0.0853565883405746,0.285208859049538,0.2918740241162150848287531937,0.2018074726349579848287531937,0.0900665514812571,4.180786784356477834565883885,55.796728374443301121402766468,55.796726024543852480588861151,1105255000
13.97,4,0.0861402888009604924076591771,0.106704616043618,0.105497887122374,0.0865614940558498,0.0853518184255682,0.285121653640867,0.2917862722158748528318979526,0.2017456514888078528318979526,0.090040620727067,4.1795298307555677959785076025,55.789601956090641961597176506,55.789599603590108157324374601,1106047000
13.98,4,0.0861339096531602424076591771,0.106692108839857,0.105487020979041,0.086555083715554,0.0853470531530026,0.285034573531135,0.2916986462450707411406879130,0.2016839063079313411406879130,0.0900147399371394,4.1782746809617428586552548512,55.782484747338340764732245463,55.782482392234507240312651374,1106839000
13.99,4,0.0861275485364964434076591771,0.106679630192837,0.10547618004365,0.0865486914945625,0.0853423026427654,0.28494764228512,0.2916111705337770508335643904,0.2016222614910231508335643904,0.0899889090427539,4.1770216834762115371444911096,55.77537710072012232401189427,55.775374743011017299529993155,1107630000
14.00,4,0.0861211952811621114076591771,0.106667166675149,0.1054653508979,0.0865423071733406,0.0853375566844512,0.284860814384339,0.2915237987383775638876573554,0.2015606707631897638876573554,0.0899631279751878,4.1757701744755845896419069378,55.768274546131601938797465757,55.768272185814237967909453021,1108422000
14.01,4,0.0861148489855061954076591771,0.106654719310671,0.105454534574745,0.0865359298458282,0.0853328143810987,0.284774117459194,0.2914365584940227569704258878,0.2014991618283040569704258878,0.0899373966657187,4.1745205498042318827819134195,55.761178315606566839438363212,55.761175952678361672548761019,1109214000
14.02,4,0.0861085117106494014076591771,0.106642290260277,0.105443733244106,0.0865295615832244,0.0853280778129748,0.284687552719134,0.2913494511585818520126677850,0.2014377361129565520126677850,0.0899117150456253,4.1732728289121893099688056726,55.754087223336623247191732382,55.754084857794790884769492056,1110006000
14.03,4,0.0861021922876863934076591771,0.106629887681363,0.105432955072391,0.0865232112598059,0.0853233558633929,0.28460110960175,0.2912624667650350033795359957,0.2013763837188498033795359957,0.0898860830461852,4.1720268690324332237724605788,55.747006113791551560751202438,55.747003745634048380888930634,1110797000
14.04,4,0.0860958808786798184076591771,0.106617502634424,0.105422191129082,0.0865168689895302,0.0853186386553168,0.28451480198778,0.2911756185373461029891429610,0.2013151179386697029891429610,0.0898605005986764,4.1707828595842955175971732575,55.739931029654253895425487446,55.7399286588785342757543914,1111589000
14.05,4,0.0860895772786665864076591771,0.106605133500791,0.105411439804462,0.0865105345664319,0.0853139259917571,0.284428609681161,0.2910888862163601382451778714,0.2012539185819824382451778714,0.0898349676343777,4.1695405103767485172429365499,55.732858266589483911620478285,55.732855893192229165874337428,1112381000
14.06,4,0.0860832917224613594076591771,0.106592790783079,0.105400711610072,0.0865042182753714,0.0853092281665196,0.284342535436173,0.2910022732828965710664255919,0.2011927891983305710664255919,0.089809484084566,4.1682998712688660893441615367,55.725794643023609447099809767,55.725792267002619351497766628,1113172000
14.07,4,0.0860770140327317024076591771,0.106580465693129,0.105389997766645,0.0864979098892517,0.0853045349614224,0.284256600187107,0.2909158000078401882064310407,0.2011317501273200882064310407,0.0897840498805201,4.1670612326196951808449114177,55.718743816642308857297804427,55.718741437996158665932875717,1113964000
14.08,4,0.0860707441426957484076591771,0.106568157641353,0.105379297693456,0.0864916093409644,0.085299846318242,0.284170796463845,0.2908294588987613799214697972,0.2010707939452439799214697972,0.0897586649535174,4.1658244871080804964011086751,55.711695113643321166182401163,55.711692732368833885700908866,1114756000
14.09,4,0.0860644822863339404076591771,0.106555864825038,0.105368609596626,0.0864853168656339,0.085295162480958,0.284085095115172,0.2907432207503202185390521789,0.2010098915154841185390521789,0.0897333292348361,4.164589216398360550561118788,55.704649873325248561047784504,55.704647489419280256071782468,1115548000
14.10,4,0.0860582272501174374076591771,0.106543588619753,0.105357934860528,0.0864790312437976,0.0852904822389328,0.283999533293702,0.2906571227211990649689608504,0.2009490800654441649689608504,0.0897080426557549,4.1633559527494280479808642365,55.697619110792702597420499453,55.697616724254043616722826096,1116339000
14.11,4,0.0860519911408064514076591771,0.106531340276306,0.105347284744743,0.0864727646414148,0.0852858177669213,0.283914097486716,0.2905711521170226307314607180,0.2008883469694719307314607180,0.0896828051475507,4.1621245143277875032087105021,55.69059215417779272358099918,55.690589765003593127732460116,1117131000
14.12,4,0.0860457617822589744076591771,0.106519106000958,0.105336645464277,0.0864665048228051,0.0852811568380085,0.28382876583962,0.2904852861748411824050074574,0.2008276695333387824050074574,0.0896576166415024,4.1608945750781908096489527036,55.683567751690011365299665172,55.683565359876996352219268958,1117923000
14.13,4,0.0860395513706956874076591771,0.106506900162759,0.105326031396895,0.0864602640438258,0.0852765117167881,0.283743568143865,0.2903995556164785709377501617,0.2007670785475913709377501617,0.0896324770688872,4.1596665750583571311230950841,55.676531936820506411695830419,55.676529542363490248898351842,1118715000
14.14,4,0.0860333478398174124076591771,0.106494710307941,0.105315430097514,0.0864540301791764,0.0852718702866662,0.283658500124961,0.2903139553097311722079947386,0.2007065689487470722079947386,0.0896073863609841,4.158440440754869496244037323,55.669531308752516744850839045,55.669528911653521661582766853,1119506000
14.15,4,0.0860271531131429234076591771,0.106482538159847,0.105304843298134,0.0864478051617812,0.0852672344892446,0.283573558717677,0.2902284823176535363550978197,0.2006461378685830363550978197,0.0895823444490705,4.1572161300991066899773540196,55.662528605037024571660491779,55.662526205292292470551823228,1120298000
14.16,4,0.0860209652608222384076591771,0.106470381369502,0.105294268658406,0.0864415870523538,0.0852626023938852,0.283488738130279,0.2901431306993646422416873164,0.2005857794349400422416873164,0.0895573512644246,4.1559935579942041465617585363,55.655537167976471391711082119,55.655534765584242838152840126,1121090000
14.17,4,0.0860147852430476414076591771,0.106458240207928,0.105283706457951,0.0864353768157815,0.0852579749740947,0.283404028405755,0.2900578905416138213781259808,0.2005254838032894213781259808,0.0895324067383244,4.154772582443320650962825473,55.648545519300693808165810177,55.648543114257378207149932537,1121881000
14.18,4,0.0860086230566759344076591771,0.106446126613824,0.105273168644038,0.0864291844978033,0.0852533622842022,0.283319456263293,0.2899727893319005656243368825,0.2004652785298529656243368825,0.0895075108020476,4.1535535971758900965848499502,55.641569626032906709232843799,55.641567218337673768751641701,1122673000
14.19,4,0.0860024686985728074076591771,0.106434029484227,0.105262644122244,0.0864230000463721,0.0852487542807221,0.28323500702451,0.2898878116536902925754824102,0.2004051482668181925754824102,0.0894826633868721,4.1523363813663243768321270876,55.634596652889111523793043951,55.634594242538997861222008521,1123465000
14.20,4,0.0859963221289572854076591771,0.106421947902455,0.1052521319844,0.0864168234215123,0.0852441509322116,0.283150668152735,0.2898029449375003088499558217,0.2003450805134235088499558217,0.0894578644240768,4.151120754970036817504649725,55.627632281401174548938658097,55.627629868393970661192334734,1124257000
14.21,4,0.0859901924797376034076591771,0.106409891902375,0.105241642272855,0.086410663799785,0.085239561423736,0.28306645158696,0.2897182017937595314230240094,0.2002850879488203314230240094,0.0894331138449392,4.1499068986181353387765970257,55.620670855160673911299716547,55.620668439493454478568851483,1125048000
14.22,4,0.0859840605142728984076591771,0.106397842155611,0.105231155667688,0.0864045018504868,0.0852349664330676,0.28298235803492,0.2896335815807872375602465660,0.2002251700000504375602465660,0.0894084115807368,4.148694803119209780512496029,55.613709354089131538870439642,55.613706935758447908878739668,1125840000
14.23,4,0.0859779473646282924076591771,0.106385819813735,0.105220693328899,0.0863983588090135,0.0852303872040495,0.282898385555732,0.2895490838384776275555013706,0.2001653262757293275555013706,0.0893837575627483,4.1474844618827349276779213345,55.606763809231932649108296696,55.606761388236877982772657219,1126632000
14.24,4,0.0859718509910579624076591771,0.106373823840423,0.105210254228561,0.0863922326256455,0.0852258216953811,0.28281454871262,0.2894647230228725985394755287,0.2001055713006207985394755287,0.0893591517222518,4.1462760819762687004470521031,55.599827703481280610478741612,55.599825279820081632551159959,1127424000
14.25,4,0.0859657514882954584076591771,0.106361833305832,0.105199817445203,0.0863861032977843,0.085221249912855,0.282730834943288,0.2893804851428711952494176238,0.2000458911523462952494176238,0.0893345939905249,4.145069462992048533058601695,55.592898768347086812240535772,55.592896342017481778835763071,1128215000
14.26,4,0.0859596706941555244076591771,0.106349868795678,0.105189403572883,0.0863799927700263,0.0852166938094305,0.282647224047932,0.2892963514844428216743702037,0.1999862671855971216743702037,0.0893100842988457,4.1438643368713366161039583928,55.585972413608105755051615207,55.585969984606967906082013905,1129007000
14.27,4,0.0859535966302160624076591771,0.106337920540894,0.105179002850848,0.0863738890053779,0.0852121413564488,0.28256374887919,0.2892123541393227945425737339,0.1999267315608303945425737339,0.0892856225784924,4.1426611632943870049659059149,55.57903812633296371888321922,55.579035694655793888609320061,1129799000
14.28,4,0.0859475304274795274076591771,0.106325988449699,0.105168615195606,0.0863677931403717,0.0852075936987501,0.282480391831086,0.2891284755385990365359807265,0.1998672667778567365359807265,0.0892612087607423,4.1414596906050850254444371019,55.572122846482431815114362382,55.572120412128894341885907909,1130590000
14.29,4,0.0859414819246125924076591771,0.106314081456774,0.105158249550095,0.0863617150617833,0.0852030607313891,0.282397138942187,0.2890447023786740512210349394,0.1998078596017990512210349394,0.089236842776875,4.1402597282434054089653584749,55.565220716528526310292478096,55.565218279497144655392373224,1131382000
14.30,4,0.0859354302399343494076591771,0.106302180235029,0.105147886595458,0.0863556337858252,0.0851985214788307,0.28231401463658,0.2889610576765242381880025338,0.1997485331183577381880025338,0.0892125245581665,4.1390616059032886433071514737,55.558316994254406080225611799,55.558314554541707837662190158,1132174000
14.31,4,0.0859293971760207994076591771,0.106290306168337,0.105137547723772,0.086349571221683,0.0851939978584844,0.282231010636272,0.2888775346665583715008906382,0.1996892806306618715008906382,0.0891882540358965,4.1378652266747594866655066611,55.551426263251997068681483613,55.551423820856691543341867189,1132966000
14.32,4,0.0859233809606281064076591771,0.106278458562976,0.105127232249493,0.0863435255884467,0.085189488097638,0.282148142550414,0.2887941488720819159737348452,0.1996301177307403159737348452,0.0891640311413416,4.1366708129128089676533237147,55.544542097419095508175829459,55.544539652339076632236624278,1133757000
14.33,4,0.0859173613968947084076591771,0.106266614137315,0.105116916899139,0.0863374765904972,0.0851849719088417,0.282065368385197,0.2887108567781048356170201777,0.1995710009723235356170201777,0.0891398558057813,4.1354777413111032768619909159,55.537657833363970979988695705,55.537655385595649278959605093,1134549000
14.34,4,0.0859113596387382644076591771,0.106254797128207,0.105106625917687,0.0863314454851896,0.0851804705575936,0.281982730006546,0.2886277018398127230528073088,0.1995119738793202230528073088,0.0891157279604925,4.1342866343193404429044079459,55.530791935371788848065533746,55.530789484914931252250927273,1135341000
14.35,4,0.0859053665863071634076591771,0.106242998209837,0.105096349987417,0.0863254231281763,0.0851759749076617,0.281900225138116,0.2885446811364357719830654430,0.1994530335996824719830654430,0.0890916475367533,4.133097450100579656371963085,55.523927484640533431549030126,55.523925031492213379499709098,1136133000
14.36,4,0.0858993791402996454076591771,0.106231210466931,0.105086082201124,0.0863194064050006,0.0851714818526782,0.281817799533873,0.2884617400722571069891705130,0.1993941256064147069891705130,0.0890676144658424,4.1319094066287809726474400528,55.517065231820756222159003343,55.51706277597769759347709961,1136924000
14.37,4,0.0858934104905018694076591771,0.10621945177784,0.105075840445201,0.0863134085699436,0.085167004654986,0.281735518857687,0.2883789453988851192044540683,0.1993353167198477192044540683,0.0890436286790374,4.1307234600503055555523430905,55.510197862253873044745079871,55.510195403712208577118447656,1137716000
14.38,4,0.0858874385741493804076591771,0.106207698684386,0.105065601269487,0.0863074074523592,0.0851625211519743,0.281653365470668,0.2882962778845956821425580705,0.1992765877769798821425580705,0.0890196901076158,4.1295393348910048660952695995,55.50335169113700070276955533,55.503349229896919198896199304,1138508000
14.39,4,0.0858814843149692414076591771,0.106195970989637,0.105055384485038,0.0863014240782865,0.0851580523776909,0.281571321148684,0.2882137207316000886015699129,0.1992179220487431886015699129,0.0889957986828569,4.1283567905402728244503987392,55.496514162390886705609304616,55.49651169845041128937001636,1139300000
14.40,4,0.0858755466508854454076591771,0.106184267133099,0.105045188539324,0.0862954573804561,0.0851535972728485,0.281489378875034,0.2881312668319908203752771056,0.1991593124959538203752771056,0.088971954336037,4.1271757251848531620435370303,55.489683448673052653905394735,55.489680982029926311855202923,1140091000
14.41,4,0.0858696067706422614076591771,0.106172569925035,0.105034996250543,0.0862894884556299,0.0851491369421646,0.281407563813466,0.2880489400896762205222998310,0.1991007830912408205222998310,0.0889481569984354,4.1259964812230033666531659136,55.482852414646271468457286911,55.482849945297272409268040295,1140883000
14.42,4,0.0858636845387352184076591771,0.106160899884918,0.105024828146079,0.0862835372654359,0.085144691355197,0.281325883243918,0.2879667491987785569533308125,0.1990423425974488569533308125,0.0889244066013297,4.1248191831888621964749759483,55.476041007263877134201056725,55.476038535209083638189011162,1141675000
14.43,4,0.0858577589888909274076591771,0.106149233593043,0.105014660814109,0.0862775827410808,0.0851402394510552,0.281244304281954,0.2878846597218399296567523557,0.1989839566458419296567523557,0.088900703075998,4.1236433378021700857476804978,55.469224182931457037492335092,55.469221708166611128437961027,1142467000
14.44,4,0.0858518610815330964076591771,0.10613760354405,0.105004526757134,0.0862716559943772,0.0851358123494294,0.281162845615963,0.2878026925689855756288990945,0.1989256462152671756288990945,0.0888770463537184,4.1224692445784203870411564388,55.4624191674394339755622887,55.462416689963254841671432007,1143258000
14.45,4,0.0858459608504046194076591771,0.106125979824217,0.104994396069263,0.0862657269125403,0.0851313799453858,0.281081511143663,0.2877208495423106841927516010,0.1988674131765414841927516010,0.0888534363657692,4.1212969293307229937596988948,55.455620519709352140844413978,55.45561803951969684623439734,1144050000
14.46,4,0.0858400772559454014076591771,0.106114380463933,0.10498428678869,0.0862598145487219,0.0851269612999017,0.281000285572978,0.2876391166452685728193361488,0.1988092436018408728193361488,0.0888298730434277,4.120126191573339690868882465,55.448830527782833217303005078,55.448828044877898774118440585,1144842000
14.47,4,0.0858342002952589624076591771,0.106102795629876,0.104974189089875,0.0862539088511139,0.0851225463689683,0.280919172378866,0.2875574966589583473074789278,0.1987511403409863473074789278,0.088806356317972,4.1189570711425598858375364717,55.442026913303969779189577765,55.4420244276783278307647929,1145633000
14.48,4,0.0858283310601744644076591771,0.106091227881774,0.1049641055403,0.0862480109168842,0.0851181362575274,0.280838192438077,0.2874760105883735142773671771,0.1986931244676931142773671771,0.0887828861206804,4.1177898689127719580054218325,55.435246291849091961704274757,55.435243803503435967345328508,1146425000
14.49,4,0.0858224693582449854076591771,0.106079674670791,0.104954033598859,0.0862421205526448,0.0851137307799396,0.280757312072321,0.2873946246600048011148062493,0.1986351622771746011148062493,0.0887594623828302,4.1166241011140927740069496284,55.428473296055210516015562796,55.428470804987488154816237663,1147217000
14.50,4,0.0858166242814472664076591771,0.106068147131382,0.104943984407712,0.08623624689483,0.0851093390803618,0.280676559535062,0.2873133678357295195194004900,0.1985772828000291195194004900,0.0887360850357004,4.1154601825948456596421127033,55.421708036071589778234105563,55.421705542279976971787404777,1148009000
14.51,4,0.0858107868269168074076591771,0.106056635587113,0.104933948298102,0.0862303808965536,0.0851049521196052,0.280595926138722,0.2872322307746739592818688670,0.1985194767641049592818688670,0.088712754010569,4.1142979795568839674807879325,55.414952454232477120178938728,55.414949957715432867022428268,1148800000
14.52,4,0.0858049569551415144076591771,0.10604513895354,0.104923924193239,0.0862245225181101,0.0851005698656369,0.280515396943689,0.2871511984985052986248421964,0.1984617292597911986248421964,0.0886894692387141,4.1131372774513831317616886806,55.408198278599098569180313698,55.408195779353581523142167978,1149592000
14.53,4,0.0857991327939920114076591771,0.10603365643466,0.104913911304749,0.086218669878216,0.08509619044482,0.280434987535367,0.2870702864996672735178710514,0.1984040558482546735178710514,0.0886662306514126,4.1119782981912825050546918279,55.401449598675098309959344224,55.401447096698969212183207982,1150384000
14.54,4,0.0857933271523700884076591771,0.106022201726833,0.104903923336594,0.0862128358484056,0.0850918267363109,0.280354709259295,0.2869895070520030056232653850,0.1983464688720597056232653850,0.0886430381799433,4.1108212175864178187856038917,55.394715468572788387077915302,55.394712963865410941166831285,1151176000
14.55,4,0.0857875280849812224076591771,0.106010759681441,0.104893945147736,0.0862070084249746,0.0850874667440023,0.280274517559765,0.2869088146521529632877177730,0.1982889228965686632877177730,0.0886198917555843,4.1096653838491845607329063155,55.387962673447734654515331244,55.387960166002760340760057981,1151967000
14.56,4,0.0857817256826749814076591771,0.105999323906025,0.104883970353269,0.0862011776503193,0.0850831005178627,0.280194463767913,0.2868282600608267465230881311,0.1982314687512130465230881311,0.0885967913096137,4.108511524073199651070778259,55.381241370438447744840417928,55.381238860258092702221986098,1152759000
14.57,4,0.0857759507918110814076591771,0.105987922872365,0.104874027432502,0.0861953745216306,0.0850787590626302,0.280114510685713,0.2867478081572243123594676741,0.1981740713839159123594676741,0.0885737367733084,4.1073591351900583620594444821,55.374520997778886037750149076,55.374518484860132965192174663,1153551000
14.58,4,0.0857701725601451574076591771,0.105976527808272,0.10486408762075,0.0861895680358042,0.0850744113827232,0.280034691298861,0.2866674898401695305404450479,0.1981167617622217305404450479,0.0885507280779478,4.1062086597928040462687818673,55.367808066877166050405182231,55.367805551218293725326487091,1154342000
14.59,4,0.0857644117979135004076591771,0.105965157250903,0.104854169462651,0.0861837791048335,0.0850700783976331,0.279954970914843,0.2865872717952650203420774620,0.1980595066404557203420774620,0.0885277651548093,4.1050596206878555971030855317,55.361104480294618651863409962,55.361101961893962379806052538,1155134000
14.60,4,0.0857586576890271894076591771,0.105953800695462,0.104844262460863,0.0861779968597413,0.0850657492458564,0.279875355120717,0.2865071588637029077167110231,0.1980023109285317077167110231,0.0885048479351712,4.1039120872201813403623483184,55.354399363943834920971117726,55.35439684279801219200119635,1155926000
14.61,4,0.0857529110075968324076591771,0.1059424605231,0.10483436900397,0.0861722220784235,0.0850614247127383,0.279795866816423,0.2864271740562568354559626083,0.1979451977059459354559626083,0.0884819763503109,4.1027663889948551962207493877,55.347710870380411841593092864,55.347708346489256217521125379,1156718000
14.62,4,0.0857471710103465544076591771,0.105931135711987,0.104824488077546,0.0861664540139699,0.0850571040587931,0.279716502095968,0.2863473134056868011657338607,0.1978881630741797011657338607,0.0884591503315071,4.1016224691853220045428157788,55.341025848617731387949038399,55.341023321978810008059250008,1157509000
14.63,4,0.0857414485646908034076591771,0.105919835811682,0.104814629238533,0.0861607035869338,0.0850527982119752,0.279637240971353,0.2862675576393433508613524961,0.1978311878293058508613524961,0.0884363698100375,4.1004800517312425770640061334,55.334322560839018747942476123,55.334320031446317965304788507,1158301000
14.64,4,0.0857357325385623854076591771,0.10590854978217,0.104804781454278,0.086154959610815,0.0850484959931608,0.279558085927566,0.2861879084665610034729949939,0.1977742737493810034729949939,0.08841363471718,4.0993391611170309423972201318,55.327650135166073172448723092,55.327647603021553935584070001,1159093000
14.65,4,0.0857300231146309914076591771,0.105897279185997,0.104794946294658,0.0861492222691764,0.0850441975932653,0.279479056678035,0.2861083856622561341812909463,0.1977174406780439341812909463,0.0883909449842122,4.0982000805975012643639620152,55.320983350618832710243410363,55.320980815720555759212799775,1159885000
14.66,4,0.0857243212706839464076591771,0.105886024470998,0.104785124214821,0.0861434925445864,0.0850399040021859,0.279400145540916,0.2860289815950462561527967913,0.1976606810526327561527967913,0.0883683005424135,4.097062700861142030742713222,55.314329247868504291013963345,55.314326710215570652307980454,1160676000
14.67,4,0.0857186358017458914076591771,0.105874792336032,0.104775321920911,0.0861377792750753,0.0850356240652577,0.279321321615462,0.2859496659072555620811982420,0.1976039645841947620811982420,0.0883457013230608,4.0959265870662975673334665944,55.307672436118106884689393793,55.307669895706924105599431237,1161468000
14.68,4,0.0857129579630588334076591771,0.105863577920768,0.104765534559862,0.0861320736731253,0.0850313490022439,0.279242641369447,0.2858704945905712658105702902,0.1975473473331390658105702902,0.0883231472574322,4.0947925412347997407706332128,55.301027549041512912450031793,55.301025005871326373449747603,1162260000
14.69,4,0.0857072766228470084076591771,0.105852366520678,0.104755747434386,0.0861263645525289,0.0850270676341946,0.279164054878656,0.2857914168171607885948164109,0.1974907785403550885948164109,0.0883006382768057,4.0936598353115999303939739954,55.294381337777274396858026107,55.294378791844815323434589688,1163051000
14.70,4,0.0857016218150483204076591771,0.105841190118347,0.104745992534283,0.0861206820940827,0.0850228101491402,0.279085586855429,0.2857124594706617356153351865,0.1974342851582014356153351865,0.0882781743124603,4.0925288543764089760680159866,55.287748280014946544138316567,55.287745731319416471366057459,1163843000
14.71,4,0.0856959644636414424076591771,0.105830019147402,0.104736240300374,0.0861149970795907,0.0850185473360953,0.279007233340419,0.2856336165394278395311751367,0.1973778612437551395311751367,0.0882557552956727,4.0913995123187692303626360651,55.281109858785250800223739459,55.281107307322907834140893753,1164635000
14.72,4,0.0856903236025791074076591771,0.105818871967981,0.104726509099967,0.086109328636077,0.085014298329271,0.27892898269822,0.2855548776976344104454334131,0.1973214965399127104454334131,0.0882333811577217,4.090271661232129019077827071,55.274488296216468535634412231,55.274485741987066810604716645,1165427000
14.73,4,0.0856846902658214184076591771,0.105807741409624,0.104716791769746,0.0861036677536601,0.0850100541259494,0.2788508615479,0.2854762689998197948359867018,0.1972652171699355948359867018,0.0882110518298842,4.0891456743202843975963727253,55.267875005521520591277225932,55.267872448523746905231862242,1166218000
14.74,4,0.0856790523773691704076591771,0.1057966124747,0.104707073319205,0.0860980022972919,0.0850058025982234,0.27877282937589,0.2853977489854186568958725976,0.1972089817419784568958725976,0.0881887672434402,4.0880209577043419353655909473,55.261260734306424494352637779,55.261258174536929162255404759,1167010000
14.75,4,0.0856734419711971254076591771,0.105785520290571,0.104697388882805,0.0860923644575856,0.0850015759438235,0.278694927055039,0.2853193608785724840871361179,0.1971528335489065840871361179,0.0881665273296659,4.0868981305245753089123358203,55.254661115568346923453526425,55.254658553026924762135433326,1167802000
14.76,4,0.0856678280079762704076591771,0.105774431823785,0.104687705434174,0.0860867230434374,0.0849973429787405,0.278617129327274,0.2852410771789321736751435082,0.1970967451590920736751435082,0.0881443320198401,4.0857767988674646285183435016,55.248064637496326755086967164,55.248062072180513474907808894,1168594000
14.77,4,0.0856622315216959484076591771,0.105763368483938,0.104678044389959,0.0860810991916878,0.0849931248468865,0.278539439354544,0.2851629025346945241457016136,0.1970407212894535241457016136,0.088122181245241,4.084657029313543841127677194,55.24147686844488497761372289,55.241474300353242239544029541,1169385000
14.78,4,0.0856566415096971904076591771,0.105752319757968,0.104668395244132,0.0860754818458774,0.084988910498851,0.278461865293434,0.2850848443497107604637634618,0.1969847694125648604637634618,0.0881000749371459,4.0835389279151804077489342968,55.234880055189176400654379861,55.234877484317470391636154212,1170177000
14.79,4,0.0856510579326727324076591771,0.105741285341066,0.104658757698892,0.0860698709665067,0.0849846999021604,0.27838440335071,0.2850068988192147180614238334,0.1969288857923809180614238334,0.0880780130268338,4.0824224401730940598079213303,55.228308271918534118757249151,55.228305698267997331249572034,1170969000
14.80,4,0.0856454918786254044076591771,0.105730274865606,0.104649141393599,0.0860642776957964,0.0849805042060388,0.278307031544983,0.2849290446877699687434565025,0.1968730492421885687434565025,0.0880559954455814,4.0813072616256157174788174567,55.221728803747206130995922991,55.221726227313644088186412425,1171761000
14.81,4,0.0856399212001557194076591771,0.105719269581572,0.104639527585202,0.0860586797780513,0.084976301161772,0.278229800786497,0.2848513314341566188185822732,0.1968173093094892188185822732,0.0880340221246674,4.0801941010040562741659177947,55.215167999972376921227109857,55.215165420756328395687777719,1172552000
14.82,4,0.0856343679487484744076591771,0.105708289489951,0.104629936281628,0.0860530993725829,0.0849721129356296,0.278152679435466,0.2847737288913443506919094391,0.1967616358959741506919094391,0.0880120929953702,4.0790825261975340556692151849,55.208616378192458833447479363,55.208613796192630991950409151,1173344000
14.83,4,0.0856288211217805994076591771,0.105697321801916,0.104620354700969,0.0860475254229678,0.0849679284781244,0.278075643102985,0.2846962118382186150915212005,0.1967060038492509150915212005,0.0879902079889677,4.0779721759401893610188184292,55.202064585601968670479802746,55.202062000815286584181766793,1174136000
14.84,4,0.0856232818067932654076591771,0.105686370413041,0.104610786745698,0.086041959022065,0.0849637488890289,0.277998731831101,0.2846188204915060209269374795,0.1966504534547685209269374795,0.0879683670367375,4.0768636262942251371587907272,55.195503126386039498338966941,55.195500538808339500961466425,1174927000
14.85,4,0.0856177587840857874076591771,0.10567544322496,0.104601240324322,0.0860364089931074,0.0849595829984675,0.277921932131745,0.2845415419476659408424146981,0.1965949718777075408424146981,0.0879465700699584,4.0757566924300172507235431602,55.188968368317509183892008033,55.188965777950410105531612813,1175719000
14.86,4,0.0856122323045602824076591771,0.105664519675085,0.104591694881106,0.0860308554904287,0.0849554109676434,0.277845234444991,0.2844643652361630559098030131,0.1965395482162560559098030131,0.087924817019907,4.074651217206244595117370847,55.182434601255731180773348295,55.182432008096616048211549188,1176511000
14.87,4,0.0856067221490178884076591771,0.105653621357731,0.104582172017195,0.0860253183915534,0.0849512526809282,0.277768662627473,0.2843873156623378080827229350,0.1964842078444754080827229350,0.0879031078178624,4.0735475630952079553058483894,55.175911661136448247404299576,55.175909065184546296241479304,1177303000
14.88,4,0.0856012183682504614076591771,0.105642735349279,0.104572658815778,0.0860197876986244,0.08494709814729,0.277692175187507,0.2843103509345459692920986721,0.1964289085394439692920986721,0.087881442395102,4.072445124313727197923386867,55.169392748082547765369416352,55.169390149335587478077610892,1178094000
14.89,4,0.0855957320858826834076591771,0.105631875766363,0.104563169400278,0.0860142745896578,0.0849429585515486,0.277615813758479,0.2842335135699579580248100454,0.1963736928870535580248100454,0.0878598206829044,4.0713445098754012163742814012,55.162879992617935061894641059,55.162877391074359559001267065,1178886000
14.90,4,0.0855902420834645524076591771,0.105621019366832,0.104553680535308,0.0860087577424508,0.0849388125782826,0.277539551627946,0.2841567753003822335999464043,0.1963185326878349335999464043,0.0878382426125473,4.0702453148682289308327111528,55.156376640534293774792738555,55.15637403619288787453794339,1179678000
14.91,4,0.0855847685740643424076591771,0.10561018756497,0.104544213641896,0.0860032574689086,0.0849346805461573,0.277463403850895,0.2840801526383874263872100361,0.1962634445230787263872100361,0.0878167081153087,4.0691477758173280727244826431,55.149862653400456713098070209,55.149860046256831799879266958,1180470000
14.92,4,0.0855793014289172984076591771,0.105599370326994,0.10453475869298,0.0859977635907392,0.0849305522836189,0.277387372848857,0.2840036473001529498192078261,0.1962084301776855498192078261,0.0877952171224674,4.0680519173051571298280773096,55.143369096158561399341562569,55.143366486213468001186584177,1181261000
14.93,4,0.0855738405564024314076591771,0.105588565794285,0.104525313836642,0.0859922760158736,0.0849264277053154,0.277311433361742,0.2839272339579391641694578394,0.1961534643926394641694578394,0.0877737695652997,4.066957376538598860339185715,55.136883106999548081278016586,55.136880494251498191327673164,1182053000
14.94,4,0.0855683871688866654076591771,0.105577777467108,0.104515882579826,0.085986795962607,0.0849223080362369,0.277235617980234,0.2838509453676710953526160936,0.1960985799925854953526160936,0.0877523653750856,4.0658646227116897252664052583,55.130405825917586225465506133,55.130403210365474573951244513,1182845000
14.95,4,0.0855629491379871954076591771,0.105567011736217,0.104506471319943,0.0859813313410469,0.084918201193165,0.277159904699847,0.2837747600247272181418714810,0.1960437555416260181418714810,0.0877310044831012,4.064773347793447050409728782,55.123935905301543266792917948,55.123933286943965451087993357,1183636000
14.96,4,0.0855575183724620524076591771,0.105556260025831,0.104497071487848,0.085975874020387,0.0849140990519462,0.277084287440634,0.2836986712662160968973130117,0.1959889844455900968973130117,0.087709686820626,4.0636834563449617291734514053,55.117461365759981701019563134,55.117458744593414174916913791,1184428000
14.97,4,0.0855520840473253854076591771,0.1055455125954,0.104487673349609,0.0859704131227099,0.0849099907412944,0.277008782847117,0.2836226950171109873996584329,0.1959342826981740873996584329,0.0876884123189369,4.0625951764746834929833796483,55.110988891935800236190266203,55.110986267958013397896577049,1185220000
14.98,4,0.0855466760712295264076591771,0.105534800135967,0.104478307602861,0.0859649787029141,0.0849059063227183,0.276933398966573,0.2835468414464438254367588979,0.1958796605371305254367588979,0.0876671809093133,4.0615086538432658563878789932,55.104539929020360206216416063,55.104537302232777271976015102,1186012000
14.99,4,0.0855412644050073904076591771,0.10552409116911,0.104468942775754,0.0859595405749482,0.0849018156167557,0.276858118370898,0.2834710909732001131001146158,0.1958250984501681131001146158,0.087645992523032,4.0604236079733471184170582398,55.098092408642469294149039041,55.098089779042719593087404022,1186803000
15.00,4,0.0855358590312297254076591771,0.105513395164046,0.10445958834406,0.0859541087701953,0.0848977286613582,0.276782932669994,0.2833954358887162353101369214,0.1957705887973451353101369214,0.0876248470913711,4.0593399284464651992450965478,55.091647473619666400410696423,55.091644841205538877327150262,1187595000
15.01,4,0.0855304700506763934076591771,0.105502723660387,0.104450255853922,0.0859486934388256,0.0848936556132431,0.276707861378896,0.2833198964659067269272700586,0.1957161519202973269272700586,0.0876037445456094,4.058257905650712397902102718,55.085214877899267696546910182,55.08521224267029011010516429,1188387000
15.02,4,0.0855250884091576974076591771,0.10549206656936,0.104440935223075,0.0859432854823768,0.0848895873804747,0.276632890652755,0.2832444581903460417278975979,0.1956617733733221417278975979,0.0875826848170239,4.0571773316822750401880695917,55.078768017842456042989644352,55.078765379793671641940804446,1189179000
15.03,4,0.0855197120675333264076591771,0.105481423262334,0.104431625829381,0.0859378828517374,0.0848855219204474,0.276558040876498,0.2831691413539052053915442815,0.1956074735170114053915442815,0.0875616678368938,4.0560984972007972082556649282,55.072345935256609264725071846,55.072343294389748365170320213,1189970000
15.04,4,0.0855143430599806814076591771,0.105470793447671,0.10442232738767,0.0859324875910316,0.0848814612837706,0.276483278575348,0.2830939125434582973967040537,0.1955532190069622973967040537,0.087540693536496,4.0550209235984984447823226092,55.065927290823607770185871647,55.065924647136519058380670913,1190762000
15.05,4,0.0855089903473726804076591771,0.105460188211405,0.104413050990425,0.0859271087049488,0.0848774144815982,0.276408633199005,0.2830188019107393822917721249,0.1954990400636306822917721249,0.0875197618471087,4.0539450427671818586905944355,55.059515750737763453326872408,55.059513104229291831140699326,1191554000
15.06,4,0.0855036429272444024076591771,0.105449595282248,0.104403784372786,0.0859217351372246,0.0848733704641099,0.27633408775746,0.2829437916515728733356622640,0.1954449189515628733356622640,0.08749887270001,4.0528705996808011546364028847,55.053114128314653769154702946,55.053111478983884041232333764,1192345000
15.07,4,0.0854983028337930424076591771,0.105439018200958,0.10439453108192,0.0859163689320031,0.0848693312818734,0.276259663581477,0.2828689032922004546180841878,0.1953908772657217546180841878,0.0874780260264787,4.0517979026800548203982294006,55.046719033127155030800369695,55.046716380972807878849978292,1193137000
15.08,4,0.0854929690279112354076591771,0.105428454354607,0.104385288511285,0.0859110090450959,0.0848652958971036,0.276185338273024,0.2827941143073274900396559037,0.1953368925495352900396559037,0.0874572217577922,4.0507266291138761817760668233,55.040318422523736028590677746,55.040315767542360456077676485,1193929000
15.09,4,0.0854876415071537014076591771,0.105417903157271,0.104376056081327,0.0859056554740456,0.0848612643137263,0.276111103487814,0.2827194163325651965036338602,0.1952829565073370965036338602,0.0874364598252281,4.0496566591712305645699079922,55.033927043472398710772730859,55.033924385662962121865690705,1194721000
15.10,4,0.0854823293561472424076591771,0.105407375804072,0.104366844993514,0.0859003173479008,0.0848572456671529,0.276036988452816,0.2826448393050631882447041436,0.1952290991449980882447041436,0.0874157401600651,4.0485884216701908621840480278,55.027553833260981451033504013,55.027551172624197820226639844,1195512000
15.11,4,0.0854770253982127064076591771,0.105396863709875,0.104357646669038,0.08589498745489,0.0848532327519548,0.275962973779417,0.2825703632850080873985978665,0.1951753005914267873985978665,0.0873950626935813,4.0475216309939799947926660896,55.021178912143053629580852752,55.021176248676172472930949467,1196304000
15.12,4,0.0854717257181057734076591771,0.105386363705187,0.104348457944714,0.0858896618606244,0.0848492216400657,0.275889070543085,0.2824959991002381643717651297,0.1951215717431844643717651297,0.0873744273570537,4.0464564422399656938215687007,55.014815420828277323349723507,55.0148127545308849784542158,1197096000
15.13,4,0.0854664333134070644076591771,0.105375878177102,0.104339281213922,0.0858843435773421,0.0848452153500264,0.27581526969821,0.2824217378941315441382227679,0.1950679038123706441382227679,0.0873538340817609,4.0453927285463764202793532597,55.008439939570008259263960921,55.00843727043765788947924823,1197888000
15.14,4,0.0854611572316521864076591771,0.105365415775084,0.104330125132395,0.0858790416968188,0.0848412229798958,0.275741564601527,0.2823475736433997414667336097,0.1950142908444179414667336097,0.0873332827989818,4.0443304036359504999660126091,55.002087150380690644707000829,55.002084478414649134944065816,1198679000
15.15,4,0.0854558773337670814076591771,0.10535495749201,0.104320970699258,0.0858737359815054,0.0848372242983876,0.275667973555213,0.2822735232802004921009425893,0.1949607498402078921009425893,0.0873127734399926,4.043269710044021285451423628,54.995742056428979092098099451,54.995739381628321052456892974,1199471000
15.16,4,0.0854506137040707094076591771,0.105344521294862,0.10431183588772,0.0858684466139282,0.0848332394942715,0.275594464170277,0.2821995557481904698901277304,0.1949072498121172698901277304,0.0872923059360732,4.0422102029212122377441837154,54.989394816744101681160027942,54.989392139105853765717616905,1200263000
15.17,4,0.0854453553897741184076591771,0.1053341009199,0.10430271444025,0.0858631625877418,0.0848292575674259,0.275521104653057,0.2821257386510567995140841353,0.1948538584325567995140841353,0.0872718802185,4.0411528506190290882700993939,54.983067731319616760056866199,54.983065050845261110242909561,1201055000
15.18,4,0.0854401042158548284076591771,0.105323691963522,0.104293601959435,0.0858578857368474,0.084825280357956,0.275447805738636,0.2820519826345781825920938734,0.1948004864160258825920938734,0.0872514962185523,4.0400963732325233248076521043,54.976735939898726539361254816,54.976733256584695103549204359,1201846000
15.19,4,0.0854348593029619814076591771,0.105313297423925,0.104284501449641,0.0858526151775944,0.0848213069883957,0.275374622970429,0.2819783433164442202811986074,0.1947471894489372202811986074,0.087231153867507,4.0390415674264357055525324058,54.97040184075149347972180914,54.970399154595229835293711785,1202638000
15.20,4,0.0854296306979839254076591771,0.105302927346643,0.104275422962554,0.0858473610059979,0.0848173475609254,0.275301555273551,0.2819048203255572046289728189,0.1946939672289144046289728189,0.0872108530966428,4.0379884278851751239090354187,54.964082144404028830097278926,54.964079455405752800826943677,1203430000
15.21,4,0.0854243972632565824076591771,0.105292558499585,0.104266343272213,0.0858421019810359,0.0848133808406688,0.27522857491571,0.2818313843770193344824393607,0.1946407905397820344824393607,0.0871905938372373,4.0369365351334874732814562655,54.95777655778611207545392022,54.957773865945750635554664311,1204221000
15.22,4,0.0854191811314866294076591771,0.105282215106726,0.104257286608703,0.0858368603436385,0.0848094290746824,0.27515570947866,0.2817580646756013934432392569,0.1945876886550321934432392569,0.0871703760205692,4.0358863074988930794697877847,54.951470231132290926432150513,54.951467536447526948560429901,1205013000
15.23,4,0.0854139710921651144076591771,0.105271884281536,0.104248240091587,0.0858316248284802,0.0848054810037481,0.275082936171066,0.2816848375869932283731549419,0.1945346380090771283731549419,0.0871501995779161,4.0348374064448438358783250981,54.945171969083385379073202791,54.945169271553190896695880078,1205805000
15.24,4,0.0854087763875249624076591771,0.105261576960324,0.104239214663249,0.0858264047229861,0.084801545921379,0.275010278248337,0.2816117270732572303916387905,0.1944816626327012303916387905,0.087130064440556,4.0337901752026040683070610448,54.9388714625983118365184949,54.938868762220165886692428754,1206597000
15.25,4,0.0854035778928754214076591771,0.105251273117487,0.104230190304138,0.0858211808089504,0.0847976046154385,0.274937724834822,0.2815387208887416465642758780,0.1944287503489746465642758780,0.087109970539767,4.0327444383661422645344770674,54.932589737902764100678910084,54.932587034677613987913401747,1207388000
15.26,4,0.0853983954839824774076591771,0.105240992071529,0.104221186338794,0.0858159730593268,0.0847936770649301,0.274865265873564,0.2814658103489999136953032151,0.1943758925421732136953032151,0.0870899178068267,4.031700071539925155986379683,54.926306671759350950887392688,54.926303965684670424167623719,1208180000
15.27,4,0.0853932093657661534076591771,0.105230714300218,0.104212183251002,0.0858107615822421,0.084789743384012,0.274792907344904,0.2813930000584220151113203623,0.1943230938854081151113203623,0.0870699061730139,4.0306571406769730684627617367,54.920036467409981832427299148,54.920033758485657540443370563,1208972000
15.28,4,0.0853880494872035134076591771,0.10522046977079,0.104203211013996,0.0858055764731167,0.0847858336741166,0.274720646364361,0.2813202892303803658529011563,0.1942703536607744658529011563,0.0870499355696059,4.0296156345096964897421046651,54.913755198273692967233482438,54.913752486495643736635281388,1209764000
15.29,4,0.0853828856511034274076591771,0.105210228267903,0.104194239418411,0.0858003873871024,0.0847819175963892,0.274648485843175,0.2812476786617249719688064375,0.1942176727338445719688064375,0.0870300059278804,4.0285755644521387456244013108,54.907493258530074516367592191,54.907490543899398627475814687,1210555000
15.30,4,0.0853777281350434544076591771,0.105200000792073,0.104185279470726,0.0857952046520317,0.0847780054846372,0.274576435040124,0.2811751783564535239685083010,0.1941650611773368239685083010,0.0870101171791167,4.027537073800994729513946793,54.901236637350159003893136143,54.901233919865619332848829055,1211347000
15.31,4,0.0853725867783885494076591771,0.10518979719847,0.104176341032051,0.0857900381553817,0.0847741072322937,0.274504493147491,0.2811027881966922859075739410,0.1941125189421005859075739410,0.0869902692545917,4.0265001608678581728365476332,54.894997180834150881593884926,54.89499446049656160915200981,1212139000
15.32,4,0.0853674405788384014076591771,0.105179594702501,0.104167401323715,0.0857848667921558,0.0847702017402996,0.274432636882509,0.2810304833674310981208075813,0.1940600212818468981208075813,0.0869704620855842,4.0254644702038905633706852718,54.888752087483689450983817213,54.888749364289760682030892202,1212930000
15.33,4,0.0853623205707542734076591771,0.105169426267597,0.104158493315054,0.0857797217484659,0.0847663202006857,0.274360890572565,0.2809582904366190486429428071,0.1940075948332474486429428071,0.0869506956033716,4.0244303823669407945206548292,54.882497711483529311940945291,54.882494985429650591886962194,1213722000
15.34,4,0.0853571966308413324076591771,0.105159260961918,0.104149586080115,0.0857745727537216,0.0847624323487621,0.274289245818032,0.2808861988678074154127144557,0.1939552291285754154127144557,0.086930969739232,4.0233977464335016244821468657,54.876276493598454901329925777,54.876273764688131945299857502,1214514000
15.35,4,0.0853520789256296494076591771,0.105149109363668,0.10414069020297,0.0857694300241646,0.0847585484066531,0.274217707438027,0.2808142142066797955349577333,0.1939029297822360955349577333,0.0869112844244437,4.0223666418396383790551542217,54.870052212479972612756395718,54.870049480710618627774691902,1215306000
15.36,4,0.0853469673683813324076591771,0.105138970906907,0.104131805123528,0.0857642934726331,0.0847546682930603,0.274146268588346,0.2807423295866356421520323868,0.1938506899963515421520323868,0.0868916395902841,4.0213369702285510868525765788,54.863838131563847939878659501,54.863835396935095272767568823,1216097000
15.37,4,0.0853418719934815964076591771,0.105128854122484,0.10412293937847,0.0857591731825779,0.0847508020972805,0.27407490671322,0.2806705231023384868757206278,0.1937984879343065868757206278,0.0868720351680319,4.0203084178294125328399885349,54.857622474773917061621680508,54.857619737283204342998093137,1216889000
15.38,4,0.0853367817620104184076591771,0.105118750863433,0.104114084826643,0.0857540580611014,0.0847469387322434,0.274003664328387,0.2805988365980619045443956569,0.1937463655090965045443956569,0.0868524710889654,4.0192815840172800160474988933,54.851401430422691329135857927,54.85139869006717263243999217,1217681000
15.39,4,0.0853316986350537434076591771,0.105108661963382,0.10410524230747,0.0857489500788788,0.0847430801744335,0.273932525104102,0.2805272538423963119373698413,0.1936943065580344119373698413,0.0868329472843619,4.0182562362943479974837050539,54.845205032376804641421318637,54.845202289158634296086744596,1218473000
15.40,4,0.0853266206836700384076591771,0.105098584116004,0.1040964085204,0.0857438472975365,0.0847392244912687,0.273861469544991,0.2804557551572192878285804644,0.1936422914717202878285804644,0.086813463685499,4.0172320927922948297184838969,54.839008690686736123542391602,54.83900594460376972571380243,1219264000
15.41,4,0.0853215578323014284076591771,0.105088530316919,0.104087596466814,0.0857387596900447,0.0847353816614925,0.273790540528312,0.2803843842222754996758015688,0.1935903639986193996758015688,0.0867940202236561,4.0162097791773588385518282612,54.832830041673388119891924551,54.832827292726851831622439852,1220056000
15.42,4,0.0853165021153625444076591771,0.105078488950083,0.104078794536411,0.0857336792518683,0.0847315436863253,0.273719686686206,0.2803130889849407414659690109,0.1935384721548306414659690109,0.0867746168301101,4.0151885498506278906181492296,54.826647586738384932512059342,54.826644834925362761395088686,1220848000
15.43,4,0.0853114426139840684076591771,0.105068452417324,0.104069995136739,0.0857285950107472,0.0847276995992447,0.273648956653119,0.2802419174315675649176567980,0.1934866639954285649176567980,0.086755253436139,4.0141690921659843384873236829,54.820459216143374197810140688,54.820456461461114161378029318,1221640000
15.44,4,0.0853063981590968494076591771,0.105058436188,0.104061213742864,0.0857235258896912,0.0847238683289802,0.273578300378347,0.2801708207128585038111239992,0.1934348907398368038111239992,0.0867359299730217,4.0131507064087730755636467386,54.814291013272216787217262692,54.814288255721900718560799035,1222431000
15.45,4,0.0853013597952962144076591771,0.105048433861956,0.104052443960319,0.0857184628895057,0.0847200408820396,0.273507755343734,0.2800998357732984582866184121,0.1933831894012628582866184121,0.0867166463720356,4.0121339217697599684815294804,54.808130360682928822944369661,54.808127600263953492199779036,1223223000
15.46,4,0.0852963365570200464076591771,0.105038453491994,0.104043693847578,0.0857134150888048,0.0847162263427215,0.27343730656207,0.2800289482243159404603921905,0.1933315456598576404603921905,0.0866974025644583,4.011118532147860802206546507,54.801977691199300485406562861,54.801974927911081649760069294,1224015000
15.47,4,0.0852913094054008424076591771,0.105028476567514,0.104034944899691,0.0857083633556256,0.0847124055847298,0.27336696358694,0.2799581663053840482946435489,0.1932799678238149482946435489,0.0866781984815691,4.0101046555648260645171792597,54.79581002713424230142874293,54.795807260972313038507954063,1224806000
15.48,4,0.0852862994210582324076591771,0.105018522697765,0.104026216731546,0.0857033288736668,0.084708599797413,0.273296703162553,0.2798874681856279368716423895,0.1932284341309837368716423895,0.0866590340546442,4.0090919793164270544435365387,54.789663352969705910948652118,54.789660583935623955061953654,1225598000
15.49,4,0.0852812944726883194076591771,0.105008581784334,0.104017499250346,0.0856982994523054,0.0847047967957798,0.273226555634187,0.2798168834323673614660007392,0.1931769742174035614660007392,0.0866399092149638,4.0080809269232926653899134652,54.783530629265938855442124476,54.783527857360236210987467128,1226390000
15.50,4,0.0852762946043741604076591771,0.104998651925599,0.104008790560072,0.08569327513584,0.0847009966297437,0.273156493171965,0.2797463841512573807237619177,0.1931255602574533807237619177,0.086620823893804,4.0070710988283942231563028774,54.777398432812022129826702245,54.777395658032780404642458551,1227182000
15.51,4,0.0852713009330865884076591771,0.104988736882965,0.10400009442771,0.0856882570467032,0.0846972004273345,0.273086553475342,0.2796760082126914160646572746,0.1930742301902479160646572746,0.0866017780224435,4.0060630374851630803125816592,54.77127533999339027453373648,54.771272562340554599942265016,1227973000
15.52,4,0.0852663132182156074076591771,0.104978833339377,0.103991407541775,0.0856832449431084,0.0846934079523458,0.273016692574018,0.2796057115224809453810422539,0.1930229399903203453810422539,0.0865827715321606,4.0050561112908596710974631685,54.765142106294920314277457806,54.765139325764640057089068568,1228765000
15.53,4,0.0852613426135058744076591771,0.104968952991071,0.103982741604049,0.0856782500333394,0.0846896304186243,0.272946917054209,0.2795355014670735684686832227,0.1929716971128408684686832227,0.0865638043542327,4.004050426048574348080824286,54.759026347635294662224827289,54.759023564228627257678238619,1229557000
15.54,4,0.0852563651256589204076591771,0.104959074337744,0.103974075119764,0.0856732482067763,0.0846858437210959,0.272877265086787,0.2794654146249600413246169775,0.1929205382050214413246169775,0.0865448764199386,4.0030465057065758426884715335,54.752919699243462328533883603,54.7529169129603300998899176,1230349000
15.55,4,0.0852514056246880714076591771,0.104949220208102,0.103965430923139,0.0856682644550408,0.084682072856911,0.272807704867484,0.2793954208621802733392710944,0.1928694332016244733392710944,0.0865259876605558,4.0020439186276986426988863516,54.746821614744864158257505218,54.746818825584871544722295051,1231140000
15.56,4,0.0852464503093518394076591771,0.104939376095371,0.1039567945129,0.0856632849094067,0.0846783039628552,0.272738227755732,0.2793255105476569801255585170,0.1928183725402946801255585170,0.0865071380073623,4.0010425268569246415163638584,54.740708676358524233234592738,54.740705884317156891352327625,1231932000
15.57,4,0.0852415119401324784076591771,0.10492955658476,0.103948180479737,0.0856583223927518,0.0846745498673012,0.27266885850586,0.2792557093932127278232043466,0.1927673820015763278232043466,0.0864883273916364,4.0000426986889835973365946179,54.734619292437527896547181596,54.734616497517148321519540329,1232724000
15.58,4,0.0852365687153760204076591771,0.104919738841666,0.103939565994511,0.0856533549968175,0.0846707886674682,0.272599584635195,0.2791860033541024118406492001,0.1927164476094462118406492001,0.0864695557446562,3.9990442329477113767939897084,54.728537441097422864117627797,54.728534643297460144756677219,1233515000
15.59,4,0.0852316415143104734076591771,0.104909944403338,0.10393097259992,0.085648403702926,0.0846670413501397,0.27253041336081,0.2791164011325617867152570421,0.1926655781348626867152570421,0.0864508229976991,3.9980472542834824944369146107,54.722459520881175523371424718,54.722456720200646555087935145,1234307000
15.60,4,0.0852267092899020204076591771,0.10490015116341,0.103922378195027,0.0856434473611288,0.0846632867708114,0.272461331743479,0.2790468882791994968663532903,0.1926147591971568968663532903,0.0864321290820426,3.9970515557240136816911758439,54.716392528685290427471565816,54.716389725124286652969454918,1235099000
15.61,4,0.0852217942032253624076591771,0.104890382279928,0.103913805943296,0.0856385082408626,0.084659547204348,0.27239235171288,0.2789774783104345189166566223,0.1925640043814676189166566223,0.0864134739289669,3.9960573308777158319610685323,54.710314357278914638388179704,54.710311550833727126579144651,1235891000
15.62,4,0.0852168931338414834076591771,0.104880633373428,0.103905251470657,0.0856335832064305,0.0846558195204635,0.272323455591403,0.2789081532866006129298224050,0.1925132958168525129298224050,0.0863948574697481,3.9950643227778278386508877929,54.704251607518294229550228455,54.704248798189750719742644365,1236682000
15.63,4,0.0852119880350470594076591771,0.104870887959409,0.103896698297994,0.0856286541228849,0.084652085589605,0.272254667614475,0.2788389362345628724452630837,0.1924626565988978724452630837,0.086376279635665,3.9940728612598908923520219085,54.698197259865522304202219319,54.698194447653453027544881976,1237474000
15.64,4,0.0852070890306489564076591771,0.104861154848481,0.103888155241279,0.0856237311635359,0.0846483555904604,0.272185967938932,0.2787698079744655751268983586,0.1924120676164699751268983586,0.0863577403579956,3.9930826715927166160515568774,54.692148797618543678848519874,54.692145982522185427343344707,1238266000
15.65,4,0.0852022060371946934076591771,0.104851445805056,0.103879634070275,0.0856188242934203,0.0846446394934284,0.272117381948685,0.2787007946494020339744428326,0.1923615550813844339744428326,0.0863392395680176,3.9920941282485317411752992221,54.686101719598469361526499506,54.686098901616542793906261193,1239058000
15.66,4,0.0851973280083094844076591771,0.104841747159256,0.103871121120434,0.0856139224121493,0.0846409262034652,0.272048873285571,0.2786318590365868176420179806,0.1923110818395784176420179806,0.0863207771970084,3.9911066980502301878974281016,54.680062192601985205819628923,54.680059371733990199974653805,1239849000
15.67,4,0.0851924560305358024076591771,0.104832061404219,0.10386261889021,0.0856090266115783,0.0846372168177552,0.27198046195036,0.2785630212623505119818407318,0.1922606680861031119818407318,0.0863023531762474,3.9901206692862467144136340778,54.67403268363199219062455613,54.674029859878002211399545627,1240641000
15.68,4,0.0851875890940613154076591771,0.104822387096552,0.103854125941512,0.0856041358769572,0.084633510326861,0.271912141848267,0.2784942751464391002533260798,0.1922103077094269002533260798,0.0862839674370122,3.9891359534309597549626305103,54.668011525078628629188715632,54.668008698438354548553247109,1241433000
15.69,4,0.0851827281601412084076591771,0.104812725683754,0.103845643727121,0.0855992511742416,0.0846298077020345,0.271843919831567,0.2784256276257777972173162611,0.1921600077151977972173162611,0.08626561991058,3.9881526498485286621142942788,54.661979815208377547084059291,54.66197698567842230789355988,1242225000
15.70,4,0.0851778832266915724076591771,0.104803088582016,0.103837183668495,0.0855943825502349,0.0846261189953595,0.271775815132207,0.2783570986821850927374693560,0.1921097881539551927374693560,0.0862473105282299,3.9871710447574063292729205064,54.655966744290226960837924153,54.655963911872414020560950719,1243016000
15.71,4,0.0851730332916338274076591771,0.104793451119838,0.103828721099387,0.0855895089001634,0.0846224231073265,0.271707777480251,0.2782886364475499684762278796,0.1920595972263107684762278796,0.0862290392212392,3.9861903952016416498428043105,54.649962897839399602580923397,54.649960062533443915532482595,1243808000
15.72,4,0.0851681983528947024076591771,0.104783835981787,0.103820278709598,0.0855846503197389,0.0846187401388956,0.271639843195922,0.2782202787363813692810364101,0.1920094728154952692810364101,0.0862108059208861,3.985211242834178382019636254,54.643965002496203260532835589,54.643962164301647463649647356,1244600000
15.73,4,0.0851633703717506454076591771,0.104774235234438,0.103811848570923,0.0855797987309305,0.0846150620172679,0.271572014628918,0.2781520273396107000737591465,0.1919594167811619000737591465,0.0861926105584488,3.984233613308218419207711457,54.637958713555754644130005341,54.637955872469661161552780763,1245391000
15.74,4,0.0851585474194500824076591771,0.104764644865225,0.103803426675999,0.0855749521955554,0.0846113868094772,0.271504262181482,0.2780838524520385695654978696,0.1919093993868339695654978696,0.0861744530652046,3.9832570796957406548113250393,54.631965641363829280691069995,54.63196279738677129558692252,1246183000
15.75,4,0.0851537294206244564076591771,0.10475506647306,0.103795014628926,0.0855701106378765,0.0846077144449868,0.271436609804506,0.2780157780781125142443053435,0.1918594447056795142443053435,0.086156333372433,3.9822819858351204414003538809,54.625985067230745020144313462,54.625982220363388728577696623,1246975000
15.76,4,0.0851489173732215684076591771,0.104745501389488,0.103786613766422,0.0855652750607214,0.0846040459318089,0.271369062163487,0.2779478089652075126698182098,0.1918095575537972126698182098,0.0861382514114103,3.9813083997275116456092090638,54.620016634620730970028076862,54.620013784863802050184777433,1247767000
15.77,4,0.0851441203485055434076591771,0.104735956909283,0.103778231388417,0.0855604545797104,0.084600390390733,0.271301592900424,0.2778799193287470217245693737,0.1917597122153318217245693737,0.0861202071134152,3.9803359520360631876120697465,54.614028331247910398468683204,54.614025478596293047504587571,1248558000
15.78,4,0.0851393292344679634076591771,0.104726424716479,0.103769859184086,0.0855556400382797,0.0845967386703482,0.271234214355814,0.2778121208994332849038396742,0.1917099204897067849038396742,0.0861022004097265,3.9793648107906893664390447324,54.608063189623589849599604984,54.608060334079730102966175183,1249350000
15.79,4,0.0851345441390389174076591771,0.104716905467163,0.10376149781464,0.0855508315448871,0.0845930908842503,0.271166934356979,0.2777444215316457483068865193,0.1916601903000248483068865193,0.0860842312316209,3.9783950884971105078901268595,54.602102590607584423462254049,54.602099732170852889452033565,1250142000
15.80,4,0.0851297639502203554076591771,0.104707397915476,0.10375314603933,0.0855460279820971,0.0845894459201258,0.27109975110604,0.2776768193453341852093639214,0.1916105198349567852093639214,0.0860662995103774,3.9774267582255885321394952897,54.596152002617365339033569205,54.596149141288064313378461448,1250934000
15.81,4,0.0851249887392971444076591771,0.10469790283292,0.103744804634753,0.0855412294215432,0.0845858038547147,0.271032674608721,0.2776093243760224326077900312,0.1915609191987490326077900312,0.0860484051772734,3.9764599637244257649871428618,54.590195095334171853969656889,54.590192231109902287526035062,1251725000
15.82,4,0.0851202305468824204076591771,0.104688430678001,0.103736484064493,0.0855364479627141,0.084582176792597,0.270965680975014,0.2775419135217988649191008971,0.1915113653582118649191008971,0.086030548163587,3.9754943740831126674416669785,54.584253505258301521650002687,54.584250638140213685755037478,1252517000
15.83,4,0.0851154662489356774076591771,0.104678958473347,0.103728161356242,0.0855316603684985,0.0845785415017371,0.270898774730446,0.2774745896947000809535405366,0.1914618612941036809535405366,0.0860127284005964,3.9745300310135029976987581999,54.578320854098525185884738085,54.578317984086696032058859476,1253309000
15.84,4,0.0851107178495254594076591771,0.104669509036343,0.103719859332432,0.0855268887505594,0.0845749200988584,0.27083196519481,0.2774073637838297305761931448,0.1914124179642495305761931448,0.0859949458195802,3.9735670904905006223928276051,54.572392510469682693505630733,54.572389637563425518623186276,1254100000
15.85,4,0.0851059744199571314076591771,0.104660070586369,0.103711566217477,0.0855221221267635,0.0845713016068729,0.270765241332369,0.2773402239589082715010878235,0.1913630236070934715010878235,0.0859772003518148,3.972605383057878488467938396,54.566452180720571279106814832,54.566449304916404908038545481,1254892000
15.86,4,0.0851012380004632004076591771,0.104650645928318,0.103703284821287,0.0855173625473196,0.084567688081019,0.270698613863664,0.2772731811103729568233017180,0.1913136891817933568233017180,0.0859594919285796,3.9716450647096328949541993716,54.560536647602797783607029674,54.560533768903703885742647466,1255684000
15.87,4,0.0850965054311707774076591771,0.104641231586827,0.103695011673502,0.0855126068369037,0.0845640763509877,0.270632078608484,0.2772062308261136676469489058,0.1912644103449610676469489058,0.0859418204811526,3.9706860722469537620257896937,54.554623984871411289863492421,54.554621103276531297936490131,1256476000
15.88,4,0.0850917888311118284076591771,0.10463184016368,0.103686759380893,0.085507867173807,0.0845604786000698,0.270565641197409,0.2771393796024001346166094077,0.1912151936615893346166094077,0.0859241859408108,3.9697284987220483619429341238,54.548708881006814192352988991,54.548705996514416266618189418,1257267000
15.89,4,0.0850870671141337804076591771,0.104622450149267,0.103678506438823,0.0855031223687708,0.084556873643991,0.270499297788822,0.2770726221068859149122622101,0.1911660338680524149122622101,0.0859065882388335,3.9687722677546836416496958591,54.54281341823265959039449465,54.542810530844858785075247314,1258059000
15.90,4,0.0850823612837339664076591771,0.104613080500382,0.103670271809042,0.0854983935279943,0.0845532825939202,0.270433016907383,0.2770059282636067013968954382,0.1911169009571091013968954382,0.0858890273064976,3.9678169485384239269460677438,54.536912996519094630478495995,54.536910106233447364334287203,1258851000
15.91,4,0.0850776504529841504076591771,0.104603714535657,0.103662038815126,0.0854936596624173,0.0845496844657517,0.270366860888597,0.2769393590929331611466136292,0.1910678560178513611466136292,0.0858715030750818,3.9668634151256684900922745361,54.531024271580085437553129601,54.53102137839761015654732272,1259642000
15.92,4,0.0850729654630314814076591771,0.104594380667638,0.10365383587455,0.0854889517639927,0.0845461102563783,0.270300791762605,0.2768728786998026695427628451,0.1910188632239388695427628451,0.0858540154758638,3.9659111533575524400108680357,54.525132039269848036899585215,54.525129143188652248050590924,1260434000
15.93,4,0.0850682754685953894076591771,0.10458504697683,0.103645631072728,0.085484238836614,0.0845425289746181,0.270234797406386,0.2768064727644758846758972276,0.1909699083243544846758972276,0.0858365644401214,3.9649599581189079137534684467,54.519250882873996393419216256,54.519247983894566908065582556,1261226000
15.94,4,0.0850635902745727724076591771,0.104575726232256,0.103637437183584,0.0854795307331216,0.0845389504782218,0.270168919178908,0.2767401834362358930463741421,0.1909210335371028930463741421,0.085819149899133,3.9640104331537574258684412456,54.513388554062516804264807825,54.513385652187218147093768135,1262018000
15.95,4,0.0850589210352982994076591771,0.104566425782177,0.103629261560261,0.0854748386623922,0.0845353859809613,0.270103101479016,0.2766739557622987795455615123,0.1908721839781220795455615123,0.0858017717841767,3.9630617913214366810117089151,54.507520792418496260652994075,54.507517887644769821799992958,1262809000
15.96,4,0.0850542476293837244076591771,0.104557128221492,0.103621086802528,0.0854701424046489,0.0845318152679403,0.270037385264204,0.2766078293866102369215209988,0.1908233993600797369215209988,0.0857844300265305,3.9621146004796491669617528955,54.50164537981332599238861748,54.501642472138680727950455431,1263601000
15.97,4,0.0850495882107803964076591771,0.104547852449576,0.103612931814614,0.0854654602026114,0.0845282565867446,0.269971779287688,0.2765418143597553766047605434,0.1907746898022833766047605434,0.085767124557472,3.9611690045924326419142637474,54.495798763049403157829807822,54.495795852477946118017556035,1264393000
15.98,4,0.0850449356628948824076591771,0.104538588553555,0.103604786688484,0.0854607849048878,0.0845247027908338,0.26990624430784,0.2764758708445473372321707931,0.1907260155362680372321707931,0.0857498553082793,3.9602244330341161344821411521,54.489951105200691009151458554,54.489948191730830379258878925,1265185000
15.99,4,0.0850402869061854434076591771,0.104529334540297,0.103596649435831,0.0854561134168783,0.0845211507904449,0.26984079618409,0.2764100145230866598095653930,0.1906773923128560598095653930,0.0857326222102306,3.9592811104342468352567733869,54.48410668144756295023698743,54.484103765078645089707681422,1265976000
16.00,4,0.0850356440940311574076591771,0.104520093692662,0.103588523344326,0.0854514479024913,0.0845176027543087,0.269775450842309,0.2763442615117848089358302561,0.1906288363171803089358302561,0.0857154251946045,3.9583392676434162320166418956,54.478259536680692910460652698,54.478256617411190292172648852,1266768000
16.01,4,0.0850310061834579904076591771,0.104510864262036,0.10358040667015,0.0854467873136531,0.0845140576391594,0.269710198300556,0.2762786017313752637481991398,0.1905803375386978637481991398,0.0856982641926774,3.9573987602867725970219714374,54.472431991064170903439103078,54.472429068896436536528018032,1267560000
16.02,4,0.0850263841358893864076591771,0.104501655557579,0.103572308727248,0.0854421426653856,0.0845105264648129,0.269645013778896,0.2762130111119921842977574611,0.1905318719762635842977574611,0.0856811391357286,3.9564592435888878772168252133,54.466601124437101652798418152,54.466598199369188839389429533,1268352000
16.03,4,0.0850217668721912574076591771,0.104492458842476,0.10356422078357,0.0854375028243806,0.0845069981027399,0.269579931937211,0.2761475236199714108277098052,0.1904834736649352108277098052,0.0856640499550362,3.9555212040816863984011960636,54.460770881415738065083639111,54.460767953446769516739687857,1269143000
16.04,4,0.0850171446221058324076591771,0.104483264326984,0.103556133054128,0.0854328579726061,0.0845034627396736,0.269514953522589,0.2760821393180155115293111357,0.1904351427361377115293111357,0.0856469965818778,3.9545846426633254863750768283,54.454961321761421459307263487,54.454958390894126784233288631,1269935000
16.05,4,0.0850125479613677084076591771,0.104474099782976,0.103548073315533,0.0854282388353047,0.0844999511056074,0.269450035226583,0.2760168169407719085521443795,0.1903868379932404085521443795,0.0856299789475315,3.9536489682511585753771808682,54.449149835460268114657561188,54.449146901692882006575204356,1270727000
16.06,4,0.0850079463468957414076591771,0.104464937464705,0.103540013826763,0.0854236147200468,0.0844964325128485,0.269385220260195,0.2759515976588680170238004690,0.1903386006755932170238004690,0.0856129969832748,3.9527147705710040179773850639,54.443350324136078269327776004,54.443347387469833930356756517,1271518000
16.07,4,0.0850033505858947894076591771,0.104455787347281,0.103531964567641,0.085418996486882,0.0844929178261689,0.269320495588642,0.2758864691654289773108561749,0.1902904185450425773108561749,0.0855960506203864,3.9517818733398481132057982162,54.437538826488393329988866324,54.437535886920063930234090717,1272310000
16.08,4,0.0849987686398169384076591771,0.10444665722198,0.103523933334138,0.085414392136192,0.0844894150506587,0.269255857941836,0.2758214287421529785089648681,0.1902422889520091785089648681,0.0855791397901438,3.9508502376209148080064835254,54.431753209864464306032029361,54.431750267397661312621983206,1273102000
16.09,4,0.0849941835434300914076591771,0.10443753068814,0.103515903730276,0.0854097846197886,0.0844859071428244,0.269191317174877,0.2757564850764079076865397786,0.1901942206525820076865397786,0.0855622644238259,3.9499199878515634014095497914,54.425971912288066385464441696,54.425968966922579662830292109,1273894000
16.10,4,0.0849896122948513284076591771,0.104428423535389,0.103507891550352,0.0854051910189059,0.0844824111885802,0.269126854220095,0.2756916202487250750113146601,0.1901461957960156750113146601,0.0855454244527094,3.9489908673543227600494080958,54.420177095841609216344838041,54.420174147573903247607418217,1274685000
16.11,4,0.0849850458922023904076591771,0.104419328197471,0.103499889232764,0.0854006022876484,0.0844789181466976,0.269062490552888,0.2756268551547199311995228083,0.1900982353466462311995228083,0.0855286198080737,3.9480631754368402632658193577,54.414403741400589136236067886,54.414400790233608441346444462,1275477000
16.12,4,0.0849804852969541824076591771,0.104410244173855,0.103491896281623,0.0853960193921884,0.0844754289880014,0.26899820516436,0.2755621688020813483285622309,0.1900503183808855483285622309,0.0855118504211958,3.9471366114064147776931946593,54.408637438024850293441686379,54.408634483958776797553917793,1276269000
16.13,4,0.0849759305438933594076591771,0.104401172957013,0.103483914194031,0.0853914423674826,0.0844719437520872,0.268934018896427,0.2754975820863867553872042629,0.1900024658630329553872042629,0.0854951162233538,3.9462114745701461967358291198,54.402877977417014934327941068,54.40287502045222452210230535,1277061000
16.14,4,0.0849713805945001074076591771,0.104392112314664,0.103475940742317,0.0853868701699332,0.0844684613999822,0.268869914786208,0.2754330779306835955253156868,0.1899546607848571955253156868,0.0854784171458264,3.9452875203187108729635996213,54.397110365730369634156398748,54.397107405864392721791779028,1277852000
16.15,4,0.0849668454469148264076591771,0.104383072206796,0.103467985891072,0.0853823128465691,0.0844649919833269,0.268805891237817,0.2753686554380669418200999543,0.1899069023181759418200999543,0.085461753119891,3.9443647358048941054066149618,54.391360971835214092019583864,54.39135800907029844617773862,1278644000
16.16,4,0.0849623151359380694076591771,0.104374043823526,0.103460040834998,0.0853777603834634,0.084461525492792,0.268741965819258,0.2753043315195191143110130388,0.1898592074426931143110130388,0.085445124076826,3.9434433632606707874691702647,54.385618181654723821485092247,54.385615215991212408277141993,1279436000
16.17,4,0.0849577796597194564076591771,0.104365016139585,0.103452094553401,0.085373202729859,0.0844580518822046,0.268678124945019,0.2752400918538569932367200105,0.1898115619059483932367200105,0.0854285299479086,3.9425231975502368660953287277,54.379861783141598871489855285,54.379858814576204444703078831,1280228000
16.18,4,0.0849532599431020924076591771,0.104356009324901,0.103444167220765,0.0853686609129164,0.0844545921832959,0.268614355621477,0.2751759248864115106468179725,0.1897639542219937106468179725,0.0854119706644178,3.9416040731651186135453151116,54.374127138129575482334410387,54.374124166665094370011754856,1281019000
16.19,4,0.0849487450575558614076591771,0.104347015257115,0.10343625071928,0.0853641239506678,0.0844511354186548,0.268550699126161,0.2751118712278905552707464505,0.1897164250702595552707464505,0.085395446157631,3.9406865718108693556191222597,54.368403180289807521670705204,54.368400205927549586665291552,1281811000
16.20,4,0.0849442351157877314076591771,0.104338031257046,0.103428342374295,0.0853595919563712,0.0844476817060828,0.268487115521033,0.2750478908509701215170518672,0.1896689344921431215170518672,0.085378956358827,3.939770120138315606865115651,54.362681489649911487902160352,54.36267851238928753572445755,1282603000
16.21,4,0.0849397408133800434076591771,0.10432906923776,0.103420454103397,0.0853550756779078,0.0844442417979914,0.268423621093383,0.2749840008345927598040346228,0.1896214996353101598040346228,0.0853625011992826,3.9388549627852910719392177649,54.356953034213710809417810336,54.356950054052705574357179255,1283394000
16.22,4,0.0849352412998919654076591771,0.104320107855271,0.103412564567105,0.085350554162883,0.0844407947465028,0.268360210974551,0.2749201948333916833407987541,0.1895741142231144833407987541,0.0853460806102772,3.9379410088611122653897940828,54.351240104081025166802988003,54.351237121021564179965997773,1284186000
16.23,4,0.0849307565735004594076591771,0.104311167387889,0.103404694048221,0.0853460475072601,0.0844373606520835,0.268296887070122,0.2748564761631670072915077774,0.1895267816400800072915077774,0.085329694523087,3.9370283058611364862469534048,54.345538428382424252558844866,54.345535442425789648496308736,1284978000
16.24,4,0.0849262766690425264076591771,0.104302237629334,0.103396832344945,0.0853415456971489,0.0844339295053334,0.268233646978199,0.2747928417162320550943555730,0.1894794988472405550943555730,0.0853133428689915,3.9361168092710030335408045323,54.339824980043086781408609885,54.339821991186270724716070097,1285770000
16.25,4,0.0849218015113930224076591771,0.104293319115919,0.103388979998056,0.0853370486570569,0.084430501235237,0.268170499450328,0.2747293002605356257559934279,0.1894322746812668257559934279,0.0852970255792688,3.9352066446823578809852947042,54.334131250303387423638613752,54.334128258549276797569591476,1286561000
16.26,4,0.0849173320987423754076591771,0.10428441229388,0.103381137458241,0.0853325573900554,0.0844270768493292,0.268107436488025,0.2746658438485160475896724559,0.1893851012633196475896724559,0.0852807425851964,3.9342976982547477064664623642,54.32844052914950266992114233,54.328437534497820029718320055,1287353000
16.27,4,0.0849128676524926134076591771,0.104275516662298,0.103373304229023,0.0853280711137393,0.0844236555696554,0.26804446214377,0.2746024764881503259519323228,0.1893379826700985259519323228,0.0852644938180518,3.9333900273982405921369752688,54.322758198250557569375111867,54.322755200702154688257025228,1288145000
16.28,4,0.0849084078342107224076591771,0.10426663179961,0.103365479893265,0.0853235894880207,0.0844202370605652,0.267981575263979,0.2745391969995663476233877517,0.1892909177904526476233877517,0.0852482792091137,3.9324836152123968370269422215,54.317072818051748634028243442,54.31706981760533594360500001,1288937000
16.29,4,0.0849039627555260684076591771,0.1042577667247,0.103357673474265,0.0853191226739724,0.0844168314875556,0.267918759159442,0.2744759893636403149956120261,0.1892438906739800149956120261,0.0852320986896603,3.9315782322401822261019378202,54.311401360290806290710630264,54.311398356948035770618983908,1289728000
16.30,4,0.0848995134513024354076591771,0.104248904391451,0.103349867930304,0.0853146516137233,0.0844134197971671,0.267856043264785,0.2744128817545282790260982940,0.1891969295635592790260982940,0.085215952190969,3.9306742820466556259963731494,54.305732851578070247887664559,54.305729845338929578892621746,1290520000
16.31,4,0.0848950788830968914076591771,0.104240062386463,0.103342080852373,0.0853101953615478,0.0844100210480724,0.267793405925595,0.2743498537976512563885852783,0.1891500141533332563885852783,0.085199839644318,3.9297714727874885512586136841,54.300063329336897358802238808,54.30006032020051410233532579,1291312000
16.32,4,0.0848906492347574974076591771,0.104231231718745,0.103334303253854,0.0853057440532954,0.0844066253805064,0.267730859972802,0.2742869176658089317991854247,0.1891031566848241317991854247,0.0851837609809848,3.9288699788251832741488841904,54.29440392754340362521898446,54.294400915511015263926495834,1292103000
16.33,4,0.0848862241697160514076591771,0.104222411209086,0.103326533959897,0.0853012973507523,0.0844032324606278,0.267668393391075,0.2742240612909860257354115305,0.1890563451587371257354115305,0.0851677161322489,3.9279696272981475796327592644,54.288757219279949353066302668,54.28875420435310503456790537,1292895000
16.34,4,0.0848818048720127964076591771,0.104213603211217,0.103318775328584,0.0852968564437482,0.0843998434826264,0.267606022783129,0.2741613013999445632599290748,0.1890095963705575632599290748,0.085151705029387,3.9270706577996179287188363094,54.283106554575429608775592528,54.283103536752935599591931969,1293687000
16.35,4,0.0848773993398778624076591771,0.104204813601623,0.103311033240737,0.0852924293696227,0.0843964664881888,0.267543716966345,0.2740986072962507464610740500,0.1889628796925728464610740500,0.0851357276036779,3.9261726306355620796028058844,54.277463935543416634316307489,54.277460914825890027977772593,1294479000
16.36,4,0.0848729986464797734076591771,0.104196035426719,0.103303300747094,0.0852880071578943,0.0843930925111674,0.26748150509663,0.2740360075800340214921451967,0.1889162237936349214921451967,0.0851197837863991,3.9252759554726640608975676713,54.271835538711999819544783395,54.271832515101524939393133395,1295270000
16.37,4,0.0848685935666964044076591771,0.104187258614465,0.103295567779924,0.0852835805383323,0.0843897122856534,0.267419376030987,0.2739734904331512618509275555,0.1888696169243225618509275555,0.0851038735088287,3.9243804630284966307988122289,54.266207061582065206004979806,54.26620403507802353842598677,1296062000
16.38,4,0.0848642042105425444076591771,0.104178504090746,0.103287855269412,0.0852791697192846,0.0843863460243035,0.267357339324692,0.2739110668476174793619698730,0.1888230701453731793619698730,0.0850879967022443,3.9234863107520861151065323998,54.260571356764217983380265011,54.260568327364856847323896177,1296854000
16.39,4,0.0848598187606221244076591771,0.104169758595952,0.103280149960235,0.0852747628255708,0.0843829818562337,0.267295375593879,0.2738487165621415595454998010,0.1887765632642162595454998010,0.0850721532979253,3.9225932084218160283690936619,54.254958549215691623754365785,54.254955516924510090872113152,1297646000
16.40,4,0.0848554378462931394076591771,0.104161024857837,0.103272454584419,0.0852703604896264,0.0843796204181632,0.267233514780609,0.2737864696364219516576388969,0.1887301264092741516576388969,0.0850563432271478,3.9217015866111506160768367375,54.249351458135391699020416193,54.249348422953111790518574538,1298437000
16.41,4,0.0848510616870047054076591771,0.104152299544377,0.103264765814202,0.0852659629319736,0.0843762619348855,0.267171706073104,0.2737242751503246224498492174,0.1886837087291334224498492174,0.0850405664211912,3.920810715942901689965220267,54.243731771204188955249509501,54.243728733127663210863630053,1299229000
16.42,4,0.0848466913915212394076591771,0.104143588070118,0.103257089068377,0.0852615712667984,0.0843729075248454,0.267110010930177,0.2736621947909467418726427614,0.1886373719796135418726427614,0.0850248228113332,3.9199214800196522786471439312,54.238134386561049070461884629,54.238131345594179318243278126,1300021000
16.43,4,0.0848423346269525184076591771,0.104134895475148,0.103249429391267,0.0852571931987007,0.0843695648968892,0.267048390978163,0.2736001906299731572700349593,0.1885910783011214572700349593,0.0850091123288517,3.9190333355583031135484142487,54.232541198251078318401952626,54.232538154394043020217859045,1300813000
16.44,4,0.0848379737590187574076591771,0.104126203947168,0.103241768974801,0.0852528110071736,0.0843662163347438,0.266986845522933,0.2735382607327384480301236481,0.1885448258277134480301236481,0.084993434905025,3.9181462548468211148432103825,54.226938096381424321164927002,54.226935049631846432523382506,1301604000
16.45,4,0.0848336274555571844076591771,0.104117533301346,0.103234127638353,0.0852484434513354,0.0843628806017494,0.266925389011284,0.2734764208933782908764023444,0.1884986304222478908764023444,0.0849777904711304,3.9172604641195486083315251705,54.221357493248235366379645248,54.221354443609880903714671351,1302396000
16.46,4,0.0848292858251693964076591771,0.104108872780588,0.103226494629033,0.0852440805914213,0.0843595477623503,0.266864010101703,0.2734146590479218813608059048,0.1884524800894749813608059048,0.0849621789584469,3.9163757905728104606477696965,54.215778200275446081057597573,54.215775147747996135286395962,1303188000
16.47,4,0.0848249490490566064076591771,0.104100223840721,0.103218871406851,0.0852397226095184,0.0843562180028307,0.266802727002849,0.2733529934625182789244556490,0.1884063931642663789244556490,0.0849466002982519,3.915492495849949618736007158,54.210196873714248653657050484,54.210193818297112393917585441,1303979000
16.48,4,0.0848206168327977434076591771,0.104091584198537,0.103211255692775,0.0852353692097659,0.084352891031515,0.266741511304374,0.2732913956370493105644263786,0.1883603412152265105644263786,0.0849310544218228,3.9146101717168463816263463564,54.204630163559457055058500688,54.204627105254777939419510499,1304771000
16.49,4,0.0848162904670336484076591771,0.104082956558381,0.103203650195314,0.0852310216891158,0.0843495681495276,0.266680383087372,0.2732298857926280011839296661,0.1883143445321889011839296661,0.0849155412604391,3.9137291078195910751187801328,54.199065869837297810754252038,54.199062808645146269493301852,1305563000
16.50,4,0.0848119776214084384076591771,0.10407434776157,0.103196061759933,0.0852266877547147,0.0843462570681758,0.266619329700458,0.2731684517862020138167790307,0.1882683910408244138167790307,0.0849000607453776,3.9128491302217905926176036072,54.193497337595892872806665976,54.193494273515072341633876419,1306355000
16.51,4,0.0848076596225157064076591771,0.104065740903259,0.103188473485928,0.0852223486418479,0.0843429390268933,0.266558378396002,0.2731071196248237275867390289,0.1882225068169072275867390289,0.0848846128079165,3.9119706114470388542969959404,54.187949499360957210223166648,54.187946432395166941062992639,1307146000
16.52,4,0.0848033571773732414076591771,0.104057154496673,0.103180903890648,0.0852180251587854,0.0843396348380867,0.266497495626398,0.2730458571343121448910129269,0.1881766597549776448910129269,0.0848691973793345,3.9110930906341241591870659329,54.182404162878234761248773347,54.182401093027420762082037521,1307938000
16.53,4,0.0847990585385632214076591771,0.104048577542204,0.103173341978601,0.0852137055006675,0.0843363327010206,0.266436693319231,0.2729846754461905636430909747,0.1881308610552813636430909747,0.0848538143909092,3.9102167272303804006921087052,54.176865265709453665280929601,54.176862192974445497364229004,1308730000
16.54,4,0.0847947554138189364076591771,0.104040002340594,0.10316578005463,0.0852093813346802,0.0843330242869936,0.266375980825472,0.2729235833518636513593668183,0.1880851195779450513593668183,0.0848384637739186,3.9093416471634169313820011372,54.171320067551412048269460934,54.171316991930865692773164958,1309522000
16.55,4,0.0847904671283359184076591771,0.104031447644081,0.103158236875065,0.0852050720805145,0.0843297290197974,0.266315347921656,0.2728625719611471477614079221,0.1880394265015069477614079221,0.0848231454596402,3.9084677230907350770567360704,54.165789722488307221805880582,54.165786643984706264865345989,1310313000
16.56,4,0.0847861933905602984076591771,0.104022912863347,0.103150711854667,0.085200777445191,0.0843264466105412,0.266254790379918,0.2728016370156496832407966652,0.1879937776362967832407966652,0.0848078593793529,3.9075948940153492719550268646,54.160255417967413574454542416,54.160252336579652572681087871,1311105000
16.57,4,0.0847819134150257294076591771,0.104014378426311,0.10314318542542,0.0851964765416074,0.0843231561761996,0.266194327735014,0.2727407966375453845280089744,0.1879481911732112845280089744,0.0847926054643341,3.9067234195183063010424481206,54.154739835830086001404302464,54.154736751561533323585248972,1311897000
16.58,4,0.0847776389841996894076591771,0.104005855295832,0.10313566855424,0.0851921812098446,0.0843198695609185,0.266133947028361,0.2726800386648319409465133754,0.1879026550189700409465133754,0.0847773836458619,3.9058531253917546253275972396,54.149230391160503406639430404,54.149227304012083316878047702,1312689000
16.59,4,0.0847733793485786724076591771,0.103997351702512,0.103128169475772,0.0851879007456319,0.0843165960644806,0.266073632703017,0.2726193481528826386729654246,0.1878571542976681386729654246,0.0847621938552145,3.9049837975696855706104670596,54.143709391551632347318808394,54.143706301520854123761374011,1313480000
16.60,4,0.0847691242546822144076591771,0.103988858403086,0.103120678950783,0.0851836248453516,0.0843133253873098,0.26601340028228,0.2725587399426862625047783017,0.1878117039190162625047783017,0.08474703602367,3.9041156486336064626910504241,54.138208881511177835874279989,54.138205788601623387625277186,1314272000
16.61,4,0.0847648739156610374076591771,0.103980376599775,0.103113198185513,0.0851793537231968,0.0843100577476292,0.26595326388782,0.2724982282056540716964509839,0.1877663181231474716964509839,0.0847319100825066,3.9032488815740301949736424524,54.132721005445736968529124455,54.132717909659709475538920013,1315064000
16.62,4,0.0847606182590217984076591771,0.103971893876639,0.103105714768032,0.0851750772574221,0.0843067830277118,0.26589319106433,0.2724377796997274866577898355,0.1877209637367257866577898355,0.0847168159630017,3.9023830202335540932582359851,54.127224566427679459484595888,54.127221467763259004247821141,1315855000
16.63,4,0.0847563770663480004076591771,0.103963431446958,0.103098249915615,0.0851708153263382,0.0843035211098747,0.265833200208286,0.2723774142566126265181356394,0.1876756606601792265181356394,0.0847017535964334,3.9015183486804526453233124618,54.121726150509325350418743993,54.121723048966071475649751119,1316647000
16.64,4,0.0847521506963819094076591771,0.10395499093562,0.103090805257139,0.0851665682904414,0.0843002723586098,0.265773309388504,0.2723171500147333937176913749,0.1876304271006533937176913749,0.08468672291408,3.9006551267285005825946784038,54.116254330336880934306064073,54.116251225919792554033900896,1317439000
16.65,4,0.0847479188240897744076591771,0.103946548260489,0.103083356714438,0.0851623157253135,0.0842970163534824,0.265713467010099,0.2722569338252812692281582035,0.1875852099780618692281582035,0.0846717238472194,3.8997925930770992308723266515,54.11077319667725828030377602,54.110770089384134369447982106,1318231000
16.66,4,0.0847437016975631404076591771,0.103938127079087,0.103075927948999,0.0851580779780544,0.0842937734455646,0.26565371970353,0.2721968138556670066012396933,0.1875400575285377066012396933,0.0846567563271293,3.8989314376736000779347386464,54.105290386904265188450320399,54.10528727673492908437798421,1319022000
16.67,4,0.0847394792085410704076591771,0.10392970686324,0.103068498436598,0.0851538348420784,0.0842905234322316,0.265594063575205,0.2721367847900859332936572501,0.1874949645049975332936572501,0.0846418202850884,3.8980715843746919904163254676,54.099833042109614509442826388,54.099829929068769779298453422,1319814000
16.68,4,0.0847352712494554184076591771,0.103921306161119,0.103061086729346,0.0851496063070869,0.0842872863071338,0.265534477311955,0.2720768266614156423932276625,0.1874499110090415423932276625,0.0846269156523741,3.897212747172437753282661716,54.094374540459156317325147647,54.094371424546469579342899053,1320606000
16.69,4,0.0847310670307207274076591771,0.103912915130209,0.103053682988656,0.0851453815307357,0.0842840512318654,0.26547497559035,0.2720169534241706513950183757,0.1874049110639053513950183757,0.0846120423602653,3.896355125950523259938042512,54.088907792175716922845950554,54.088904673389659005013474988,1321398000
16.70,4,0.0847268684079493984076591771,0.103904534870963,0.1030462883189,0.0851411623777108,0.0842808200750391,0.265415547415959,0.2719571541877392849284354216,0.1873599538477004849284354216,0.0845972003400388,3.8954985647124464037867629776,54.083465289285078098743901065,54.083462167630093843586263779,1322189000
16.71,4,0.0847226753107539374076591771,0.103896165282611,0.103038902623212,0.0851369487772804,0.0842775927698385,0.265356192361421,0.2718974285190441517100810338,0.1873150389960707517100810338,0.0845823895229734,3.8946430572548124838589319107,54.078018931930644560319706791,54.078015807405902363155558781,1322981000
16.72,4,0.0847184849485329174076591771,0.103887804216595,0.103031523756929,0.0851327379251979,0.0842743665159211,0.265296919901158,0.2718377857198227547814499929,0.1872701758794762547814499929,0.0845676098403465,3.8937887368152274470986125142,54.072567280227779396725584198,54.072564152832422761137356466,1323773000
16.73,4,0.0847143101774247284076591771,0.103879464694678,0.103024164745699,0.085128542740465,0.0842711542361817,0.265237731053331,0.2717782277143809320852682507,0.1872253664909439320852682507,0.084552861223437,3.8929356309573225925359135863,54.067141188202907140284161345,54.067138057941741320242004451,1324564000
16.74,4,0.0847101300324759244076591771,0.103871126653144,0.103016805529677,0.0851243421556147,0.0842679348670352,0.265178640907657,0.2717187681563722333500112056,0.1871806245528500333500112056,0.0845381436035222,3.89208393525529224597082797,54.061716505422865995012847203,54.06171337229644315240519621,1325356000
16.75,4,0.0847059643706836044076591771,0.103862806104439,0.10300946212517,0.08512015612474,0.0842647283664453,0.265119592398869,0.2716593512367805527510682391,0.1871358943249000527510682391,0.0845234569118805,3.8912328503038508416420690241,54.056280533045432585536539488,54.056277397051241972853281253,1326148000
16.76,4,0.0847017934367557364076591771,0.103854487775191,0.103002119262657,0.0851159647959503,0.084261514886381,0.265060651695831,0.2716000418981361313007968006,0.1870912408183463313007968006,0.0845088010797898,3.8903833063362567856592817095,54.050867077940051671051106121,54.050863939082763981810508245,1326940000
16.77,4,0.0846976361241830624076591771,0.103846187117051,0.102994792397629,0.0851117871551209,0.0842583134165664,0.265001767593485,0.2715407901382364382382701662,0.1870466140997080382382701662,0.0844941760385284,3.8895345871236863235128067469,54.045457334706330803368297033,54.045454192986420546176596581,1327731000
16.78,4,0.0846934833947164004076591771,0.103837897078022,0.102987474481914,0.0851076141198079,0.0842551148783949,0.264942969445476,0.2714816247475649432777392365,0.1870020430281919432777392365,0.084479581719373,3.8886871050594784021467073357,54.04003914387683024137863196,54.040035999293024733930766372,1328523000
16.79,4,0.0846893461060434694076591771,0.1038296280435,0.10298017590473,0.0851034566007903,0.0842519301864725,0.264884249357211,0.2714225385754766582926031719,0.1869575205218735582926031719,0.0844650180536031,3.8878407577181703473609763189,54.034639018827317089123728314,54.034635871383118079751473116,1329315000
16.80,4,0.0846852035381912094076591771,0.103821360101577,0.102972876757973,0.0850992937767795,0.0842487385233261,0.264825621060277,0.2713635439313874737041912372,0.1869130589588912737041912372,0.0844504849724962,3.886995721419154593394327055,54.029246186836697861941237064,54.029243036533743796205006634,1330106000
16.81,4,0.0846810645853421244076591771,0.103813099216908,0.102965583010092,0.0850951345854484,0.0842455488304334,0.264767041726126,0.2713045985074181106096755851,0.1868686161000877106096755851,0.0844359824073304,3.8861513901467139252123341443,54.023844761112628413424102588,54.023841607949171277523480704,1330898000
16.82,4,0.0846769402092621904076591771,0.103804860351904,0.102958309627286,0.0850909900421632,0.0842423721269548,0.264708567415235,0.2712457592714726085135418803,0.1868242489820888085135418803,0.0844215102893838,3.8853085799059662362192927089,54.018463018692126696539333955,54.01845986267235565696994862,1331690000
16.83,4,0.0846728104083767084076591771,0.103796621504528,0.102951034611289,0.0850868400475466,0.0842391883172958,0.264650171619894,0.2711869982458916907569313077,0.1867799296959577907569313077,0.0844070685499339,3.884466889946471419819497868,54.013070653941245629718157459,54.013067495063422031216294654,1332482000
16.84,4,0.0846686951811147264076591771,0.103788401744402,0.102943777035488,0.0850827046978149,0.0842360175014454,0.264591838957095,0.2711283014156320470797035139,0.1867356442953730470797035139,0.084392657120259,3.8836261195175122074387561424,54.00769816844568661553051599,54.007695006713560935923532511,1333273000
16.85,4,0.0846645743861905474076591771,0.103780181142558,0.102936516974667,0.0850785637531966,0.0842328394433935,0.264533574578069,0.2710696725294630617809090480,0.1866913965978254617809090480,0.0843782759316376,3.8827863223162681136254330136,54.002328157352832185511036302,54.002324992767016729795310093,1334065000
16.86,4,0.0846604773382995414076591771,0.103771990076233,0.102929284809805,0.0850744466717286,0.0842296836049281,0.264475390599025,0.2710111257933488924592007122,0.1866472008780021924592007122,0.0843639249153467,3.8819477018281844106397532411,53.996952916866834414223859142,53.996949749426662322145473733,1334857000
16.87,4,0.0846563758226857644076591771,0.103763800865212,0.102922052864418,0.0850703251006919,0.0842265216370702,0.264417297627062,0.2709526698579372459185822302,0.1866030658552715459185822302,0.0843496040026657,3.8811103819646640454257800255,53.991591336862504841578939092,53.991588166570953778573248377,1335649000
16.88,4,0.0846522788744487394076591771,0.103755622302266,0.102914829934997,0.0850662081193652,0.0842233626228284,0.264359291247594,0.2708943009330078033567526384,0.1865589878081370033567526384,0.0843353131248708,3.8802743084348279113878084856,53.986249589166448072886883205,53.986246416027736468130121775,1336440000
16.89,4,0.0846481864920361144076591771,0.103747452289046,0.102907613926904,0.0850620957261887,0.0842202065643616,0.264301341474955,0.2708359889598232723982919456,0.1865149367465818723982919456,0.0843210522132414,3.8794390506789461455774588261,53.980885394586045147236369903,53.980882218595987475367112851,1337232000
16.90,4,0.0846441076738992414076591771,0.103739302196365,0.10290041621465,0.085057996963614,0.0842170625078302,0.264243481290222,0.2707777676325664538590642332,0.1864709464335106538590642332,0.0843068211990558,3.8786050913306493977517010838,53.975546790074750242305210238,53.975543611238609065142269189,1338024000
16.91,4,0.0846400334184931294076591771,0.103731160851962,0.102893225629664,0.0850539027860808,0.0842139214113715,0.264185680595792,0.2707196061478708210508295157,0.1864269861342802210508295157,0.0842926200135906,3.877771989164231264127737221,53.970208477107984611008326301,53.970205295426009757601120548,1338815000
16.92,4,0.0846359536876209164076591771,0.103723020206655,0.102886034126442,0.0850498031063077,0.0842107731913918,0.264127968889827,0.2706615333708153611493141241,0.1863830847826907611493141241,0.0842784485881246,3.8769401576414898000883509585,53.964860918844257606393138639,53.96485773431524366975436861,1339607000
16.93,4,0.0846318885164004934076591771,0.1037148988745,0.102878860322708,0.0850457180573796,0.0842076379846528,0.26407032374589,0.2706035282282999023546497271,0.1863392213743639023546497271,0.084264306853936,3.8761092949124988990378374139,53.959536009388583755314566182,53.959532822017059417004499908,1340399000
16.94,4,0.0846278279032978424076591771,0.103706789330304,0.102871696696928,0.0850416375888574,0.0842045057443821,0.264012781627403,0.2705456265702474578093742340,0.1862954318279450578093742340,0.0842501947423024,3.8752799144895817247977008318,53.954226174710772428851444047,53.954222984500287083637947691,1341191000
16.95,4,0.0846237718467825834076591771,0.10369868698834,0.102864538667019,0.0850375616992032,0.0842013764726978,0.263955276977186,0.2704877626795430466011699770,0.1862516504950406466011699770,0.0842361121845024,3.8744510750444077651464226507,53.94889035760832629828600532,53.948887164553959782889709503,1341983000
16.96,4,0.0846197193086723914076591771,0.103690595593415,0.102857389981429,0.0850334893451582,0.0841982491299871,0.263897878303979,0.2704300051595204189490146176,0.1862079460477075189490146176,0.0842220591118129,3.8736237592473659134882979896,53.943586364960834269615293431,53.94358316906941474495634807,1342774000
16.97,4,0.0846156812874441184076591771,0.103682523100763,0.102850258599016,0.0850294315789791,0.0841951347721423,0.263840540932058,0.2703723099984652732741327920,0.1861642745429518732741327920,0.0842080354555134,3.8727973366770684956233196924,53.938279938156810408669382512,53.938276739428138899454357746,1343566000
16.98,4,0.0846116378182337764076591771,0.103674449718118,0.102843124731131,0.0850253683381787,0.0841920133403011,0.263783269426116,0.2703146803695653469782989987,0.1861206392226847469782989987,0.0841940411468806,3.8719718527861038373514805968,53.93296136536388063187288876,53.932958163796067957836848678,1344358000
16.99,4,0.0846075998995253954076591771,0.103666387847585,0.102836000783485,0.0850213106750209,0.0841888958903426,0.263726082703584,0.2702571360095489055055950548,0.1860770598923555055055950548,0.0841800761171934,3.8711475902822688320770758242,53.927662734542460649831919303,53.927659530139845418154035669,1345149000
17.00,4,0.0846035744931510424076591771,0.103658343913331,0.102828893183841,0.0850172655853794,0.0841857894217454,0.263668972344109,0.2701996689669506435774316356,0.1860335286692214435774316356,0.0841661402977292,3.8703244352692333999742845348,53.922365506729072441033011567,53.922362299492508052582665658,1345941000
17.01,4,0.0845995545976018984076591771,0.103650310470085,0.102821794490515,0.0850132260335096,0.0841826869023594,0.263611932736651,0.2701422731252951056059407011,0.1859900395055289056059407011,0.0841522336197662,3.8695023001349308400732155287,53.917078302675406044082542268,53.917075092607261506413533979,1346733000
17.02,4,0.0845955282480282754076591771,0.103642276638264,0.102814693827499,0.0850091799960568,0.0841795763124143,0.263554980657518,0.2700849644613519760120646930,0.1859466084467694760120646930,0.0841383560145825,3.8686814137297314781738616498,53.911799238950572622832769958,53.911796026053067963482557889,1347525000
17.03,4,0.0845915164062729104076591771,0.103634262651822,0.102807611432313,0.085005148537362,0.0841764787198255,0.263498103495783,0.2700277318066095745076502153,0.1859032243931526745076502153,0.0841245074134569,3.8678616160764787752848202947,53.906513522289049473605255805,53.906510306561439424161831901,1348316000
17.04,4,0.0845875190708376234076591771,0.10362626761183,0.102800546409582,0.0850011316559197,0.0841733941266519,0.263441288417493,0.2699705622959228946652100668,0.1858598745482572946652100668,0.0841106877476656,3.8670427228955855163716660647,53.901247544817174263451904475,53.901244326263725038611769059,1349108000
17.05,4,0.0845835162768833374076591771,0.10361827170901,0.102793478953575,0.0849971092892676,0.0841703024739852,0.263384539743714,0.2699134588582510212720937729,0.1858165619097631212720937729,0.0840968969484879,3.8662247761412735680688100413,53.895977825227087184966872808,53.895974603847556517687865834,1349900000
17.06,4,0.0845795179862633694076591771,0.103610287216711,0.102786421341176,0.0849930914479699,0.0841672137759343,0.263327889483942,0.2698564542815105598271158132,0.1857733193343091598271158132,0.0840831349472014,3.865408245465880877320315424,53.890709716785638127868720065,53.890706492581312838550787751,1350691000
17.07,4,0.0845755331608345474076591771,0.103602320193042,0.102779379634021,0.084989087137705,0.0841641370417115,0.26327129517124,0.2697995066250500100776964610,0.1857301049499650100776964610,0.084069401675085,3.8645925301137962839907092553,53.885453629170560587459951241,53.885450402144064151065541076,1351483000
17.08,4,0.0845715428724238564076591771,0.103594353543896,0.102772336741517,0.0849850773377455,0.0841610532541139,0.263214785021535,0.2697426428438837265030668915,0.1856869457804684265030668915,0.0840556970634153,3.8637780161871945730455661326,53.880209063925280494711227961,53.880205834079626635252220809,1352275000
17.09,4,0.0845675670828950924076591771,0.103586406996955,0.102765312394853,0.084981082107564,0.0841579824761286,0.263158353589274,0.2696858588821019899512985674,0.1856438378386307899512985674,0.0840420210434712,3.8629646455894376378891811793,53.874956588546599422566673421,53.874953355881033995980135852,1353067000
17.10,4,0.0845635957907711174076591771,0.103578468774107,0.102758294819413,0.0849770913967785,0.0841549146608781,0.263101976517476,0.2696291296206995012803620085,0.1856007560741693012803620085,0.0840283735465302,3.8621520585172759127602677544,53.869713761043349411137910503,53.869710525560135470040311925,1353858000
17.11,4,0.0845596281300682804076591771,0.103570540462047,0.102751285605377,0.0849731043351709,0.084151848941639,0.263045688971776,0.2695724902505773823952213524,0.1855577357467063823952213524,0.084014754503871,3.8613407590432536417899822181,53.864478229593229972314391244,53.864474991294686453711939546,1354650000
17.12,4,0.0845556658281774314076591771,0.103562622711855,0.102744285407303,0.0849691226585786,0.0841487870577337,0.26298947537858,0.2695159252817364199609645272,0.1855147614349659199609645272,0.0840011638467705,3.8605305252894808268213402108,53.859239275312147092049395714,53.85923603419840253497710793,1355442000
17.13,4,0.0845517070192809014076591771,0.10355471297802,0.102737291683147,0.0849651444920606,0.0841457271376963,0.262933326213524,0.2694594250356889604600785018,0.1854718235291807604600785018,0.0839876015065082,3.8597212186218186584457300157,53.854016369990210974460521475,53.854013126064909106510169255,1356234000
17.14,4,0.0845477517019153184076591771,0.103546812557297,0.10273030573312,0.0849611698341462,0.0841426691835216,0.26287726004189,0.2694030081231911239439365984,0.1854289407088304239439365984,0.0839740674143607,3.8589131056197397596502376293,53.848789075847848996737347104,53.84878582911110920221771274,1357025000
17.15,4,0.0845438018379652104076591771,0.103538922110646,0.102723328221628,0.0849572006563132,0.0841396151701433,0.262821258053307,0.2693466558260400925337227623,0.1853860943244329925337227623,0.0839605615016071,3.858105918164720726652065015,53.843571838593707314528109905,53.843568589048091409867671406,1357817000
17.16,4,0.0845398654626296014076591771,0.103531049673692,0.102716367187736,0.0849532450330507,0.0841365731754963,0.262765319409814,0.2692903678690936057828975048,0.1853432841695683057828975048,0.0839470836995253,3.857299652315649614833995892,53.838360695565471203309194567,53.838357443212838736230003883,1358609000
17.17,4,0.0845359337089969294076591771,0.10352318805378,0.102709415442217,0.0849492940540902,0.0841335342927486,0.262709468985334,0.2692341685641869616885377022,0.1853005346247941616885377022,0.0839336339393928,3.8564946563139171556218367826,53.833148536535564279885404147,53.833145281376731355070557154,1359401000
17.18,4,0.0845319963063772264076591771,0.103515326489397,0.102702462226975,0.0849453373985205,0.0841304882044158,0.262653700839127,0.2691780512346047245061483077,0.1852578390821175245061483077,0.0839202121524872,3.8556908345226372691897668451,53.827951334613914151228131294,53.827948076652739724807249126,1360192000
17.19,4,0.0845280723513675574076591771,0.103507481293439,0.102695523858315,0.0849413942563164,0.08412745410389,0.262597973156692,0.2691219753058721627351841377,0.1852151570357843627351841377,0.0839068182700878,3.8548876057552438221721971601,53.822753794253469492664981035,53.822750533490299734293160491,1360984000
17.20,4,0.0845241528791805174076591771,0.10349964743547,0.102688595309202,0.0849374556188548,0.0841244229859557,0.262542343143118,0.2690659974930612373489392612,0.1851725452695896373489392612,0.0838934522234716,3.8540857823953305995347023301,53.817551969931677183286611777,53.817548706366927484694405303,1361776000
17.21,4,0.0845202388517209614076591771,0.103491823097123,0.102681674764657,0.0849335224527442,0.0841213958206196,0.262486770937379,0.2690100779056384398917369905,0.1851299639617218398917369905,0.0838801139439166,3.853284793053093629890182033,53.812370392345802591415669007,53.812367125984080875186984309,1362567000
17.22,4,0.0845163274379669344076591771,0.103484007042192,0.102674760991855,0.0849295919131194,0.0841183697664054,0.262431279643499,0.2689542395053504200715710796,0.1850874361426488200715710796,0.0838668033627016,3.8524849666313211038300245523,53.80719202534310498696795352,53.807188756186036416413355597,1363359000
17.23,4,0.0845124213688122944076591771,0.103476201572309,0.1026678562958,0.0849256667442279,0.0841153475709396,0.262375862835728,0.2688984760428889696663606960,0.1850449556317848696663606960,0.0838535204111041,3.8516862136152730499671295656,53.802006414788760589471087329,53.802003142835933225869041661,1364151000
17.24,4,0.0845085277400867004076591771,0.103468413518465,0.102660967510844,0.0849217540765961,0.0841123363681185,0.26232051598125,0.2688427834732193444118846908,0.1850025184528171444118846908,0.0838402650204022,3.8508884760640982264971876349,53.796842880537566862392281269,53.796839605794135932834278123,1364943000
17.25,4,0.0845046296836562604076591771,0.103460626614363,0.102654078374042,0.084917836959609,0.0841093192106877,0.26226524945797,0.2687871710145215395972392164,0.1849601338926480395972392164,0.0838270371218735,3.8500918860185179859900756408,53.791668304155121832754011371,53.7916650266201246700051142,1365734000
17.26,4,0.0845007449680139894076591771,0.1034528578765,0.102647205905234,0.0849139332486434,0.0841063139573749,0.262210050645589,0.2687316272644832778746348973,0.1849177906176866778746348973,0.0838138366467966,3.8492962801524117359146229033,53.786512770527178377670589774,53.786509490205140667459361942,1366526000
17.27,4,0.0844968546885322624076591771,0.103445086906252,0.102640329709131,0.0849100239466324,0.0841033016144552,0.262154900164072,0.2686761314675751035459608398,0.1848754679411253035459608398,0.0838006635264498,3.8485013611647402880062880636,53.781352868928720077524887033,53.781349585819538737690220516,1367318000
17.28,4,0.0844929888437947704076591771,0.103437346477321,0.102633482562756,0.0849061391988457,0.0841003123305307,0.262099834548804,0.2686207223565919544766182487,0.1848332046644820544766182487,0.0837875176921099,3.8477076838619396708779708003,53.776193358929946068711772931,53.776190073034977999832327346,1368110000
17.29,4,0.0844891076017182874076591771,0.103429596250856,0.102626624130577,0.0849022389784307,0.084097306082072,0.262044850735568,0.2685653940611172779804918815,0.1847909949860616779804918815,0.0837743990750556,3.846915164156473048351175357,53.771051041413996897723322991,53.771047752737688246156355815,1368901000
17.30,4,0.0844852396587351584076591771,0.10342186392688,0.102619782115921,0.0848983521221385,0.0840943117091442,0.261989931461151,0.2685101312924764729294943552,0.1847488236859106729294943552,0.0837613076065658,3.8461235830541973138301968515,53.765897170348149268472599956,53.765893878889213539797934524,1369693000
17.31,4,0.0844813761462672744076591771,0.103414141041756,0.102612948058447,0.0848944697180256,0.0840913203031087,0.261935083447587,0.2684549401661667702459098936,0.1847066969482495702459098936,0.0837482432179172,3.8453330281531883874892144451,53.760767441784204736822356588,53.76076414754841067583286424,1370485000
17.32,4,0.0844775261951249054076591771,0.103406436609769,0.10260613097573,0.0848906009415499,0.0840883410427189,0.261880304069393,0.2683998186921322518580135588,0.1846646128517442518580135588,0.083735205840388,3.8445434709479941627325232589,53.755639559003801312288355526,53.755636261992625618738674558,1371276000
17.33,4,0.0844736715759835854076591771,0.103398731993816,0.102599312233944,0.0848867274742498,0.0840853556127999,0.261825589409238,0.2683447616627576734005119228,0.1846225662575013734005119228,0.0837221954052563,3.8437548368450229653601161334,53.750505864725900381836902967,53.750502564939300734650892954,1372068000
17.34,4,0.0844698194784099754076591771,0.103391036562447,0.102592501204908,0.0848828565408473,0.0840823712413509,0.261770969872759,0.2682898000633558466337222557,0.1845805882195548466337222557,0.083709211843801,3.8429675696761781211719859091,53.745387568014654379185076512,53.745384265457002450359417505,1372860000
17.35,4,0.0844659826736982514076591771,0.103383359207431,0.102585706783652,0.0848790009750851,0.084079400765383,0.26171638863871,0.2682348778315816853757452358,0.1845386227442828853757452358,0.0836962550872988,3.8421808664075380911767299855,53.740272092738887125172325599,53.740268787411544428742538454,1373652000
17.36,4,0.0844621393291741454076591771,0.103375681170815,0.102578910215474,0.0848751388375324,0.0840764222487248,0.261661891970269,0.2681800398096571620122398383,0.1844967147426285620122398383,0.0836833250670286,3.8413953693566006068001548838,53.735148704199858469731903423,53.735145396102600184043615933,1374444000
17.37,4,0.0844583105015904004076591771,0.103368022949439,0.102572132000458,0.0848712912879044,0.0840734568543416,0.261607469648754,0.2681252772338039175272927981,0.1844548555195355175272927981,0.0836704217142684,3.8406109529915096149863238041,53.730048819214081435100552124,53.73004550835271798122242016,1375235000
17.38,4,0.0844544849998207044076591771,0.103360372257443,0.102565359855974,0.0848674470803529,0.0840704933396264,0.261553107193753,0.2680705748020926487717025081,0.1844130298417968487717025081,0.0836575449602958,3.8398273981282709823696478281,53.724937791065686260498263985,53.724934477439174713097495817,1376027000
17.39,4,0.0844506640119239094076591771,0.103352731203554,0.102558595893977,0.0848636074087461,0.08406753290168,0.261498817646475,0.2680159456712855788369822852,0.1843712509348967788369822852,0.0836446947363888,3.8390448932236350615200038345,53.719841902106825785950916804,53.719838585719407265186342856,1376819000
17.40,4,0.0844468473107314294076591771,0.103345098698527,0.102551839028435,0.0848597720448045,0.084064575315446,0.261444588702266,0.2679613774909451167838217797,0.1843295065171195167838217797,0.0836318709738256,3.8382632613705936923019188659,53.714749050357111308420681248,53.714745731210458872892885935,1377610000
17.41,4,0.0844430440261681344076591771,0.103337485921157,0.10254510044135,0.0848559501630961,0.0840616297587072,0.261390448702296,0.2679068993132213995863879083,0.1842878257093368995863879083,0.0836190736038845,3.8374829187105732808250378806,53.709656029556701941939201305,53.709652707652367711066879025,1378402000
17.42,4,0.0844392352509022514076591771,0.103329871973562,0.102538359238041,0.084852122763837,0.0840586772348851,0.261336371165793,0.2678524832643068280013900755,0.1842461807064641280013900755,0.0836063025578427,3.8367034659806736401840038814,53.704576771677405473544281983,53.704573447019213135187659559,1379194000
17.43,4,0.0844354307953366464076591771,0.103322266877486,0.102531625443436,0.0848482997054005,0.0840557276055498,0.261282358084548,0.2677981320304472310246477412,0.1842045742634680310246477412,0.0835935577669792,3.8359249416585511764884618274,53.699491990656087442031144041,53.699488663244268506966533504,1379986000
17.44,4,0.0844316388460353024076591771,0.103314679554513,0.102524907982302,0.0848444892143808,0.0840527891004836,0.261228419109877,0.2677438558620055838503494323,0.1841630166994348838503494323,0.0835808391625707,3.835147492569840729602938759,53.694418700923262272942558981,53.69441537076146580357301032,1380777000
17.45,4,0.0844278421406979604076591771,0.103307092670111,0.102518189523279,0.0848406739440692,0.0840498443761569,0.261174555021484,0.2676896543278153533416500564,0.1841215076519186533416500564,0.0835681466758967,3.8343711125385272197016138364,53.689358408202542899182357211,53.689355075294669690502644629,1381569000
17.46,4,0.0844240600119164264076591771,0.103299524997925,0.102511488843173,0.0848368733215893,0.0840469128628638,0.261120755795529,0.2676355187382540373125824785,0.1840800385000194373125824785,0.0835554802382346,3.8335956770949504049801776225,53.684283419508449226134686837,53.684280083853010409397567327,1382361000
17.47,4,0.0844202811246851744076591771,0.103291963761698,0.102504793168883,0.0848330759565101,0.084043983173335,0.26106700201134,0.2675814288289542492730611392,0.1840385890480921492730611392,0.0835428397808621,3.8328208959734237196773434741,53.679227105999061092995788736,53.679223767600744059951439251,1383152000
17.48,4,0.0844165057376926034076591771,0.103284413267246,0.102498106809368,0.0848292821087849,0.0840410555706768,0.261013351518134,0.2675274426087912734715846512,0.1839972173737335734715846512,0.0835302252350577,3.8320476000898955431328723156,53.674182568968069681545008534,53.674179227831035327967278263,1383944000
17.49,4,0.0844127356265035784076591771,0.103276871162715,0.102491427415913,0.0848254935626607,0.0840381318422806,0.260959745104401,0.2674735008466537729355882943,0.1839558643145547729355882943,0.083517636532099,3.8312749410211911743768729445,53.669120820761573637478519561,53.669117476883638335430399752,1384736000
17.50,4,0.0844089680492161774076591771,0.103269337298704,0.102484754842244,0.0848217075628282,0.0840352092359729,0.260906220132351,0.2674196408035350187662725967,0.1839145672002708187662725967,0.0835050736032642,3.8305034524917235068136404817,53.664084486881639635147639061,53.664081140269335226319837559,1385528000
17.51,4,0.0844052047086858184076591771,0.103261811749362,0.102478089165629,0.0848179258204695,0.0840322894660629,0.260852753131342,0.2673658390713575185562179991,0.1838733026915261185562179991,0.0834925363798314,3.8297327992054814338474700498,53.659028946531683057195804317,53.659025597182619161525958865,1386319000
17.52,4,0.0844014558624222904076591771,0.103254306563722,0.102471442438212,0.0848141586432511,0.0840293828433356,0.260799368643919,0.2673121209735970890218787332,0.1838320961805182890218787332,0.0834800247930788,3.8289633438945473080482385264,53.654007171839660722125700833,53.654003819762079669972244585,1387111000
17.53,4,0.0843977014162462084076591771,0.10324679956232,0.102464792483633,0.084810385838738,0.0840264691784659,0.260746038959163,0.2672584573198901011206591802,0.1837909185456065011206591802,0.0834675387742836,3.8281946684377664284460547145,53.648977201068534805450274434,53.648973846262212272219032248,1387903000
17.54,4,0.0843939502032619874076591771,0.103239300896007,0.102458149455835,0.0848066162832262,0.0840235573508516,0.260692781993863,0.2672048666916875362912737932,0.1837497884369626362912737932,0.0834550782547249,3.8274270389948032560495160148,53.643944245778807988128599728,53.643940888244698006997001455,1388695000
17.55,4,0.0843902134801007684076591771,0.103231821116345,0.102451523909467,0.0848028612883892,0.0840206586752588,0.260639586482703,0.2671513385873673893774735468,0.1837086954216872893774735468,0.0834426431656801,3.8266603051410265758241970241,53.638927081278483863527916148,53.638923721021164247186733907,1389486000
17.56,4,0.0843864800244241034076591771,0.103224350544362,0.102444906168633,0.0847991095770139,0.0840177618775592,0.260586475675183,0.2670978955248399851397067084,0.1836676620864133851397067084,0.0834302334384266,3.8258947894217518487786951473,53.633904444205119323011736791,53.633901081225372356479067182,1390278000
17.57,4,0.0843827500556242804076591771,0.103216887744473,0.102438294800817,0.0847953613695654,0.0840148671812939,0.260533425880768,0.2670445137713527211785667254,0.1836266647671089211785667254,0.0834178490042438,3.8251301518903138063388169026,53.628901444101589264998627871,53.628898078404668374199109709,1391070000
17.58,4,0.0843790244436207694076591771,0.103209433295707,0.102431690388108,0.084791617540217,0.0840119754637036,0.260480432847965,0.2669911891263721567975204894,0.1835856993319634567975204894,0.0834054897944087,3.8243663323785279362830437311,53.623885019156006987557259051,53.623881650740807458377991985,1391862000
17.59,4,0.0843753030589228904076591771,0.103201988582232,0.102425094317725,0.0847878779588447,0.084009086597724,0.260427518236479,0.2669379432936100507904770149,0.1835447875534100507904770149,0.0833931557402,3.8236036417691700235769502321,53.618889054080203408625606969,53.618885682952509893806339152,1392653000
17.60,4,0.0843715861567072924076591771,0.103194552076439,0.102418505065105,0.0847841428818729,0.0840062008428302,0.260374656524285,0.2668847507068624390387785007,0.1835039039339679390387785007,0.0833808467728945,3.8228417138533414756893657276,53.613896619408517640913966599,53.613893245570497811428512478,1393445000
17.61,4,0.0843678715161176694076591771,0.103187122494486,0.102411921349437,0.084780410077586,0.084003315970349,0.26032186134431,0.2668316248765033135259770204,0.1834630620527316135259770204,0.0833685628237717,3.8220807421528880775858648188,53.608889385946864335389511585,53.608886009397263154970549218,1394237000
17.62,4,0.0843641623184412154076591771,0.103179704023238,0.102405347360618,0.0847766827428267,0.0840004351801578,0.260269146742716,0.2667785801067509609707666620,0.1834222762826419609707666620,0.083356303824109,3.8213209315606532902750449038,53.603907496737893954204690168,53.603904117483501963421136602,1395028000
17.63,4,0.0843604664710008624076591771,0.103172303386095,0.102398789825063,0.0847729688235829,0.0839975664212703,0.260216494957969,0.2667255991485492052135683524,0.1833815294433652052135683524,0.083344069705184,3.8205620350021264663267828644,53.598933991117131060204098828,53.598930609161314209064706806,1395820000
17.64,4,0.0843567738817043344076591771,0.103164910659887,0.102392238822613,0.0847692581784146,0.0839946995552642,0.260163909465415,0.2666726847767813081366249569,0.1833408243785059081366249569,0.0833318603982754,3.8198040922245659047711875023,53.593951688094352268471335808,53.59394830343709292174921318,1396612000
17.65,4,0.0843530757309749744076591771,0.103157516464145,0.102385684975803,0.0847655419446193,0.0839918257224467,0.260111383169939,0.2666198292594785505428486386,0.1833001534248179505428486386,0.0833196758346606,3.8190469924756870666168562159,53.588980588365375427963729436,53.588977201010505253190829396,1397404000
17.66,4,0.0843493919632369204076591771,0.103150142036164,0.10237914952492,0.0847618401641446,0.0839889649677668,0.260058932465695,0.2665670504325056579090472146,0.1832595344868870579090472146,0.0833075159456186,3.8182909912354251424551772869,53.584001836703043895030826869,53.58399844665091187541337258,1398195000
17.67,4,0.0843457113768738444076591771,0.103142775494408,0.102372620591414,0.0847581415806012,0.083986106037828,0.26000654880556,0.2665143389409553520925855581,0.1832189582785293520925855581,0.083295380662426,3.8175359545046432144388184755,53.579048123516241026868135492,53.579044730773645127023522755,1398987000
17.68,4,0.0843420342614163394076591771,0.103135415628508,0.102366096967896,0.0847544464849352,0.0839832492265618,0.259954210709355,0.2664616732727497498963091143,0.1831784033563879498963091143,0.0832832699163618,3.8167815741454825280581205023,53.574076144084024375991052306,53.574072748648851208590423236,1399779000
17.69,4,0.0843383614884207164076591771,0.103128065940581,0.10235958215945,0.0847507557529646,0.0839803954127632,0.259901955704116,0.2664090911080125476967259124,0.1831379074693092476967259124,0.0832711836387033,3.8160283898860029218184260483,53.569126091159238011328999416,53.569122693037918355060512023,1400570000
17.70,4,0.0843346930199461014076591771,0.103120725542688,0.1023530752811,0.0847470693465632,0.0839775445612746,0.259849771638069,0.2663565802628388413969661946,0.1830974585021094413969661946,0.0832591217607294,3.815276227204589803188564432,53.564180678174984324059290453,53.564177277370276630469200429,1401362000
17.71,4,0.0843310288015849924076591771,0.103113392908448,0.102346574809418,0.0847433872110573,0.0839746966203831,0.259797637466536,0.2663041196375450682390564680,0.1830570354238274682390564680,0.0832470842137176,3.8145247838705595247384125367,53.559226085364247401780501415,53.559222681876036299860861588,1402154000
17.72,4,0.0843273670117621814076591771,0.103106067490829,0.102340080200318,0.0847397075159646,0.0839718497625593,0.259745571607416,0.2662517275672121777794435573,0.1830166566382662777794435573,0.0832350709289459,3.813774322514602979872265481,53.554289168129243026285142758,53.554285761962918531512983147,1402946000
17.73,4,0.0843237195226214984076591771,0.103098762142061,0.102333604308968,0.084736042191481,0.0839690159209438,0.259693586829601,0.2661994176863585505750567076,0.1829763358486660505750567076,0.0832230818376925,3.8130250384368104943901161055,53.549350486107895392746597924,53.549347077265226415968940518,1403737000
17.74,4,0.0843200654062003404076591771,0.10309145323727,0.102327123513423,0.084732370207311,0.0839661740681778,0.259641646763066,0.2661471520657709082841547481,0.1829360351945353082841547481,0.0832111168712356,3.8122763883412209616962595322,53.54441832497771644264172062,53.544414913461611750945607813,1404529000
17.75,4,0.0843164254620515814076591771,0.10308416403887,0.102320661079019,0.0847287124647125,0.083963345108448,0.259589784443849,0.2660949652839209271751104342,0.1828957893230683271751104342,0.0831991759608526,3.8115288675279687075906886005,53.539499018320237411044527334,53.539495604135353284769412018,1405321000
17.76,4,0.0843127899407796304076591771,0.10307688390076,0.102314206362567,0.0847250591666176,0.0839605192476074,0.259537988072091,0.2660428448272624975137148214,0.1828555857894408975137148214,0.0831872590378216,3.8107822967537196522475824698,53.534573466637679777636685991,53.53457004978482209356343116,1406113000
17.77,4,0.0843091467517673904076591771,0.103069600408912,0.102307746952946,0.084721398163289,0.0839576843388316,0.259486254292365,0.2659907864827859122097162992,0.1828154204493643122097162992,0.0831753660334216,3.8100366156715240679271659021,53.529657787420435671087695291,53.529654367903382975601110549,1406904000
17.78,4,0.0843055188937525824076591771,0.103062337229287,0.102301306519017,0.0847177525659227,0.0839548634962219,0.259434590230911,0.2659387990104284562006633762,0.1827753021314992562006633762,0.0831634968789292,3.809291949758282901573502099,53.524738995492601604652756158,53.524735573312895317713211254,1407696000
17.79,4,0.0843018933288202334076591771,0.103055079902908,0.102294870604691,0.0847141092728515,0.0839520436210081,0.259382976934605,0.2658868624948294446295576485,0.1827352109892062446295576485,0.0831516515056232,3.8085480137474580465908861781,53.519834683113944884696594504,53.519831258276289044698336469,1408488000
17.80,4,0.0842982729672125264076591771,0.103047832721552,0.102288443504628,0.0847104712085479,0.0839492276405523,0.259331433854498,0.2658349966392386825579776895,0.1826951667944574825579776895,0.0831398298447812,3.807805089867314234405124663,53.514940960101832670592560241,53.514937532610432429146226251,1409279000
17.81,4,0.0842946659848190734076591771,0.103040603623316,0.102282033159799,0.0847068465888798,0.0839464237736037,0.259279956731156,0.2657831977485307607097713722,0.1826551659208487607097713722,0.083128031827682,3.8070631251890779527946989911,53.510029278631029999195521873,53.51002584848443186535424816,1410071000
17.82,4,0.0842910523650576554076591771,0.103033372248626,0.102275619213497,0.0847032152993885,0.0839436119085777,0.259228542761495,0.2657314616064390235002074212,0.1826152042208361235002074212,0.0831162573856029,3.8063220593191915275596020046,53.505145659547705115241337294,53.505142226753521089639140017,1410863000
17.83,4,0.0842874429967134834076591771,0.103026149508934,0.102269212580035,0.0846995882821028,0.0839408029903692,0.259177191125952,0.2656797881567410510871983504,0.1825752817069188510871983504,0.0831045064498222,3.8055818914523172577299425053,53.500244699691658082791535912,53.500241264248522774577066965,1411655000
17.84,4,0.0842838469518523524076591771,0.103018944082938,0.102262821940959,0.0846959746534489,0.0839380061382625,0.259125895246134,0.2656281714426611182749699474,0.1825353924910432182749699474,0.0830927789516179,3.8048425362639486578540859708,53.495359938526129404191102796,53.495356500439303146787870609,1412446000
17.85,4,0.0842802441925762004076591771,0.103011738164006,0.102256429492483,0.084692354277548,0.0839352012192296,0.25907468913481,0.2655766441521858872286800512,0.1824955693299182872286800512,0.0830810748222676,3.8041044619749954325879548842,53.490489424544503661296566218,53.490485983819252426193051854,1413238000
17.86,4,0.0842766557543008394076591771,0.103004549501498,0.102250052986803,0.0846887482926742,0.0839324093743876,0.259023523589894,0.2655251584414150564057719265,0.1824557644483649564057719265,0.0830693939930501,3.8033669832720675021057284035,53.48560752562989208666256099,53.485604082265820051569661432,1414030000
17.87,4,0.0842730704383031444076591771,0.102997368239063,0.102243682570396,0.0846851454453452,0.0839296193530894,0.25897241898406,0.2654737339460474961908261564,0.1824159975508046961908261564,0.0830577363952428,3.8026303814158451922073993718,53.480738948180880684751939828,53.480735502182778323631504058,1414822000
17.88,4,0.0842694905651495204076591771,0.10299019784756,0.102237321716941,0.0846815480674746,0.0839268334900762,0.258921391523364,0.2654223870749744528368360825,0.1823762851148505528368360825,0.0830461019601239,3.8018948914463899906714492269,53.475865785548439505786332633,53.475862336917820867939889571,1415613000
17.89,4,0.0842659129726384154076591771,0.102983033257045,0.102230965359307,0.0846779529813982,0.0839240486105042,0.258870414257696,0.2653710905902688430171298250,0.1823365999712974430171298250,0.0830344906189714,3.8011601232091291965279867722,53.471007028054196820341396565,53.47100357679594685845666839,1416405000
17.90,4,0.0842623286595411884076591771,0.102975867661063,0.102224606693847,0.0846743511418736,0.0839212556719432,0.258819519518916,0.2653198762704346351313286350,0.1822969739673710351313286350,0.0830229023030636,3.8004265318976025679727025674,53.466140836878935277137601984,53.466137382994049638009314766,1417197000
17.91,4,0.0842587686246319494076591771,0.102968729422372,0.102218274086115,0.0846707736992516,0.0839184858275491,0.258768666354565,0.2652687052414506383410415091,0.1822573682977727383410415091,0.0830113369436779,3.7996935606824825660141940109,53.461293013735823278680367355,53.46128955722993810997178438,1417989000
17.92,4,0.0842552028666875694076591771,0.102961590694419,0.102211939692349,0.0846671905056101,0.0839157089321972,0.258717888728363,0.2652176094420216005596460583,0.1822178149699292005596460583,0.0829997944720924,3.7989616670520361375965243049,53.456451304956099860135450967,53.456447845832949679619534759,1418780000
17.93,4,0.0842516404211431914076591771,0.102954459197783,0.102205611235912,0.0846636106405654,0.0839129340682937,0.258667166887913,0.2651665697066201072806834377,0.1821782948870341072806834377,0.082988274819586,3.7982305764802655282100341706,53.451602507097197530206817993,53.451599045357480122294148202,1419572000
17.94,4,0.0842480912134700484076591771,0.10294734682621,0.102199300613326,0.084660044078122,0.0839101712126254,0.258616527938302,0.2651156139041671597656656006,0.1821388359867317597656656006,0.0829767779174354,3.7975006881601111439643685678,53.446770017418235709672086789,53.446766553067888560356732101,1420364000
17.95,4,0.0842445352791087334076591771,0.102940229538537,0.102192983786194,0.0846564707560986,0.0839074003057861,0.258565915677824,0.2650646842930256822743986216,0.1820993805961055822743986216,0.0829653036969201,3.7967711750035082571197522553,53.441921866921498221883616658,53.441918399959207578170941648,1421156000
17.96,4,0.0842409946168470164076591771,0.102933134032973,0.102186687455487,0.0846529127808516,0.0839046434568998,0.258515395000871,0.2650138474720750183386265334,0.1820599953827581183386265334,0.0829538520893169,3.796042990969161355454666676,53.437100427313348804100178935,53.437096957747197095538193118,1421947000
17.97,4,0.0842374562254753584076591771,0.102926043945194,0.102180395259634,0.0846493570875988,0.0839018876039444,0.258464919177838,0.2649630556842148657315667740,0.1820206326583108657315667740,0.082942423025904,3.7953154519869887379992206311,53.432260982457514435111538951,53.432257510286064379016323643,1422739000
17.98,4,0.0842339120671313964076591771,0.10291895363111,0.102174101557292,0.0846457955991745,0.0838991246725068,0.258414523285186,0.2649123435269428065790515721,0.1819813270889833065790515721,0.0829310164379595,3.7945890536296593516974773178,53.427450452248295587521914544,53.427446977479965250942586259,1423531000
17.99,4,0.0842303812139220944076591771,0.102911879926798,0.102167823187276,0.0846422474809439,0.0838963738306977,0.258364173343109,0.2648616782778411923876221944,0.1819420460210789923876221944,0.0829196322567622,3.7938633271830499279752432584,53.42263795398779667728105049,53.422634476624384333533395782,1424322000
18.00,4,0.0842268545913348794076591771,0.102904815320614,0.102161552640674,0.084638703614022,0.0838936259623701,0.258313892654446,0.2648110826591889068668328998,0.1819028122456001068668328998,0.0829082704135888,3.7931385981198499278411158541,53.417822422509820557687011954,53.417818942553305083719651197,1425114000
18.01,4,0.0842233312348265314076591771,0.102897757803747,0.102155287911398,0.0846351630291494,0.0838908801009953,0.258263666386583,0.2647605417345667120942575420,0.1818636108948491120942575420,0.0828969308397176,3.7924146524916227038649719834,53.413014824252212677490103673,53.413011341706602475968466573,1425906000
18.02,4,0.0842198211432009524076591771,0.102890718507856,0.102149040133825,0.0846316357740216,0.0838881462969923,0.258213509689872,0.2647100713941155467495692748,0.1818244579276875467495692748,0.082885613466428,3.7916917179078330959113386896,53.40820635338256685681122601,53.408202868250161463693600261,1426698000
18.03,4,0.0842162953152646914076591771,0.102883666821509,0.102142778699232,0.0846280927056364,0.083885395410075,0.258163402582265,0.2646596495693071799986993385,0.1817853313443109799986993385,0.0828743182249962,3.7909694782601499157156746116,53.403410029119058365284044033,53.403406541404695355769467766,1427489000
18.04,4,0.0842127917131714064076591771,0.102876642679597,0.102136543545212,0.0846245719717731,0.0838826655907317,0.258113369288323,0.2646093032115961002517080815,0.1817462581648946002517080815,0.0828630450467015,3.7902483195997021918908794293,53.398626054745177803791807115,53.398622564454009522192195141,1428281000
18.05,4,0.0842092833723884994076591771,0.102869617099836,0.102130305692176,0.0846210464760492,0.0838799297452815,0.258063383784439,0.2645590043392560250003993417,0.1817072104764345250003993417,0.0828517938628215,3.7895278411177770614885733447,53.393820753920710212632110019,53.393817261050791011397660676,1429073000
18.06,4,0.0842057882550749174076591771,0.102862610583259,0.102124085643846,0.0846175342684541,0.0838772059264085,0.258013480491666,0.2645087887197583493148264060,0.1816682241151246493148264060,0.0828405646046337,3.7888085551457010658270058772,53.389043681905054731795402107,53.389040186464952084937914421,1429864000
18.07,4,0.0842022963967033344076591771,0.102855610776235,0.10211787104927,0.0846140253357366,0.0838744841235484,0.257963626290491,0.2644586224527082280710650809,0.1816292652492914280710650809,0.0828293572034168,3.7880899760960604771664017883,53.384259689560747964608204167,53.384256191551471318120355991,1430656000
18.08,4,0.0841987987594379554076591771,0.102848608963681,0.102111653196041,0.0846105105958678,0.083871755257353,0.257913826745451,0.2644085104813413922241541250,0.1815903388908929922241541250,0.0828181715904484,3.7873721747755178100551265557,53.379483576011394402796026582,53.379480075437093555480187832,1431448000
18.09,4,0.0841953133787567064076591771,0.102841623423177,0.102105450364404,0.0846070081725149,0.0838690374541621,0.25786408342453,0.2643584556449882618023089533,0.1815514479479818618023089533,0.0828070076970064,3.7866551918544732015448003836,53.374702824546436091037440134,53.374699321408754053231465558,1432240000
18.10,4,0.0841918322534845744076591771,0.102834647314968,0.102099255717263,0.084603510025379,0.083866322676343,0.257814413776869,0.2643084748733521867204074405,0.1815126094189829867204074405,0.0827958654543692,3.7859392698330591126440206715,53.369939846585867796812199016,53.369936340891122856926716267,1433031000
18.11,4,0.0841883453457935684076591771,0.10282766925978,0.102093057877998,0.0846000060675496,0.083863600839644,0.257764799672894,0.2642585492874285046417218410,0.1814738044936137046417218410,0.0827847447938148,3.7852241382894754902968506195,53.36517172598643499452498493,53.365168217736235903346981755,1433823000
18.12,4,0.0841848817752757474076591771,0.102820720186956,0.102086887778596,0.0845965255610066,0.0838609012086967,0.257715263934958,0.2642087038116829796351107986,0.1814350581650615796351107986,0.0827736456466214,3.7845101542403880659290967476,53.3604231622408213964349849,53.360419651442006257162921208,1434615000
18.13,4,0.0841814113357621154076591771,0.102813765958237,0.102080711283437,0.08459303815188,0.0838581934322759,0.257665753503585,0.2641588831347105855491285569,0.1813963151906441855491285569,0.0827625679440664,3.783796525408299327319240495,53.355670052140202891864580224,53.355666538794161544032120283,1435407000
18.14,4,0.0841779441103281474076591771,0.102806820176022,0.102074541997551,0.0845895539725492,0.0838554876453987,0.25761631764834,0.2641091373550952546270358199,0.1813576257376672546270358199,0.082751511617428,3.7830839694025445467275066257,53.350909729483692712306724189,53.350906213591862260596815686,1436198000
18.15,4,0.0841744810978117654076591771,0.102799882440657,0.102068379523908,0.0845860740267361,0.0838527848544177,0.257566936264777,0.2640594463896700153759274910,0.1813189697916850153759274910,0.082740476597985,3.7823721985529591034936560578,53.346163482159294277357262149,53.346159963727160476793766921,1436990000
18.16,4,0.0841710313337090114076591771,0.10279296320274,0.102062234315724,0.0845826073941182,0.0838500941416343,0.257517628640725,0.2640098302084582565959265210,0.1812803673914441565959265210,0.0827294628170141,3.7816614989090678642520998732,53.341422022921432959193182398,53.341418501952949623640332565,1437782000
18.17,4,0.0841675747802073934076591771,0.102786041599168,0.102056085512505,0.0845791339389029,0.0838473953738726,0.257468385078131,0.2639602776818776877119327257,0.1812418074760834877119327257,0.0827184702057942,3.7809517110513467491770172313,53.336693075504636683300692276,53.336689552005158539087487943,1438574000
18.18,4,0.0841641324361525094076591771,0.102779136526468,0.102049952013384,0.0845756747626151,0.0838447096552674,0.257419173307004,0.2639107579368814588473836909,0.1812032592412786588473836909,0.0827074986956028,3.780242392755976489694214652,53.331944759386681287968917019,53.331941233354787931000806429,1439365000
18.19,4,0.0841606834202239114076591771,0.102772231437723,0.102043817274038,0.0845722088818297,0.0838420160049966,0.257370057504928,0.2638613338406462130026580490,0.1811647856229276130026580490,0.0826965482177186,3.7795344445289291411864758584,53.327228428954259614428364579,53.327224900399651910276292655,1440157000
18.20,4,0.0841572475281330024076591771,0.10276534246567,0.102037697429797,0.0845687561890544,0.083839334318164,0.257320983209853,0.2638119521893339866579670928,0.1811263334859148866579670928,0.0826856187034191,3.7788271042813758942451891275,53.322510938098559791811719819,53.322507407023664394735037647,1440949000
18.21,4,0.0841538158420411274076591771,0.102758461509626,0.102031584382558,0.0845653077228445,0.083836655635914,0.257271963043982,0.2637626250095040246365191548,0.1810879149255222246365191548,0.0826747100839818,3.778120544281086183109067824,53.317780426652413830379605739,53.317776893057435878215332901,1441740000
18.22,4,0.0841503873241484644076591771,0.102751587175625,0.102025476740932,0.0845618624403255,0.0838339789179548,0.257222992022728,0.2637133472316535976891558098,0.1810495249409673976891558098,0.0826638222906862,3.777414691912774360347988825,53.313070324731825842391556191,53.313066788623571524641349324,1442532000
18.23,4,0.0841469620466244004076591771,0.102744721765613,0.102019376809433,0.0845584204140197,0.0838313042393839,0.257174102025599,0.2636641508183893152196981348,0.1810111955635803152196981348,0.082652955254809,3.7767100050070863461361312904,53.308349076391686040921490183,53.308345537771214159891288713,1443324000
18.24,4,0.0841435410908474914076591771,0.102737864418046,0.102013283729083,0.0845549827305934,0.0838286326894366,0.257125265153801,0.2636150078789569026294598719,0.1809728989713284026294598719,0.0826421089076285,3.776006084058374412733719984,53.303653600114661369878364116,53.303650058989972538228958256,1444116000
18.25,4,0.0841401222172033784076591771,0.10273101258531,0.102007194954821,0.0845515471394811,0.0838259620201092,0.257076477237724,0.2635659140763697215659155292,0.1809346308959464215659155292,0.0826312831804233,3.7753028669438945070848181044,53.298939478900138188745699668,53.298935935270331665290916012,1444907000
18.26,4,0.0841367075438623694076591771,0.10272416978087,0.102001114002662,0.0845481157692102,0.0838232943624846,0.257027758008402,0.2635168893388621349774767773,0.1808964113343917349774767773,0.0826204780044704,3.7746006391145749014496504126,53.294249668958200218207797388,53.294246122831263127187146876,1445699000
18.27,4,0.0841332970696927364076591771,0.102717334970729,0.10199503984115,0.0845446886186437,0.0838206297179742,0.256979092695111,0.2634679188597402941229992377,0.1808582255486911941229992377,0.0826096933110491,3.7738991884801525427722801095,53.289548761596576846159559859,53.289545212973209820287643822,1446491000
18.28,4,0.0841298988938882514076591771,0.10271051675404,0.101988981071976,0.0845412738265784,0.0838179762279165,0.256930487596869,0.2634190095227019471915942245,0.1808200804912656471915942245,0.0825989290314363,3.773198613642352324457002315,53.284863889737099380610727588,53.284860338623637669871846591,1447283000
18.29,4,0.0841264948145459984076591771,0.102703695543815,0.101982918110678,0.0845378531021085,0.0838153156039408,0.256881924817375,0.2633701421088975370069335587,0.1807819570119867370069335587,0.0825881850969108,3.7724986393114159779296235479,53.280183824730422310101041561,53.280180271130616148487064226,1448074000
18.30,4,0.0841231039126672444076591771,0.102696893254926,0.101976872874653,0.0845344456195366,0.0838126670228783,0.25683344287885,0.2633213565755893635370867938,0.1807438951368399635370867938,0.0825774614387494,3.7717998378329853965944389314,53.275492896392293405221641461,53.275489340307376140085101059,1448866000
18.31,4,0.0841197172054579354076591771,0.102690098093569,0.101970833572611,0.0845310423521452,0.0838100214605332,0.256785002525149,0.2632726129397408433887454388,0.1807058549515093433887454388,0.0825667579882315,3.7711016364922390682299299062,53.270826275632536250198756987,53.270822717070241701754316642,1449658000
18.32,4,0.0841163227916026044076591771,0.102683300164944,0.101964790312261,0.0845276313404241,0.0838073669599104,0.256736633700469,0.2632239403825555660977624358,0.1806678657059209660977624358,0.0825560746766346,3.7704044532791407510317870306,53.266143847196645198755818576,53.266140286157090868181200868,1450450000
18.33,4,0.0841129424519194594076591771,0.102676519940877,0.101958763567932,0.0845242344716944,0.0838047254108396,0.256688315397805,0.2631753193764158802540910898,0.1806299079411788802540910898,0.082545411435237,3.7697080084811607440301191055,53.261484407433748402705890266,53.261480843924556495877866987,1451241000
18.34,4,0.0841095653035551884076591771,0.102669747637587,0.101952743558339,0.0845208408098885,0.0838020858797551,0.256640064477317,0.2631267660581038919912557721,0.1805919978627879919912557721,0.0825347681953159,3.7690125332406971026077098536,53.256816046479422382860166253,53.25681248050211020003663342,1452033000
18.35,4,0.0841061914448145674076591771,0.10266298225394,0.101946729284837,0.0845174504537916,0.0837994484679377,0.256591865205821,0.2630782646630992989940066434,0.1805541197749496989940066434,0.0825241448881496,3.7683178017476406117301338731,53.252161119082715638547780988,53.252157550643149253859499326,1452825000
18.36,4,0.0841028216389701444076591771,0.102656224444145,0.101940721404118,0.0845140641704086,0.083796813944881,0.256543715943304,0.2630298136011913126601778826,0.1805162721561744126601778826,0.0825135414450169,3.7676237912238715436576159244,53.247500081082343112206319669,53.247496510182301794430057484,1453617000
18.37,4,0.0840994550211159564076591771,0.102649474125337,0.101934719835793,0.0845106810906044,0.0837941814439322,0.256495627964121,0.2629814241136656686821626746,0.1804784663164711686821626746,0.0825029577971945,3.7669306626889792509600328905,53.242851161334189955867747023,53.242847587979440412261165773,1454408000
18.38,4,0.0840961016891788274076591771,0.102642741285731,0.101928734570547,0.0845073113616821,0.0837915611148704,0.256447598638676,0.2629330942742455988331436062,0.1804407003982842988331436062,0.0824923938759613,3.7662383885510777890201684892,53.238197059784358012087547667,53.238193483977139724420543169,1455200000
18.39,4,0.0840927414072096064076591771,0.102636004426973,0.101922744112489,0.0845039346487438,0.0837889326252668,0.256399612038732,0.2628848066940172674429901976,0.1804029570814217674429901976,0.0824818496125955,3.765546719732305862493945203,53.233561434872680916873866145,53.233557856619696385119640888,1455992000
18.40,4,0.0840893853099237104076591771,0.102629276883695,0.101916761798709,0.0845005621409509,0.0837863071667458,0.256351698455025,0.2628365925202780583578859591,0.1803652675819036583578859591,0.0824713249383744,3.7648561023848664183254262313,53.228926115372810907518677469,53.2289225346776762134000826,1456783000
18.41,4,0.0840860414765441174076591771,0.102622566334065,0.101910795309824,0.0844972019570319,0.0837836928604923,0.256303851303571,0.2627884457208549925090717022,0.1803276259362780925090717022,0.0824608197845769,3.7641664501042367823146044137,53.224287919350165555061302692,53.224284336215733964135511166,1457575000
18.42,4,0.0840826917085516494076591771,0.102615851382348,0.101904823252544,0.0844938358094811,0.0837810714214508,0.256256026773053,0.2627403210988323992425540652,0.1802899870163519992425540652,0.0824503340824804,3.763477115492288821095890833,53.219658229999696507853025911,53.219654644430515826085419334,1458367000
18.43,4,0.0840793551036293994076591771,0.102609155349286,0.101898868950047,0.0844904828893648,0.083778462043131,0.256208283250245,0.2626922785257002499746908766,0.1802524107623377499746908766,0.0824398677633625,3.7627889561449552928649760481,53.215029983449538004472987323,53.215026395449601850414412867,1459159000
18.44,4,0.0840760227589538414076591771,0.10260246765956,0.101892921829448,0.0844871342503268,0.083775855781614,0.256160597752156,0.2626442943369263928553496358,0.1802148735784244928553496358,0.0824294207585019,3.7621016330927812530046437813,53.210417140697109199304025354,53.210413550272917706058164467,1459950000
18.45,4,0.0840726924767764194076591771,0.102595784609965,0.101886978189966,0.084483787683872,0.0837732504308357,0.256112948980389,0.2625963470278411069884318782,0.1801773540286644069884318782,0.0824189929991767,3.7614148383040650273148868705,53.205784298879118634390970748,53.205780706029727954942745115,1460742000
18.46,4,0.0840693564524189284076591771,0.102589101257608,0.101881033091125,0.0844804353471593,0.0837706381503793,0.256065378679828,0.2625484778970103361658295464,0.1801398934803458361658295464,0.0824085844166645,3.7607291633372008063870935974,53.201176795363535889677666409,53.201173200097810849595140285,1461534000
18.47,4,0.0840660434703166664076591771,0.10258244356814,0.10187511250099,0.0844771061653729,0.0837680478678473,0.256017843516924,0.2625006455278839086895370785,0.1801024505856405086895370785,0.0823981949422434,3.7600440149437931596685818822,53.196561297885727738774060865,53.196557700205158427569930535,1462325000
18.48,4,0.0840627236458566134076591771,0.10257578368492,0.101869188565326,0.0844737701077712,0.08376544955491,0.255970375631289,0.2624528800387692829000944366,0.1800650555315778829000944366,0.0823878245071914,3.759359824536844331290508087,53.191963708274905745122952752,53.191960108186775856299342868,1463117000
18.49,4,0.0840594070755954514076591771,0.102569131180313,0.101863270858896,0.0844704373202807,0.0837628533598996,0.255922966466146,0.2624051735616367108392902043,0.1800277005188498108392902043,0.0823774730427869,3.7586764794151047287217015308,53.187368346755361675690393568,53.187364744263558674343835526,1463909000
18.50,4,0.0840560945630605654076591771,0.102562486756282,0.101857360086059,0.0844671086103577,0.0837602600926717,0.255875614484509,0.2623575246123775353082797843,0.1799903841320704353082797843,0.0823671404803071,3.7579939583203187313019231332,53.182771130667987838224860247,53.182767525775722724727138173,1464701000
18.51,4,0.0840527852839955744076591771,0.102555848995146,0.101851454831519,0.0844637831497156,0.0837576689273328,0.255828311286392,0.2623099247127401796341008919,0.1799530979617092796341008919,0.0823568267510309,3.7573121398104500436870953774,53.178178779832125950059897621,53.178175172543730987877125678,1465492000
18.52,4,0.0840494890424353124076591771,0.102549227885052,0.101845565085807,0.0844604707903284,0.0837550897182438,0.255781058474973,0.2622623761589026853838971439,0.1799158443726668853838971439,0.0823465317862358,3.7566310567758513156341883014,53.17358279187869219773846523,53.173579182196929921177149322,1466284000
18.53,4,0.0840461860686093984076591771,0.102542603639489,0.101839671064784,0.0844571516657564,0.0837525026013457,0.255733857886856,0.2622148794029229704798470961,0.1798786238857236704798470961,0.0823362555171993,3.7559507156917887377345901873,53.169000350905116278366516581,53.168996738836316376405621602,1467076000
18.54,4,0.0840428961120751164076591771,0.102535996926361,0.101833793438724,0.0844538456221274,0.0837499274251408,0.255686720580783,0.2621674469184906806175580281,0.1798414490432898806175580281,0.0823259978752008,3.7552712952306771766227121144,53.1644181132220937007200704,53.164414498769922648724993647,1467868000
18.55,4,0.0840396004025663764076591771,0.102529388889674,0.101827913353995,0.0844505337973934,0.0837473453299494,0.255639647301839,0.2621200781337126115221135354,0.1798043193421949115221135354,0.0823157587915177,3.7545927872007605257028492048,53.15985106113714555291383253,53.159847444308365724204279937,1468659000
18.56,4,0.0840363167268001554076591771,0.102522795930255,0.10182204721378,0.0844472340652439,0.0837447741918232,0.255592616362779,0.2620727525584000646102503152,0.1797672143609730646102503152,0.082305538197427,3.7539148981017331375448783378,53.155272075232125897389902544,53.155268456027842325687129602,1469451000
18.57,4,0.0840330372773606594076591771,0.102516212129966,0.101816189102294,0.0844439385800869,0.0837422061675264,0.255545655601309,0.2620254975497849903944771988,0.1797301615255769903944771988,0.082295336024208,3.7532380197970623379487923545,53.150710307245482315553647084,53.150706685673042282349514591,1470243000
18.58,4,0.0840297608597951624076591771,0.102509633887861,0.101810335420932,0.084440646141629,0.0837396400591153,0.25549873072822,0.2619782786511583562795294306,0.1796931264480200562795294306,0.0822851522031383,3.7525616587307435611533046135,53.146140563013117190268738322,53.146136939074255956373306529,1471034000
18.59,4,0.0840264776845231064076591771,0.102503053434441,0.101804478402535,0.084437346912421,0.0837370660314847,0.255451871659974,0.2619311251642967928904440929,0.1796561384988007928904440929,0.082274986665496,3.7518862346198235921239897184,53.141582413757419701959794672,53.14157878745833228246929905,1471826000
18.60,4,0.0840232175392648404076591771,0.102496499615802,0.10179864689553,0.0844340708258381,0.0837345140203475,0.255405061802269,0.2618840225476881741994826747,0.1796191832051290741994826747,0.0822648393425591,3.7512115391724949186393291075,53.137020649337052460163317718,53.137017020680693662652481147,1472618000
18.61,4,0.0840199406156210784076591771,0.102489932007554,0.101792800477854,0.0844307778788274,0.0837319440249826,0.255358296526507,0.2618369633643059165353169322,0.1795822531987000165353169322,0.0822547101656059,3.7505374658611778129595475427,53.132476062999875437971926017,53.132472431993241727203773286,1473410000
18.62,4,0.0840166877018114094076591771,0.10248339235972,0.101786980901849,0.084427509059053,0.08372939703538,0.255311585303408,0.2617899599742981315767370750,0.1795453609083850315767370750,0.0822445990659131,3.7498641917319846276545219026,53.127928788219146312838287667,53.127925154865517711749981227,1474201000
18.63,4,0.0840134280256027214076591771,0.102476850902608,0.101781158400139,0.0844242334438131,0.0837268421311574,0.2552649457015,0.2617430278269288774458106017,0.1795085218521685774458106017,0.0822345059747603,3.7491919380793012561285473097,53.123380229111416212081062318,53.123376593414480682768133483,1474993000
18.64,4,0.0840101703573844164076591771,0.1024703148552,0.101775340194012,0.0844209598463822,0.0837242881279029,0.255218354613388,0.2616961443748225595444744536,0.1794717135513977595444744536,0.0822244308234248,3.7485203819357860509515006445,53.118846254733562772340459805,53.118842616700051963379601353,1475785000
18.65,4,0.0840069269061078264076591771,0.10246379627209,0.101769538340365,0.0844177005354105,0.0837217472965745,0.255171808549334,0.2616493069777894682018780007,0.1794349334346052682018780007,0.0822143735431842,3.7478494854835034463620952649,53.114305500703370470501330349,53.114301860335610359920284545,1476577000
18.66,4,0.0840036774793138944076591771,0.102457276061413,0.101763733749629,0.0844144352197026,0.0837191993482786,0.255125325368994,0.2616025321203591740251826245,0.1793981980550412740251826245,0.0822043340653179,3.7471794848459326329517194546,53.109783420556970217514413395,53.109779777862654110676938327,1477368000
18.67,4,0.0840004402671399084076591771,0.102450771722536,0.101757943923462,0.0844111821783411,0.0837166625643937,0.255078893283441,0.2615558092631755704407431615,0.1793614969420734704407431615,0.0821943123211021,3.7465102290579526661031569331,53.105250354679932858450649688,53.105246709660725617806747345,1478160000
18.68,4,0.0839971961545750274076591771,0.102444263941827,0.101752149550515,0.0844079222028476,0.083714117738731,0.25503251145951,0.2615091362280125227101274201,0.1793248279861963227101274201,0.0821843082418162,3.7458416869187472772422142197,53.100728502424899293488977508,53.100724855086856784153593495,1478952000
18.69,4,0.0839939650637548854076591771,0.102437772860773,0.101746370774553,0.0844046753127719,0.0837115848931247,0.254986180941731,0.2614625154620125600731711437,0.1792881937032748600731711437,0.0821743217587377,3.7451738934810703865430704753,53.09620550620616938255746036,53.09620185655295586406687581,1479744000
18.70,4,0.0839907381840903484076591771,0.102431290032235,0.101740599150712,0.0844014326544434,0.083709055176182,0.254939907852801,0.2614159524838742648169448829,0.1792515996807295648169448829,0.0821643528031447,3.7445069277944468606401367821,53.091691972109896296783570484,53.091688320147384034238302484,1480535000
18.71,4,0.0839875142876997664076591771,0.102424813562277,0.101734832787321,0.0843981929939763,0.0837065273562895,0.25489368279648,0.2613694377882911709798761919,0.1792150364819763709798761919,0.0821544013063148,3.7438406537054200788731740586,53.087172398646536910801100763,53.087168744377442119089403877,1481327000
18.72,4,0.0839842936001671804076591771,0.102418345241994,0.101729073477736,0.0843949565580578,0.0837040016624007,0.254847528136784,0.2613229938098983728322661158,0.1791785266103717728322661158,0.0821444671995266,3.7431753925664413135024070661,53.082678132541778005311958542,53.082674475975432385686041703,1482119000
18.73,4,0.0839810760437587734076591771,0.102411883009902,0.101723319162728,0.0843917232685739,0.0837014780186622,0.254801415512756,0.2612765921131810105679091823,0.1791420416991232105679091823,0.0821345504140578,3.7425107370687780523063172454,53.078171987888287597969358667,53.078168329026094680605843443,1482910000
18.74,4,0.0839778614495888244076591771,0.102405426064943,0.101717569043488,0.0843884929558131,0.0836989562576172,0.254755335901487,0.2612302236414873557428954157,0.1791055727603009557428954157,0.0821246508811864,3.7418465574854536210848974366,53.073669973015198714444383269,53.073666311861734627062985325,1483702000
18.75,4,0.0839746500791762974076591771,0.1023989777527,0.101711826467844,0.0843852658825731,0.0836964366443124,0.254709333379549,0.2611839325975541014155361450,0.1790691640653637014155361450,0.0821147685321904,3.7411834869740468048037222402,53.069172835826355930938949342,53.069169172387048551747656876,1484494000
18.76,4,0.0839714417818466994076591771,0.102392536790998,0.101706090155856,0.0843820418974426,0.0836939190295798,0.254663391781364,0.2611377027658968692076596855,0.1790327994675486692076596855,0.0821049032983482,3.7405212932648265785359232573,53.064689999415500609215925554,53.064686333697363571298750452,1485286000
18.77,4,0.0839682364990490894076591771,0.102386100381019,0.101700357310941,0.0843788209415845,0.0836914033568195,0.254617471925316,0.2610914948652639563510255135,0.1789964397543261563510255135,0.0820950551109378,3.7398594136953337540169591271,53.060195358534161903557405241,53.060191690538433213034242164,1486077000
18.78,4,0.0839650443999463484076591771,0.102379681114889,0.10169464052745,0.0843756132338864,0.0836888998471509,0.254571607393275,0.2610453432742604107560252851,0.1789601193730237107560252851,0.0820852239012367,3.7391983407028126302769386506,53.055713926594337652359024127,53.055710256327876222364306819,1486869000
18.79,4,0.0839618463892159834076591771,0.102373261154056,0.101688921969051,0.0843723995856542,0.0836863893141058,0.254525818163089,0.2609992666778694545291873486,0.1789238570773463545291873486,0.0820754096005231,3.7385383419299306683244592297,53.051243643260412352168945412,53.051239970729916411298192711,1487661000
18.80,4,0.0839586613536900334076591771,0.102366856134058,0.101683217273497,0.084369198976072,0.0836838907390886,0.254480055755478,0.2609532178057378508968891401,0.1788876056656628508968891401,0.082065612140075,3.7378787402787672207293977439,53.046755413596419356765559732,53.046751738802023139930200432,1488452000
18.81,4,0.0839554685168009284076591771,0.102360448189827,0.101677508577929,0.0843659905269799,0.0836813832461539,0.254434363988582,0.2609072391232170721069791422,0.1788514076720464721069791422,0.0820558314511706,3.7372201440206766132917470338,53.042292431292355848748727197,53.042288754243667889706930988,1489244000
18.82,4,0.0839522897652652584076591771,0.102354057142922,0.101671815706111,0.0843627962321152,0.0836788888312479,0.254388711030632,0.2608613002589139436797873151,0.1788152327938259436797873151,0.082046067465088,3.7365621181174877126459181788,53.037815125910616664767930669,53.037811446608655573639439939,1490036000
18.83,4,0.0839491139862796144076591771,0.102347673925611,0.101666129592506,0.0843596049243356,0.0836763963294316,0.254343127294376,0.2608154309191143908004907017,0.1787791108060095908004907017,0.0820363201131048,3.7359050880804204389660903403,53.033360638588894941671754063,53.033356957042820565247741197,1490828000
18.84,4,0.0839459314025660564076591771,0.102341286463834,0.10166043816525,0.0843564067785546,0.083673895917816,0.254297580960973,0.2607695985203943563196148620,0.1787430091938953563196148620,0.082026589326499,3.73524858718630811805225636,53.028895142134781111558472036,53.028891458346367611927907907,1491619000
18.85,4,0.0839427719012062424076591771,0.102334925815917,0.101654772484852,0.0843532318279945,0.0836714176318154,0.254252085641132,0.2607238188069803250335620159,0.1787069437704309250335620159,0.0820168750365494,3.7345928409545750757044090773,53.024445631798363932210354963,53.024441945775125888820852234,1492411000
18.86,4,0.0839396054628768284076591771,0.102328562372078,0.101649102943714,0.0843500499065446,0.0836689313075056,0.254206650344,0.2606780987007503093427108028,0.1786709215262174093427108028,0.0820071771745329,3.7339379485338281785569595712,53.019987728642984236615234843,53.019984040387566209254966544,1493203000
18.87,4,0.0839364419935855084076591771,0.10232220436659,0.101643437778282,0.0843468709686508,0.083666446901513,0.254161250122186,0.2606324138896312986160350889,0.1786349182179029986160350889,0.0819974956717283,3.7332835616792843735539710448,53.015542567346040637158882335,53.015538876865149266989524119,1493995000
18.88,4,0.0839332816967846184076591771,0.102315854049764,0.101637779241038,0.0843436952187601,0.0836639646204601,0.254115914225617,0.2605867937094234794881604626,0.1785989632500105794881604626,0.0819878304594129,3.7326301005953319597255522976,53.011094649936225122230579903,53.011090957233817910457146834,1494786000
18.89,4,0.0839301254783676534076591771,0.102309511415848,0.101632127328395,0.0843405235671956,0.0836614853768396,0.254070629521883,0.2605412250594560932598090372,0.1785630435905903932598090372,0.0819781814688657,3.7319773776286728304759984506,53.006662429204345776931887814,53.006658734287942838626993758,1495578000
18.90,4,0.0839269713190196864076591771,0.102303174007599,0.101626479585269,0.0843373539847685,0.0836590071436268,0.254025389960224,0.2604957017324498261734951220,0.1785271531010857261734951220,0.0819685486313641,3.7313253038665937440010000622,53.00221575543918468692858849,53.002212058310081533489908509,1496370000
18.91,4,0.0839238301252286254076591771,0.102296853085737,0.101620847274532,0.0843341974312967,0.0836565408827982,0.253980199460853,0.2604502284247279232675581743,0.1784912965465417232675581743,0.0819589318781862,3.7306739465789777556833408554,52.997788121476295427718720344,52.997784422142798435209421193,1497162000
18.92,4,0.0839206821178386194076591771,0.102290528300669,0.101615210048739,0.0843310340309092,0.083654066720636,0.253935051943175,0.2604047976511412732951720445,0.1784554665105310732951720445,0.0819493311406102,3.7300231985489535969488273498,52.993351284157518348672178514,52.993347582621977154187780654,1497953000
18.93,4,0.0839175471482407464076591771,0.10228422223914,0.101609590496779,0.0843278837320654,0.0836516046077472,0.253889984439659,0.2603594479296701520282348436,0.1784197015797559520282348436,0.0819397463499142,3.7293736115059596203673364252,52.988938897179340438087885501,52.988935193451656522432880561,1498745000
18.94,4,0.0839144062704395444076591771,0.102277911944818,0.101603965664455,0.0843247274961286,0.0836491355076372,0.253844941589354,0.2603141224330163382398996936,0.1783839449956406382398996936,0.0819301774373757,3.7287243714589062601775814436,52.984507806304328692822668682,52.98450410038469343751516835,1499537000
18.95,4,0.0839112774284749344076591771,0.102271617766789,0.101598355902986,0.0843215833548808,0.0836466774542248,0.253799955901418,0.2602688550107763930005870672,0.1783482306765035930005870672,0.0819206243342728,3.7280759632675623013451370041,52.980098496511187203407085026,52.98009478840869724385414458,1500329000
18.96,4,0.0839081425294307444076591771,0.102265320984857,0.101592742494302,0.0843184331269357,0.083644212268255,0.253755020305259,0.2602236373038755834014950305,0.1783125503319919834014950305,0.0819110869718836,3.7274282671970012048786005071,52.975675843816902280520372973,52.975672133533291409415571252,1501120000
18.97,4,0.0839050208113172684076591771,0.102259040426505,0.101587144268006,0.0843152961443729,0.0836417592839333,0.253710126909592,0.2601784627537379673046719428,0.1782768974722516673046719428,0.0819015652814863,3.7267811893025332698080807558,52.971270585244541413034595599,52.97126687278775686261795359,1501912000
18.98,4,0.0839019011444501624076591771,0.102252766096585,0.101581551231064,0.0843121612230866,0.0836393073192742,0.253665293107687,0.2601333480141872451895181580,0.1782412888198288451895181580,0.0818920591943584,3.7261349681326404430776409472,52.966863229550913149296081269,52.966859514925264743466785435,1502704000
18.99,4,0.0838987855095331474076591771,0.102246498938514,0.101575964329006,0.0843090303534656,0.0836368583667818,0.253620503857519,0.2600882781457948635582984272,0.1782057095040162635582984272,0.0818825686417786,3.7254893896957464293432035641,52.962463679023620786010405879,52.962459962235136968284204846,1503495000
19.00,4,0.0838956719422553284076591771,0.102240238016999,0.101570382628643,0.084305901561594,0.08363441045465,0.253575774080878,0.2600432679689063018816873936,0.1781701744138812018816873936,0.0818730935550251,3.724844666277682175548831805,52.958062036484384368411988199,52.958058317537360811735782025,1504287000
19.01,4,0.0838925623136361074076591771,0.102233983029441,0.101564805829472,0.0843027767276402,0.0836319654651512,0.2535310724969,0.2599982862578955819131621368,0.1781346523925201819131621368,0.0818636338653754,3.7242003506043001159332390328,52.953673159167888029549967324,52.953669438069242299790125277,1505079000
19.02,4,0.0838894558422055164076591771,0.102227735037342,0.101559234995093,0.0842996550663129,0.0836295226150933,0.253486425543262,0.2599533594602299680930356477,0.1780991699561230680930356477,0.0818541895041069,3.7235568215076770086921158064,52.949271008097604465378388788,52.949267284849320424757870369,1505871000
19.03,4,0.0838863513988712164076591771,0.102221494690672,0.101553670777562,0.0842965354429988,0.0836270807719569,0.253441858780167,0.2599085131193359695721018524,0.1780637527168375695721018524,0.0818447604024984,3.7229144448704367472297572462,52.944899260629942985768001959,52.944895535243368650692518956,1506662000
19.04,4,0.0838832610010026754076591771,0.10221526923121,0.101548120420743,0.0842934299338293,0.0836246520139617,0.253397302651286,0.2598636783536256816180050128,0.1780283318617975816180050128,0.0818353464918281,3.7222722340365188193246447936,52.940520264940281349371687322,52.940516537418034213685205122,1507454000
19.05,4,0.0838801636659713304076591771,0.102209041314557,0.101542566582313,0.084290317453576,0.0836222152579624,0.253352811389154,0.2598189080537885153152031992,0.1779929603504150153152031992,0.0818259477033735,3.7216309466092478211939804088,52.936132778879716489559944591,52.936129049224944324169799615,1508246000
19.06,4,0.0838770683378395704076591771,0.10220281913069,0.101537017454324,0.0842872069900356,0.0836197794938335,0.253308373270407,0.2597741910964635901797654552,0.1779576271280502901797654552,0.0818165639684133,3.7209904232582133758248500927,52.931750472997735314892498498,52.931746741216253047551527659,1509037000
19.07,4,0.0838739870706384254076591771,0.102196614266769,0.101531484626002,0.0842841106561804,0.0836173568366199,0.253263980352444,0.2597295203668248443452131289,0.1779223251486005443452131289,0.0818071952182243,3.7203505620710512146430603656,52.927388449589036765545086855,52.927384715689753374187330203,1509829000
19.08,4,0.0838708988267620424076591771,0.102190405501692,0.101525946878308,0.0842810073115356,0.0836149261479144,0.253219632220325,0.2596848939707746336959388274,0.1778870525866892336959388274,0.0817978413840854,3.7197113359168116902184881076,52.92302103756849361819314789,52.923017301554983846269148092,1510621000
19.09,4,0.0838678226235899194076591771,0.102184211895117,0.101520423272958,0.0842779160664712,0.083612506540149,0.253175327481368,0.2596403118487036316961151869,0.1778518094514289316961151869,0.0817885023972747,3.7190727439416532635597307183,52.91864714489112525398592597,52.918643406766738614845106506,1511413000
19.10,4,0.0838647503331936874076591771,0.102178025614356,0.101514905979314,0.0842748287533153,0.0836100898477087,0.253131071211127,0.2595957785175627771795896644,0.1778166003284931771795896644,0.0817791781890696,3.71843485084614426046678104,52.914296223024784162166431234,52.914292482799108385683749856,1512204000
19.11,4,0.0838616801720515784076591771,0.102171846304778,0.101509394644793,0.084271743579825,0.0836076742804025,0.25308688403084,0.2595513145237650347820739978,0.1777814458330160347820739978,0.081769868690749,3.7177979509359620067396319135,52.909938397476936188994884298,52.909934655153622988839484645,1512996000
19.12,4,0.0838586040671083634076591771,0.102165663822528,0.101503879127581,0.0842686524334699,0.0836052517277463,0.253042737174397,0.2595068904638139994585825671,0.1777463166302236994585825671,0.0817605738335903,3.7171616230370553957825784574,52.905575841630816639410621824,52.905572097213602736584380016,1513788000
19.13,4,0.0838555409624403554076591771,0.102159496337291,0.1014983775994,0.0842655743509582,0.08360284122849,0.252998617577835,0.2594624945731657041673470849,0.1777112010242947041673470849,0.081751293548871,3.7165256986347557533956135132,52.901232380272167336346308652,52.901228633769623760397124693,1514580000
19.14,4,0.0838524808937647054076591771,0.102153336684636,0.101492882897851,0.0842624993192841,0.0836004327716639,0.25295456632723,0.2594181673381888306935671790,0.1776761395703189306935671790,0.0817420277678699,3.7158907576535669729830322016,52.896892734607298894616337531,52.896888986025373344056217739,1515371000
19.15,4,0.0838494228418172174076591771,0.102147181629982,0.101487391790377,0.0842594263141995,0.0835980253350511,0.252910551848936,0.2593738770366573743256708207,0.1776411006147922743256708207,0.0817327764218651,3.7152563457060844071147114019,52.892538529842733668659858976,52.892534779183165185967264919,1516163000
19.16,4,0.0838463688056634314076591771,0.102141034279637,0.101481907385309,0.0842563573445448,0.0835956209295181,0.252866589767209,0.2593296394715934113275853788,0.1776061000294592113275853788,0.0817235394421342,3.7146226891539128956551781564,52.888208565540948988445928371,52.888204812813712771990593141,1516955000
19.17,4,0.0838433268026986144076591771,0.102134902042257,0.101476437093318,0.0842533004669186,0.0835932276136842,0.252822670534538,0.2592854456356867900883010649,0.1775711288757308900883010649,0.0817143167599559,3.7139896589768503855484956648,52.88387017741877046343059084,52.883866422626992025044612759,1517747000
19.18,4,0.0838402778136644304076591771,0.102128766536019,0.101470962534593,0.0842502365690627,0.0835908262773074,0.252778805263918,0.2592413053327487115276364656,0.1775361970261418115276364656,0.0817051083066069,3.7133573956041702025946567673,52.879544256949125718500609254,52.879540500100529925136201795,1518538000
19.19,4,0.0838372328376322674076591771,0.102122638586167,0.101465494536382,0.0842471767038315,0.0835884279752527,0.252734990314237,0.2591972156858097956185490550,0.1775013016724435956185490550,0.0816959140133662,3.7127258578263092401979565841,52.87521394661443893402786285,52.875210187713152801345006266,1519330000
19.20,4,0.0838341898553476604076591771,0.102116515254349,0.101460030162337,0.0842441188420968,0.0835860306803976,0.252691212753731,0.2591531635897758589635474738,0.1774664297782639589635474738,0.0816867338115119,3.7120948579266042030143175977,52.870895464552110645552415333,52.870891703605371394947873383,1520122000
19.21,4,0.0838311609025414414076591771,0.102110410549491,0.101454583423376,0.0842410750784412,0.0835836464893255,0.252647499536271,0.2591091769102134214964499351,0.1774316092778921214964499351,0.0816775676323213,3.7114647950499346323619893256,52.866571004590837538164659896,52.866567241602788676586861736,1520913000
19.22,4,0.0838281339599630254076591771,0.102104309496874,0.101449139346774,0.084238033334843,0.0835812633260103,0.252603809658808,0.2590652136995100099077233243,0.1773967982924373099077233243,0.0816684154070727,3.7108350683410008272710805708,52.862254196912607902828075791,52.862250431889575109499565729,1521705000
19.23,4,0.0838251000266915114076591771,0.102098205572615,0.101443691410632,0.0842349845663689,0.0835788721475094,0.252560179489746,0.2590213097825316565768323962,0.1773620327154867565768323962,0.0816592770670449,3.710206190953189654376002413,52.85793756511029201345059501,52.857933798057478365099720327,1522497000
19.24,4,0.0838220791018079494076591771,0.102092117842145,0.101438258682362,0.0842319488698906,0.0835764930526801,0.252516593576865,0.2589774510747773057156515574,0.1773272985312627057156515574,0.0816501525435146,3.7095779611409264930165157723,52.853635070525593640091401037,52.853631301451118956295733494,1523289000
19.25,4,0.0838190511660675024076591771,0.102086026724303,0.10143282158278,0.084228906128274,0.0835741059263692,0.252473060287308,0.2589336445572318768984765549,0.1772926027894710768984765549,0.0816410417677608,3.7089504788994236154528454092,52.84932466609939299307327489,52.849320895006743996373288396,1524080000
19.26,4,0.0838160362368828184076591771,0.102079951170931,0.101427399065698,0.0842258764568122,0.0835717308858454,0.252429562280371,0.2588898742535830103761110286,0.1772579295825223103761110286,0.0816319446710607,3.7083235153848955362333568043,52.845029830209982558889738109,52.845026057107469878570534906,1524872000
19.27,4,0.0838130243133406454076591771,0.102073881775724,0.101421981726777,0.0842228498056897,0.083569357883264,0.252386109109481,0.2588461490379732879767193598,0.1772232878532799879767193598,0.0816228611846933,3.7076971977100505543881587593,52.840725005195774470475064717,52.840721230086417517831539575,1525664000
19.28,4,0.0838100153945296654076591771,0.102067819439458,0.101416570468754,0.0842198261739908,0.0835669869196752,0.252342713669331,0.2588024818366553455804606708,0.1771886905967200455804606708,0.0816137912399353,3.7070717110298409957172441139,52.836432174221248076443505655,52.836428397112953307134215765,1526456000
19.29,4,0.0838070094612126414076591771,0.10206176413868,0.101411165270133,0.0842168055423842,0.0835646179777088,0.252299375901517,0.2587588725898707394568156069,0.1771541378218045394568156069,0.0816047347680662,3.7064470544882807803947920281,52.832143326498313587739089693,52.832139547397279437121061017,1527247000
19.30,4,0.0838040065308098184076591771,0.102055713096601,0.101405763356076,0.0842137879283753,0.083562251076826,0.252256055845027,0.2587152812403844169965635975,0.1771195895400208169965635975,0.0815956917003636,3.7058226543077422074509113025,52.827856445750172319681142577,52.827852664661595588632813702,1528039000
19.31,4,0.0838010066024155184076591771,0.102049669585123,0.101400368000431,0.084210773331054,0.0835598862180681,0.252212800303141,0.2586717547058397447567009315,0.1770850927377350447567009315,0.0815866619681047,3.7051991825339761702898970574,52.823569622263139966867454897,52.823565839192578012850549769,1528831000
19.32,4,0.0837980086567981834076591771,0.102043630143395,0.101394975744289,0.0842077607262051,0.083557522379166,0.252169574465979,0.2586282580198707064768937638,0.1770506125173028064768937638,0.0815776455025679,3.7045761383106996158558124951,52.819292440003511371669774359,52.819288654958099215341325351,1529623000
19.33,4,0.0837950147991329834076591771,0.102037599253882,0.10138959107205,0.0842047522292973,0.0835551616775299,0.252126412109142,0.2585848251886185288925404066,0.1770161829535867288925404066,0.0815686422350318,3.7039540087399798164088823734,52.815009065779817908378386542,52.815005278763767291539628263,1530414000
19.34,4,0.0837920328345835264076591771,0.102031583037621,0.101384220106685,0.0842017556836598,0.0835528119584256,0.252083288328687,0.2585414317959207761894965550,0.1769817796991467761894965550,0.081559652096774,3.7033324440860625301447972546,52.810746141789681701662854532,52.810742352812471721163472184,1531206000
19.35,4,0.0837890438501110744076591771,0.102025563737803,0.101378845093313,0.0841987520837735,0.0835504542182659,0.252040221645567,0.2584980950790966620339336980,0.1769474200600247620339336980,0.0815506750190719,3.7027116912553858392162248991,52.806468911540601728662313486,52.806465120604848129704474704,1531998000
19.36,4,0.0837860688631470954076591771,0.102019559269617,0.101373483949042,0.0841957625498402,0.0835481095791793,0.251997165488266,0.2584547698299111819248925318,0.1769130588967067819248925318,0.0815417109332044,3.7020911026876640426532741076,52.80220379341485460395908694,52.802200000527942402288898616,1532790000
19.37,4,0.0837830858544693514076591771,0.102013551256173,0.101368118298901,0.0841927649549688,0.0835457559161971,0.251954174256858,0.2584115090341499773183138719,0.1768787492637004773183138719,0.0815327597704495,3.7014714373483648718817513989,52.797938745794743214168923304,52.797934950962301252707106429,1533581000
19.38,4,0.0837801158231852324076591771,0.102007559769697,0.10136276821703,0.0841897804009474,0.0835434143330246,0.251911232490924,0.2583682986693530641491633770,0.1768444772072682641491633770,0.0815238214620848,3.7008524943805694090543245356,52.793683532468626560961740382,52.793679735698250336027288377,1534373000
19.39,4,0.0837771387684039894076591771,0.102001564887731,0.101357413782876,0.0841867887890856,0.0835410647328841,0.251868343412392,0.2583251405600157251185578071,0.1768102446206274251185578071,0.0815148959393883,3.7002342999182438179924977575,52.789426712316548236695338261,52.789422913613457901661084666,1535165000
19.40,4,0.0837741746892366814076591771,0.101995585548523,0.101352073936594,0.0841838102162855,0.0835387272145854,0.251825489749838,0.2582820187979831323496117027,0.1767760356643455323496117027,0.0815059831336376,3.6996166260938615597048684645,52.7851815497020043572133338,52.785177749074000521368238466,1535956000
19.41,4,0.0837712137083261864076591771,0.101989612143359,0.101346739071365,0.0841808347568918,0.0835363918543764,0.251782676382186,0.2582389375801566579492901825,0.1767418546040445579492901825,0.0814970829761121,3.6989995330235899599914294981,52.780921455869612903209427097,52.780917653318920255760266914,1536748000
19.42,4,0.0837682545959465464076591771,0.101983643946788,0.101341408463633,0.0841778611751657,0.0835340574184167,0.251739910649935,0.2581959041786812701212304630,0.1767077087805926701212304630,0.0814881953980886,3.6983831248732619390263600181,52.776673371424764180468706043,52.776669566959504128278829934,1537540000
19.43,4,0.0837652894381974754076591771,0.10197767318691,0.101336074343388,0.0841748815185098,0.0835317159560024,0.251697195414739,0.2581529209062324927092564889,0.1766736005753871927092564889,0.0814793203308453,3.6977674347695148226096528644,52.772435082499645097938434043,52.772431276127522352520231765,1538332000
19.44,4,0.0837623362708529464076591771,0.101971716673578,0.101330753522366,0.0841719139108886,0.0835293855929872,0.2516545112509,0.2581099695571600436628294895,0.1766395118514991436628294895,0.0814704577056609,3.6971522019355894506058350787,52.768202139255016997947822092,52.768198330982407133612956278,1539123000
19.45,4,0.0837593870563776264076591771,0.101965768521148,0.101325440116803,0.0841689502754651,0.0835270582544182,0.251611889775853,0.2580670812614483576590704981,0.1766054738076360576590704981,0.0814616074538123,3.6965378722757147967288539018,52.763969022632673670954667828,52.76396521246549895509758775,1539915000
19.46,4,0.0837564398305490784076591771,0.101959823962434,0.101320129361388,0.0841659886384125,0.0835247319683482,0.251569291111501,0.2580242159057306932466070631,0.1765714463991517932466070631,0.0814527695065789,3.6959238712082029980303295317,52.75972463989866119204242433,52.759720827839768364498537492,1540707000
19.47,4,0.0837535056603886594076591771,0.101953896822539,0.101314835083095,0.084163040120867,0.0835224178577884,0.251526753537881,0.2579814126413174519665340510,0.1765374688460798519665340510,0.0814439437952376,3.6953107595342997042672320122,52.755505723868304239875074288,52.755501909928990592013041038,1541498000
19.48,4,0.0837505643541360664076591771,0.101947965771727,0.101309535954054,0.0841600844323356,0.083520095634116,0.251484262901567,0.2579386558615024477981809357,0.1765035256104360477981809357,0.0814351302510664,3.6946983137043906200954838221,52.751277618874273979773480787,52.751273803058276075128710448,1542290000
19.49,4,0.0837476260155795784076591771,0.101942040324422,0.101304241490549,0.0841571317260117,0.0835177754523902,0.251441809713014,0.2578959367636784855931149969,0.1764696079583342855931149969,0.0814263288053442,3.6940864076304160980849618417,52.747063589529106114913794219,52.747059771844919703624363927,1543082000
19.50,4,0.0837447006438484154076591771,0.101936129394936,0.101298960608749,0.0841541920499176,0.0835154673624943,0.25139937740842,0.2578532394463534649322249671,0.1764357000570056649322249671,0.0814175393893478,3.6934748135403004640356589124,52.742831091722513641839373179,52.742827272171682121061875133,1543874000
19.51,4,0.0837417672197458424076591771,0.101930214961402,0.101293675288638,0.0841512442820781,0.0835131502443094,0.251357011058846,0.2578106076137834969146334193,0.1764018456794269969146334193,0.0814087619343565,3.6928641574513811789561724342,52.738627037352578881306016126,52.738623215947054553822949818,1544665000
19.52,4,0.0837388368647491544076591771,0.101924306937664,0.10128839544591,0.0841482995983516,0.0835108352755459,0.251314692226266,0.2577680235645426694568139188,0.1763680271928952694568139188,0.0813999963716474,3.6922541858094255686464952479,52.734410411276198956857556417,52.73440658801915495947841848,1545457000
19.53,4,0.0837359203515249544076591771,0.101918415395868,0.10128313115455,0.0841453688240805,0.0835085332833934,0.251272409761297,0.2577254768791303603015042568,0.1763342342466319603015042568,0.0813912426324984,3.6916447493660945532808065133,52.730207805844509673293817416,52.730203980744620965087823983,1546249000
19.54,4,0.0837329958016610614076591771,0.101912519443015,0.101277861523401,0.0841424299738726,0.0835062222843025,0.251230180053512,0.2576829824499048244171548929,0.1763004818017164244171548929,0.0813825006481884,3.6910360614386874318892150314,52.726003885601584827502874125,52.726000058664440522442988793,1547041000
19.55,4,0.0837300842142956134076591771,0.101906638469546,0.101272605944735,0.0841395041495465,0.0835039233819299,0.251187977892058,0.2576405164801593445791231944,0.1762667461301644445791231944,0.0813737703499949,3.6904277811645081246458999616,52.721809397532057658532627577,52.72180556876525380824242983,1547832000
19.56,4,0.0837271756738313334076591771,0.101900764420612,0.101267356365533,0.0841365813870202,0.0835016266140273,0.251145830928045,0.2575981059918985139244961518,0.1762330543227025139244961518,0.081365051669196,3.6898202956052543629766678275,52.717606669319828487235235959,52.717602838727625904954680938,1548624000
19.57,4,0.0837242699721225634076591771,0.101894895091247,0.101262110582654,0.0841336614771303,0.0834993317732603,0.251103710627364,0.2575557223668373424440724543,0.1761993778297675424440724543,0.0813563445370698,3.6892131948341886078901160266,52.713416767862570715919482141,52.71341293545323524903091086,1549416000
19.58,4,0.0837213562303373984076591771,0.101889022045651,0.101256860162119,0.0841307334878499,0.0834970279294267,0.251061653069353,0.2575134010081020360868495082,0.1761657521232076360868495082,0.0813476488848944,3.6886069859637598063303077596,52.70922070458274362353873231,52.709216870361187589792522654,1550207000
19.59,4,0.0837184554292932524076591771,0.101883164491685,0.101251624313602,0.0841278185025877,0.0834947361677552,0.25101963069603,0.2574711157648389662196395667,0.1761321511208922662196395667,0.0813389646439467,3.688001294410582662953165509,52.705042414128341946358242573,52.705038578104131836001964386,1550999000
19.60,4,0.0837155586713041654076591771,0.101877313869905,0.101246394479472,0.0841249075801501,0.083492447548868,0.250977649278789,0.2574288717974333461453087474,0.1760985800519271461453087474,0.0813302917455062,3.6873961940917196655371707138,52.70085169552648320099790906,52.700847857702866684294798951,1551791000
19.61,4,0.0837126637674068944076591771,0.101871468780916,0.101241169262141,0.0841219985208703,0.0834901598749093,0.250935720338735,0.2573866805014343922625313260,0.1760650503805841922625313260,0.0813216301208502,3.6867918482364045722780139354,52.696679657595766964644545468,52.69667581798278658875254685,1552583000
19.62,4,0.0837097808016968114076591771,0.101865637745308,0.101235957184,0.0841191014581526,0.0834878832810901,0.250893820457562,0.2573445191100733398122497828,0.1760315394088163398122497828,0.081312979701257,3.6861879307346928441842925725,52.692499760559023543755318182,52.692495919160789724382413921,1553374000
19.63,4,0.0837068927733260784076591771,0.101859804560052,0.101230742043819,0.0841161993080191,0.0834856006852347,0.250851962829885,0.2573023996556847677388618481,0.1759980592376807677388618481,0.081304340418004,3.6855846139370952394516971868,52.688333418397394334093176146,52.68832957522277790275405455,1554166000
19.64,4,0.0837040057841947934076591771,0.101853975409155,0.101225530027399,0.0841132982022066,0.083483318220878,0.250810147988948,0.2572603231017119082598375597,0.1759646108993418082598375597,0.0812957122023701,3.6849819116439072190888251805,52.684151137916833722482470751,52.684147292968459549224477803,1554958000
19.65,4,0.0837011216278613074076591771,0.101848152624737,0.101220323468646,0.0841103999430437,0.0834810376921416,0.25076838344805,0.2572182971059576756906121405,0.1759312021203250756906121405,0.0812870949856326,3.6843799335451005680612511505,52.679997037063007080828727071,52.679993190353034576214371047,1555750000
19.66,4,0.0836982414063341604076591771,0.101842336827645,0.101215122990196,0.0841075056379273,0.0834787602082118,0.250726662210434,0.2571763147321414490510733073,0.1758978260330717490510733073,0.0812784886990697,3.6837785802857516938378044214,52.675827245023099477395869994,52.675823396554245227329661005,1556541000
19.67,4,0.0836953732395323984076591771,0.101836534990263,0.10120993556621,0.084104623446481,0.0834764939304966,0.250684967012696,0.2571343592454039900335971327,0.1758644659714443900335971327,0.0812698932739596,3.6831776121566799757582459095,52.671672546738735665839637331,52.671668696520059755469683909,1557333000
19.68,4,0.0836924968849924394076591771,0.101830729012391,0.101204743098265,0.0841017330272605,0.083474218519332,0.250643330616336,0.2570924620649590080675860027,0.1758311534233786080675860027,0.0812613086415804,3.682577479204971307226870739,52.667512620304032167314805764,52.667508768340795763730811963,1558125000
19.69,4,0.0836896344627412494076591771,0.101824938697839,0.101199565391943,0.0840988566084543,0.0834719562046823,0.250601717574787,0.2570505892121527567096632376,0.1757978544789431567096632376,0.0812527347332096,3.6819776947222629872737877072,52.663362934115256065889003574,52.663359080415482076610105897,1558917000
19.70,4,0.0836867650740627174076591771,0.101819145990591,0.101194384392994,0.0840959731891566,0.0834696859874133,0.250560170735164,0.2570087821703262384964958699,0.1757646106902003384964958699,0.0812441714801259,3.6813788529136483684688736972,52.65920645710078148847022559,52.659202601669550780646323629,1559708000
19.71,4,0.0836839075137794554076591771,0.101813366467077,0.101189215679612,0.0840931016560921,0.0834674267560169,0.25051864209841,0.2569669941440248493870428651,0.1757313753304180493870428651,0.0812356188136068,3.680780283483624344216423828,52.655066604628267333670765427,52.655062747474949462417586003,1560500000
19.72,4,0.0836810529668671144076591771,0.10180759370257,0.101184052828829,0.0840902331511332,0.0834651696541283,0.250477166772977,0.2569252597081350027290191886,0.1756981830432044027290191886,0.0812270766649306,3.680182481680945781150849181,52.650918268307056630195958256,52.650914409436193353951654573,1561292000
19.73,4,0.0836781912652227104076591771,0.101801816478672,0.101178884623999,0.0840873574564574,0.0834629044656835,0.250435730806641,0.2568835641619855224892414625,0.1756650191966110224892414625,0.0812185449653745,3.6795852369340340318420266357,52.64678458681039638992319721,52.646780726231321228995633699,1562083000
19.74,4,0.0836753424733774874076591771,0.101796054587855,0.101173730859346,0.0840844947347065,0.0834606513550787,0.250394328201532,0.2568419029030932279627595074,0.1756318792568756279627595074,0.0812100236462176,3.6789884833171700164641353539,52.642636624030684750341370963,52.642632761746547973075567908,1562875000
19.75,4,0.0836724957104338044076591771,0.101790298163252,0.101168581669747,0.084081634051778,0.0834583993899612,0.250352974601508,0.2568002908490516879043105983,0.1755987782103139879043105983,0.0812015126387377,3.6783924345091294396730978156,52.638499691221474464221031885,52.638495827240937668836940043,1563667000
19.76,4,0.0836696517539312124076591771,0.101784547674895,0.101163437526978,0.0840787761890134,0.0834561493534183,0.250311665527264,0.2567587235643756679987290704,0.1755657116901630679987290704,0.0811930118742126,3.6777970269762783568516977415,52.63437922803956142925085768,52.634375362372437556794239389,1564459000
19.77,4,0.0836668107230786704076591771,0.10177880201134,0.101158297321331,0.0840759212662046,0.0834539013669832,0.250270383366984,0.2567171834027431724274329974,0.1755326621188229724274329974,0.0811845212839202,3.6772020079536895529655097309,52.630242379069670953894822343,52.630238511718661845598260503,1565250000
19.78,4,0.0836639727183470564076591771,0.101773063222063,0.101153163104013,0.0840730693843137,0.0834516555333553,0.250229155982054,0.2566756983007557122408995841,0.1754996575016176122408995841,0.0811760407991381,3.676607777603702327044642584,52.626129208758052328271034031,52.626125339734743512703310332,1566042000
19.79,4,0.0836611375178988954076591771,0.101767329932713,0.101148033502404,0.0840702203204186,0.0834494116313452,0.250187966913956,0.2566342517442367043356003014,0.1754666813930910043356003014,0.0811675703511457,3.6760140993781421400976937048,52.622001010584727178091126663,52.621997139892193869690676706,1566834000
19.80,4,0.0836583053233993064076591771,0.101761602450871,0.101142908825809,0.0840673742771704,0.0834471698653329,0.250146817656059,0.2565928452444959069738365427,0.1754337353732761069738365427,0.0811591098712198,3.6754209949249573446945399694,52.617891999346022713257172106,52.617888126994750655557473253,1567625000
19.81,4,0.0836554749500800964076591771,0.101755878435204,0.101137786734616,0.0840645300640076,0.0834449290464815,0.250105691793021,0.2565514622629731477753788293,0.1754008029723345477753788293,0.0811506592906386,3.674828227346714239865290182,52.613767518325460267574578572,52.613763644318325656378077831,1568417000
19.82,4,0.0836526575991999254076591771,0.101750171784456,0.101132681129283,0.0840616989369606,0.0834427004325413,0.250064626724201,0.2565101410775731486598688788,0.1753679225368929486598688788,0.0811422185406802,3.6742363449340107190142394614,52.609668793587972112474028309,52.609664917937151705172397709,1569209000
19.83,4,0.0836498330497475164076591771,0.101744460459554,0.10112756997245,0.084058860576142,0.0834404637053413,0.250023598573583,0.2564688563331900826476213483,0.1753350687805665826476213483,0.0811337875526235,3.6736449845017177290854510069,52.605552529892421263359800422,52.605548652600613817211161263,1570001000
19.84,4,0.0836470104018963304076591771,0.101738754006537,0.101122462811864,0.084056024126223,0.0834382280112646,0.249982612761524,0.2564276141029966368605477201,0.1753022478452515368605477201,0.0811253662577451,3.6730542330416309747348473011,52.601458181026878992880337851,52.601454302105247692453714477,1570792000
19.85,4,0.0836442007554138554076591771,0.101733061962573,0.101117369186397,0.0840532007412463,0.0834360045060615,0.249941645776019,0.2563863915976579865088549842,0.1752694370103346865088549842,0.0811169545873233,3.6724637641205809437409097842,52.597345353503211462717712438,52.597341472954074707215635627,1571584000
19.86,4,0.0836413849082329634076591771,0.101727367399128,0.101112272169213,0.0840503711252512,0.0834337738954751,0.249900732146558,0.2563452220817963384022020844,0.1752366696091595384022020844,0.0811085524726368,3.6718740542191759619036312961,52.593253542690521749825859876,52.593249660525028592546676857,1572376000
19.87,4,0.0836385800789292004076591771,0.101721687489556,0.101107188935363,0.084047552581008,0.083431553483975,0.249859869418057,0.2563041043043801188935035534,0.1752039444594170188935035534,0.0811001598449631,3.671285085417719355023004677,52.58915703366486237425027176,52.589153149888766845425251018,1573168000
19.88,4,0.0836357790475170194076591771,0.101716012088928,0.101102109341609,0.0840447378532272,0.0834293360179672,0.249819016519984,0.2562629965873645331598324596,0.1751712199517841331598324596,0.0810917766355804,3.6706962607221925841076273276,52.585062584650006540606247734,52.585058699269857537878042001,1573959000
19.89,4,0.0836329710138419814076591771,0.101710334307581,0.101097026499973,0.0840419160889442,0.0834271106461781,0.249778230509072,0.2562219553680169096184634516,0.1751385525922501096184634516,0.0810834027757668,3.6701083885369054073531898098,52.580967923714879927816540983,52.580964036737626773705187987,1574751000
19.90,4,0.0836301747766543954076591771,0.101704670698711,0.101091956965337,0.0840391061788305,0.0834248962609666,0.249737477298067,0.2561809477969251131159861973,0.1751059096001247131159861973,0.0810750381968004,3.669520998328689718163987241,52.576877694364233225430964021,52.576873805797321546257253998,1575543000
19.91,4,0.0836273815353988314076591771,0.101699013685266,0.101086893162326,0.0840362992792983,0.0834226840204276,0.249696775307989,0.2561399917218073831667949601,0.1750733088918487831667949601,0.0810666828299586,3.6689343457472970043185010653,52.572808263410454835742139788,52.572804373265171466444379046,1576335000
19.92,4,0.0836245901075602164076591771,0.101693359109015,0.101081830934384,0.0840334942020502,0.083420472737943,0.249656082108174,0.2560990445254122853287722223,0.1750407079188924853287722223,0.0810583366065198,3.6683478203455574296382355211,52.568731873705871255996612681,52.568727981986941414898611095,1577126000
19.93,4,0.0836218026555277864076591771,0.101687712911039,0.101076776224263,0.0840306931200491,0.0834182645881502,0.249615451509228,0.2560581603018092983162173921,0.1750081608440466983162173921,0.0810499994577626,3.6677621969639324551317880102,52.564652188234672774989123873,52.56464829494838665199259655,1577918000
19.94,4,0.0836190169971920894076591771,0.101682071005823,0.101071724948115,0.0840278938405154,0.0834160573799407,0.24957485652024,0.2560173118409621059522398184,0.1749756405259983059522398184,0.0810416713149638,3.6671770858474024601389194504,52.560573725292711454663473865,52.560569830446115031613578694,1578710000
19.95,4,0.0836162343311993044076591771,0.101676434343506,0.101066678057742,0.0840250975679564,0.0834138523194886,0.249534293461392,0.2559764955384110346247581109,0.1749431434290088346247581109,0.0810333521094022,3.6665924353658462577542728453,52.556506190550297553129772889,52.556502294152248743046133629,1579502000
19.96,4,0.0836134544391888254076591771,0.101670803204853,0.101061635835568,0.0840223040829439,0.0834116491890281,0.249493769493329,0.2559357185570585247439000638,0.1749106767847025247439000638,0.081025041772356,3.6660083481203128216917954342,52.552436215607497048913873936,52.55243231766428600155209049,1580293000
19.97,4,0.0836106765560649754076591771,0.101665178133823,0.101056598827204,0.084019512616641,0.0834094472213814,0.249453303416619,0.2558949996897360590715095793,0.1748782594546334590715095793,0.0810167402351026,3.6654250932982778566074096977,52.548383084208219616215584843,52.548379184730485257440868988,1581085000
19.98,4,0.0836079014455425404076591771,0.101659556500491,0.101051564404379,0.0840167239364968,0.0834072471856521,0.249412846619655,0.2558542902599126422632809430,0.1748458428309923422632809430,0.0810084474289203,3.6648419736598022826752947951,52.544312504281619262466594959,52.544308603272038624976390522,1581877000
19.99,4,0.0836051293238018684076591771,0.101653941614336,0.101046535878217,0.0840139382597488,0.0834050493007285,0.249372443315846,0.2558136346042679569872177077,0.1748134713191808569872177077,0.0810001632850871,3.6642596242810425609040481295,52.540259426965447380607194389,52.54025552443479305611114063,1582668000
20.00,4,0.0836023689916152284076591771,0.101648341208049,0.101041520983052,0.0840111644302029,0.0834028624120633,0.249332077306556,0.2557730171031445967884703017,0.1747811293682634967884703017,0.0809918877348811,3.663677821426890449489360259,52.536203647407397856398945815,52.536199743361947539284545425,1583460000
20.01,4,0.0835996026464401704076591771,0.101642736926997,0.101036501365891,0.0840083845582666,0.0834006686317065,0.249291742566016,0.2557324304652120525463734802,0.1747488097556322525463734802,0.0809836207095798,3.6630964606567388418355263064,52.532156484447372359583451535,52.532152578895747379053321262,1584252000
20.02,4,0.0835968481699950384076591771,0.101637148047358,0.101031496304544,0.0840056166130954,0.0833984859304526,0.249251457157876,0.2556918940548717589804335074,0.1747165319144096589804335074,0.0809753621404621,3.6625158193451970637425391089,52.528104317677375507668297634,52.528100410625565620374425684,1585044000
20.03,4,0.0835940864627241824076591771,0.101631553465127,0.101026484696639,0.0840028414017414,0.0833962951169886,0.249211194422897,0.2556513798057961680032133821,0.1746842678469907680032133821,0.0809671119588054,3.6619354954717570353845778305,52.524062062255393235106821286,52.524058153712235616517252998,1585835000
20.04,4,0.0835913367398226074076591771,0.101625975049228,0.101021488412727,0.0840000782333575,0.083394115502098,0.249170990293088,0.2556109250880789822580792010,0.1746520549921911822580792010,0.0809588700958878,3.6613560243235716233960535492,52.520019760998016817068625667,52.520015850970769125500466662,1586627000
20.05,4,0.0835885808030621564076591771,0.101620391826314,0.101016486481082,0.0839973088207304,0.0833919288001947,0.249130806993437,0.2555704907558129483494939513,0.1746198542728255483494939513,0.0809506364829874,3.660776845176825153576959107,52.515969122363364483762207931,52.51596521085694476640294186,1587419000
20.06,4,0.0835858358305901794076591771,0.101614823251608,0.101011498358548,0.0839945504260045,0.083389752275046,0.249090675283519,0.2555301088508844361077872414,0.1745876977995019361077872414,0.0809424110513825,3.6601984169977395461014736633,52.511941687453955992672630946,52.511937774480514237665136894,1588210000
20.07,4,0.0835830946429040054076591771,0.101609259577007,0.101006514298637,0.0839917958345711,0.0833875787136626,0.249050559184496,0.2554897428022182852983083143,0.1745555490698677852983083143,0.0809341937323505,3.6596202159442621267695900603,52.507904934588574345536785475,52.507901020152867964601471702,1589002000
20.08,4,0.0835803454177600774076591771,0.101603690827177,0.101001524327626,0.0839890331663787,0.083385396237608,0.249010486349842,0.2554494195001936570687602483,0.1745234350430242570687602483,0.0809259844571694,3.6590426271926937622157193756,52.503875419702037649174624427,52.503871503812718369207766965,1589794000
20.09,4,0.0835776090559080654076591771,0.101598139290879,0.100996550735884,0.0839862834243766,0.083383225851443,0.248970474433986,0.2554091581111320164293497643,0.1744913749540138164293497643,0.0809177831571182,3.6584659252803572106355521735,52.499848642900600666250424978,52.499844725565620394644442641,1590586000
20.10,4,0.0835748754768194244076591771,0.101592591214115,0.100991579771015,0.0839835364787449,0.0833810574269551,0.248930471962387,0.2553689063265630970859261177,0.1744593165630894970859261177,0.0809095897634736,3.6578893609436455541817562114,52.495830004579257883248832961,52.495826085807113006388841926,1591378000
20.11,4,0.0835721448393386934076591771,0.10158704899122,0.100986613828955,0.0839807924891049,0.0833788911253694,0.248890510887239,0.2553286961879788376339768423,0.1744272919804637376339768423,0.0809014042075151,3.6573133931430879299059516917,52.491799010316329331452051672,52.491795090111485806637355857,1592169000
20.12,4,0.0835694160994980614076591771,0.101581511515474,0.10098165180458,0.083978050406384,0.0833767258992128,0.248850590420691,0.2552885268323575332489233122,0.1743953004118380332489233122,0.0808932264205195,3.6567380095168454199608063729,52.487789711083921248829041245,52.487785789458257211710006861,1592961000
20.13,4,0.0835666901037553684076591771,0.101575979882373,0.100976694794977,0.083975311081179,0.0833745626006782,0.24881071403514,0.2552484018001673107944975776,0.1743633454664024107944975776,0.0808850563337649,3.6561632607783817557721267771,52.483767799356007930115146587,52.48376387631414375296144301,1593753000
20.14,4,0.0835639670653568904076591771,0.101570453439644,0.100971742149462,0.0839725747277789,0.0833724014456468,0.248770869330571,0.2552083086762092298649286370,0.1743314147976797298649286370,0.0808768938785295,3.6555889690930622363700217062,52.479762934987806008350228591,52.479759010540434284263038191,1594544000
20.15,4,0.0835612458063788254076591771,0.101564931556273,0.100966793238607,0.0839698401625002,0.0833702412520233,0.248731064251778,0.2551682553420171727986000894,0.1742995163559251727986000894,0.080868738986092,3.6550152473555543763028566373,52.475749155139295040714594801,52.47574522929177506128541063,1595336000
20.16,4,0.0835585375030256254076591771,0.101559424877403,0.100961858709132,0.0839671186161962,0.0833680932522454,0.248691290030368,0.2551282337932366219937384280,0.1742676422055073219937384280,0.0808605915877293,3.6544419809119344746007403724,52.471746382469615793516771142,52.471742455231473008548064935,1596128000
20.17,4,0.0835558210568418714076591771,0.101553912859027,0.100956918018609,0.0839643888872452,0.0833659362462723,0.248651556810974,0.2550882527168189289592310360,0.1742358011020987289592310360,0.0808524516147202,3.6538692941936154514378520721,52.467739995269945518783467885,52.467736066647743101207241624,1596920000
20.18,4,0.0835531083514337264076591771,0.101548406930111,0.100951982597577,0.0839616629173614,0.0833637821773948,0.248611856843812,0.2550483051792134148626359591,0.1742039861808713148626359591,0.0808443189983421,3.6532970878848030382399982582,52.463735474947857134070288735,52.463731544949242881986991236,1597711000
20.19,4,0.0835503976174117034076591771,0.101542906091764,0.100947051448715,0.0839589389285032,0.0833616292691448,0.248572201333253,0.2550084022879290867363416261,0.1741722086180551867363416261,0.0808361936698739,3.6527255210888316960157763295,52.459745913946627851080393418,52.45974198258215155045279447,1598503000
20.20,4,0.0835476987382882364076591771,0.101537418550488,0.100942132780089,0.0839562268525111,0.0833594874549321,0.248532565258841,0.2549685196560235394216235230,0.1741404440954312394216235230,0.0808280755605923,3.652154244488524804104947206,52.45574061379995836488978583,52.455736681073487914149383118,1599295000
20.21,4,0.0835449936162911654076591771,0.101531927320998,0.100937209607977,0.0839535085031194,0.0833573385500563,0.248492966430408,0.2549286738652200596580229607,0.1741087092634432596580229607,0.0808199646017768,3.6515834955995332023720379299,52.45175786597280728083428411,52.451753931896418582990866548,1600086000
20.22,4,0.0835423004264729734076591771,0.101526451641264,0.100932301171907,0.0839508021442519,0.0833552008200035,0.248453418139534,0.2548888795168031712794124751,0.1740770187920989712794124751,0.0808118607247042,3.6510134835698736490127390613,52.447760926425915314271133905,52.447756991004215151315704479,1600878000
20.23,4,0.0835396001076237234076591771,0.101520970766249,0.100927386728395,0.0839480886214942,0.0833530551119172,0.248413898308037,0.2548491131393804537247537188,0.1740453492787270537247537188,0.0808037638606534,3.6504438721966212261797183609,52.443781882490443255470320341,52.44377794573454291500639846,1601670000
20.24,4,0.0835369116223384224076591771,0.101515503752247,0.100922485335287,0.0839453869901637,0.0833509204826692,0.248374406284351,0.2548093754123790025612825997,0.1740137014714772025612825997,0.0807956739409018,3.6498746712118470709245960278,52.439794770214511951097189196,52.439790832129992259123853234,1602462000
20.25,4,0.0835342258915624874076591771,0.101510043089863,0.100917589484734,0.0839426881268115,0.0833487878103614,0.248334965469028,0.2547696891556296025563811076,0.1739820982589021025563811076,0.0807875908967275,3.6493062074855686977957375437,52.435822655533378984561100798,52.435818716131187843082944258,1603253000
20.26,4,0.0835315330895860914076591771,0.101504576962291,0.100912687361475,0.0839399821576823,0.0833466472227857,0.248295548419822,0.2547300261695414207734150940,0.1739505115101321207734150940,0.0807795146594093,3.6487380770883733790533676696,52.431839891110830971829655793,52.431835950395889167382784092,1604045000
20.27,4,0.0835288521555896374076591771,0.101499125882741,0.100907799480257,0.0839372881145646,0.0833445177532737,0.248256175657339,0.2546904083557712123739108299,0.1739189631955471123739108299,0.0807714451602241,3.6481705937384230616415496031,52.427875282618392051158931473,52.427871340602290770775321108,1604837000
20.28,4,0.0835261739558260324076591771,0.101493678981914,0.100902914973319,0.0839345968190496,0.0833423902249563,0.248216823321132,0.2546508111538971729674523451,0.1738874288234465729674523451,0.0807633823304506,3.6476034056335716121946944284,52.423895177835155823667438151,52.423891234521860551851473869,1605629000
20.29,4,0.0835234987006722134076591771,0.10148823798843,0.100898035570814,0.0839319084825427,0.0833402648507749,0.248177513100909,0.2546112563214824841104242648,0.1738559302201161841104242648,0.0807553261013663,3.6470368244279667889084927045,52.4199178433881645618974153,52.419913898785935636344133633,1606420000
20.30,4,0.0835208262746164824076591771,0.101482803635724,0.100893162007702,0.0839292229889675,0.0833381415161856,0.248138257149158,0.2545717560326794625575338427,0.1738244796284300625575338427,0.0807472764042494,3.6464710245035045119571235928,52.415960565354560198327874635,52.415956619475583403092736139,1607212000
20.31,4,0.0835181456952474884076591771,0.101477361501273,0.100888279862988,0.0839265293022114,0.0833360091866041,0.248099007423263,0.2545322613559450804395018934,0.1737930281855671804395018934,0.0807392331703779,3.6459053049674502155793004519,52.411989305113977497409580211,52.411985357962393643005214618,1608004000
20.32,4,0.0835154868475316334076591771,0.101471944827131,0.100883422380246,0.0839238574533709,0.0833338978946524,0.248059808793243,0.2544928193709505793456466565,0.1737616230399198793456466565,0.0807311963310307,3.6453403401864130903664115624,52.408038541789871302913066267,52.408034593377868923667165207,1608796000
20.33,4,0.0835128209410914034076591771,0.101466522554264,0.100878558501961,0.0839211785112906,0.0833317787106962,0.248020631839203,0.2544533985630035917107694106,0.1737302327455189917107694106,0.0807231658174846,3.6447756787457132184711246862,52.404077596365060761020215385,52.404073646698000128214741875,1609587000
20.34,4,0.0835101578608013524076591771,0.101461106414835,0.100873699961808,0.0839185024091796,0.0833296615694626,0.247981501940387,0.2544140250680252254405888597,0.1736988835070075254405888597,0.0807151415610177,3.6442116950148273045493623036,52.400128523799840454234160132,52.400124572888109564509140583,1610379000
20.35,4,0.0835075076242559474076591771,0.101455705101527,0.100868855453984,0.0839158392136161,0.083327556539044,0.247942399097563,0.2543746795419783732219590382,0.1736675560490694732219590382,0.0807071234929089,3.6436481119108332687753035757,52.396171378299826789813143064,52.396167426149269293141393352,1611171000
20.36,4,0.0835048492123955414076591771,0.101450298768698,0.100864005134349,0.0839131678027624,0.0833254424991131,0.247903342298641,0.2543353795422611123974349642,0.1736362679978255123974349642,0.0806991115444356,3.6430851809249440045532436209,52.392232590339217170906592589,52.392228636961643454425369421,1611962000
20.37,4,0.0835021935289932444076591771,0.101444895902809,0.100859157490872,0.0839104991337081,0.0833233304082669,0.24786429582927,0.2542960900336125564505200461,0.1736049843867373564505200461,0.0806911056468752,3.6425224002140172433089889616,52.3882763730378311480414951,52.388272418436908810318922052,1612754000
20.38,4,0.0834995407827346934076591771,0.101439499384768,0.100854315405958,0.0839078334161596,0.0833212204777149,0.24782529788198,0.2542568493165931311785723254,0.1735737435850859311785723254,0.0806831057315072,3.6419603183931684995909050769,52.384331046703970399897466465,52.384327090890001355262761413,1613546000
20.39,4,0.0834968998589740214076591771,0.101434117625779,0.100849487292309,0.0839051795789181,0.0833191216377584,0.247786340742881,0.2542176502829435713059866968,0.1735425385533350713059866968,0.0806751117296085,3.6413988336440930724291007691,52.380394946982170615293931825,52.380390989965048127530748408,1614338000
20.40,4,0.0834942517569851084076591771,0.101428729881335,0.10084465240691,0.0839025185283486,0.0833170147962587,0.24774740147007,0.2541784685996877540140025321,0.1735113450272305540140025321,0.0806671235724572,3.6408375974225828552278711575,52.376449590184920881135639741,52.376445631970232170189870151,1615129000
20.41,4,0.0834916054943710304076591771,0.101423347737687,0.1008398223375,0.083899859326148,0.0833149090164054,0.24770851584979,0.2541393407742144141002108143,0.1734801995828824141002108143,0.080659141191332,3.6402771326584551737872090823,52.372524210395264117413751161,52.372520250995371502924220962,1615921000
20.42,4,0.0834889719570524724076591771,0.101417979547395,0.100835005438126,0.0838972129114666,0.0833128152388382,0.247669646509974,0.2541002301082419443144359591,0.1734490655907314443144359591,0.0806511645175105,3.6397169136875649482812937039,52.368583528834578254064656194,52.368579568253852287610306549,1616713000
20.43,4,0.0834863413161295464076591771,0.101412617642422,0.100830194042232,0.0838945694073435,0.0833107235880818,0.247630825384519,0.2540611679230865098914868674,0.1734179744408164098914868674,0.0806431934822701,3.639157389154721910135931544,52.364666243832849804503675563,52.364662282084425578114487376,1617505000
20.44,4,0.0834837025124157464076591771,0.101407249837624,0.100825375966154,0.0838919177005154,0.0833086229523554,0.247592037532791,0.2540221384646183233664060264,0.1733869104477287233664060264,0.0806352280168896,3.6385983333986371147339063229,52.360737467631292280327440754,52.360733504720619229099881036,1618296000
20.45,4,0.0834810765268642444076591771,0.10140189618685,0.100820571265216,0.0838892788745273,0.0833065344166824,0.247553267493111,0.2539831277078107609708155947,0.1733558596551635609708155947,0.0806272680526472,3.6380395455255942935010245611,52.356811939431466041172066343,52.356807975366885159402173398,1619088000
20.46,4,0.0834784533587574424076591771,0.101396548121587,0.100815771372375,0.0838866428797606,0.0833044479329195,0.247514536797088,0.2539441565342181972302841410,0.1733248430133979972302841410,0.0806193135208202,3.6374813246418493666114654172,52.35288910373345587556711818,52.352885138523637407591848116,1619880000
20.47,4,0.0834758320073791194076591771,0.101391204634321,0.100810975281587,0.0838840087106057,0.083302362496929,0.247475845452522,0.2539052248814415920799162454,0.1732938605287545920799162454,0.080611364352687,3.6369236698535896330953376941,52.348963399527658319845626875,52.348959433180031958008296619,1620671000
20.48,4,0.0834732133775435154076591771,0.101385865903782,0.100806183173046,0.0838813772763012,0.0833002790194177,0.247437182980789,0.2538663223089531832583133671,0.1732629018294282832583133671,0.0806034204795249,3.6363664316113030398967045918,52.345058173385518878364889816,52.34505420591250389071682748,1621463000
20.49,4,0.0834705966575715104076591771,0.101380530431607,0.10080139354985,0.0838787477611991,0.0832981966862024,0.247398539647,0.2538274390011588136492754089,0.1732319571685454136492754089,0.0805954818326134,3.6358094693169318860456749094,52.341136452422586330321271693,52.341132483828428554317316953,1622255000
20.50,4,0.0834679727521876044076591771,0.101375191538163,0.100796599733824,0.0838761110255502,0.0832961063589951,0.24735995095151,0.2537886099060891358101286288,0.1732010615628598358101286288,0.0805875483432293,3.6352532835641500381766597293,52.337234913249976235268556509,52.33723094354734691911638388,1623047000
20.51,4,0.0834653716423533904076591771,0.10136987786461,0.100791830367583,0.0838734971969156,0.0832940381668151,0.247321394585616,0.2537498147673936718130068662,0.1731701948247422718130068662,0.0805796199426514,3.6346975842021104164638382109,52.333321404146881810635205142,52.333317433341289616916377659,1623838000
20.52,4,0.0834627623640151834076591771,0.101364556493097,0.100787052534726,0.0838708751598351,0.0832919609956565,0.247282845860418,0.2537110266601807381021648089,0.1731393300980242381021648089,0.0805716965621565,3.6341419855601808058727849553,52.329421673939884898135014058,52.329417702042083398151142479,1624630000
20.53,4,0.0834601558798095674076591771,0.101359242294451,0.100782281107528,0.0838682559305498,0.0832898858632115,0.247244359514237,0.2536723012268687549739879524,0.1731085230938446549739879524,0.0805637781330241,3.6335872846572632082465156028,52.325518796161427304232557949,52.325514823179273573424352517,1625422000
20.54,4,0.0834575512073578714076591771,0.101353931177317,0.100777511996078,0.0838656385218775,0.0832878117837454,0.247205891189733,0.2536335939328725400762867594,0.1730777293463415400762867594,0.080555864586531,3.6330328435824378141764184336,52.321625107564832541576002794,52.32162113350824821067259759,1626214000
20.55,4,0.0834549493459549844076591771,0.101348624932708,0.100772746992829,0.0838630239379993,0.0832857397628838,0.24716745210394,0.2535949160929363390881807391,0.1730469602389804390881807391,0.0805479558539559,3.6324788244074781114409748867,52.317720130870983419508854371,52.317716155745710177830235785,1627005000
20.56,4,0.0834523601828339794076591771,0.101343333591093,0.100767996129688,0.0838604221144946,0.0832836797376467,0.247129043266796,0.2535562694143290879293764404,0.1730162175477526879293764404,0.0805400518665764,3.6319252515872093990702937667,52.313816863987404932702175504,52.313812887801989317794586775,1627797000
20.57,4,0.0834497629415102694076591771,0.101338036921597,0.100763239177214,0.0838578121732866,0.083281610831395,0.24709067466269,0.2535176624459841537615126614,0.1729855098903128537615126614,0.0805321525556713,3.6313722475760740028643679102,52.309934475173168824788920566,52.309930497940350288775049167,1628589000
20.58,4,0.0834471684724726464076591771,0.101332745136569,0.100758486349187,0.0838552050179206,0.0832795439491077,0.247052336026195,0.2534790856599573502246504963,0.1729548278074399502246504963,0.0805242578525174,3.6308196758963624373715627998,52.306041068501909445514174019,52.306037090227674849108604786,1629380000
20.59,4,0.0834445858300048184076591771,0.101327467604879,0.100753747015904,0.0838526097469535,0.0832774881907727,0.247014030905153,0.2534405432490873116193028219,0.1729241755606933116193028219,0.080516367688394,3.6302675966060289748521031955,52.302160878141175286170048007,52.302156898836577659772249976,1630172000
20.60,4,0.0834419959767530034076591771,0.101322185851464,0.100749002703725,0.0838500072299433,0.0832754244273753,0.246975769339847,0.2534020439405428171109742026,0.1728935619459647171109742026,0.0805084819945781,3.6297161347125773735016796572,52.298273682541153006308964359,52.298269702213174601451017108,1630964000
20.61,4,0.0834394189120202904076591771,0.101316917729533,0.10074427126728,0.0838474175639851,0.0832733727574345,0.246937518539324,0.2533635562687258807082222715,0.1728629555663774807082222715,0.0805006007023484,3.6291648395045271478686576669,52.294399765231014648322596249,52.294395783890536580296198849,1631756000
20.62,4,0.0834368336534389174076591771,0.101311643840647,0.100739533309547,0.0838448196641122,0.0832713120974044,0.246899303358237,0.2533251036746749861501030774,0.1728323799316924861501030774,0.0804927237429825,3.6286140467500191645874483033,52.290516429501442395614006208,52.290512447154866965443682293,1632547000
20.63,4,0.0834342611819869254076591771,0.101306385214589,0.100734809861724,0.0838422346138947,0.0832692635322722,0.246861122291069,0.2532866861236032380280132559,0.1728018350758449380280132559,0.0804848510477583,3.6280637559507641550838580877,52.286628079425128213528673547,52.286624096079787277162364208,1633339000
20.64,4,0.0834316805152992634076591771,0.101301120388408,0.10073007946227,0.0838396413283688,0.0832672059784884,0.246822970668545,0.2532482974605287399726945026,0.1727713149125745399726945026,0.0804769825479542,3.627513878943155633906252501,52.282765371428428410363795303,52.282761387098187365874979585,1634131000
20.65,4,0.0834291126526844304076591771,0.101295871382255,0.100725364132741,0.0838370609095246,0.0832651605394536,0.24678486088396,0.2532099515847037267576989088,0.1727408334098555267576989088,0.0804691181748482,3.6269646148193099000847403428,52.278889633377923612591964236,52.278885648068586674653646543,1634923000
20.66,4,0.0834265465567967124076591771,0.101290626091569,0.100720651769984,0.0838344822660463,0.0832631161252595,0.246746778834482,0.2531716335833752836230040809,0.1727103757236575836230040809,0.0804612578597177,3.6264157499697882794193144552,52.275031205877939809180195069,52.275027219601625116185276862,1635714000
20.67,4,0.0834239832636028744076591771,0.101285384457777,0.100715942316825,0.0838319064389664,0.0832610737783426,0.246708708758569,0.2531333277294078230730377711,0.1726799261955662230730377711,0.0804534015338416,3.625867059119956665314269958,52.271157405134865670643872867,52.271153417896419218924955146,1636506000
20.68,4,0.0834214227540876484076591771,0.101280149434164,0.100711238727945,0.0838293334091767,0.0832590334809956,0.246670693163965,0.2530950766331078552927445886,0.1726495275046104552927445886,0.0804455491284974,3.6253191526175174103394837292,52.267303177592122010569749812,52.267299189404637523222605522,1637298000
20.69,4,0.0834188640458926714076591771,0.101274917235426,0.100706537219436,0.0838267621895152,0.0832569942474541,0.246632692069769,0.2530568401470121526403625262,0.1726191395720488526403625262,0.0804377005749633,3.6247714553924179755035531733,52.263433367097429556120893158,52.26342937796585995107999801,1638090000
20.70,4,0.0834162971200053474076591771,0.101269680493261,0.100701830424385,0.0838241827119789,0.0832549460111093,0.246594744434982,0.2530186566213310146715355217,0.1725888008168145146715355217,0.0804298558045165,3.6242245167709630922322848091,52.25957721175481997882960595,52.259573221691007215478550071,1638881000
20.71,4,0.0834137539757421954076591771,0.101264468294837,0.10069714743135,0.0838216271323531,0.0832529209291375,0.246556805253342,0.2529804831885499397977672436,0.1725584684401132397977672436,0.0804220147484367,3.623677722721215653929973756,52.255727938511329166762720039,52.255723947524887524348660816,1639673000
20.72,4,0.0834112026124210454076591771,0.101259250811224,0.100692458412783,0.0838190632934801,0.0832508868457689,0.246518908942899,0.2529423521022141329738153637,0.1725281747642141329738153637,0.080414177338,3.6231315352412200131664968962,52.251865637148187933554226836,52.251861645245208200460764914,1640465000
20.73,4,0.0834086530293610384076591771,0.101254036600758,0.100687771928403,0.0838165012435733,0.0832488538106014,0.24648103384644,0.2529042423549622109181370324,0.1724978988504758109181370324,0.0804063435044864,3.6225856534226716577203356698,52.248026756209026892140785435,52.248022763402967650884144185,1641256000
20.74,4,0.0834060962442104404076591771,0.10124881756719,0.100683079883338,0.0838139319563594,0.083246812798743,0.246443193579016,0.2528661669640089209609712250,0.1724676537848367209609712250,0.0803985131791722,3.6220402637234462922474125566,52.244170407745088322423521022,52.244166414040939442953835397,1642048000
20.75,4,0.0834035612196354694076591771,0.101243622133333,0.100678410701776,0.0838113845361252,0.0832447929158584,0.246405377378682,0.2528281171763976058224293629,0.1724374308830614058224293629,0.0803906862933362,3.6214952407666744045262089978,52.240333789439224274902395364,52.24032979484978553607961742,1642840000
20.76,4,0.0834010189916147704076591771,0.101238422353282,0.100673736439184,0.0838088298772221,0.0832427650576743,0.246367602846829,0.2527901086013296943110259154,0.1724072458230732943110259154,0.0803828627782564,3.6209508081377031851481132724,52.236487879581271945609809909,52.236483884113434499004906994,1643632000
20.77,4,0.0833984795228171904076591771,0.101233226323165,0.100669065193058,0.083806277991034,0.083240739236946,0.246329842244338,0.2527521141321111039526450691,0.1723770715669007039526450691,0.0803750425652104,3.6204065775617442303303273442,52.232651148496717300513614596,52.232647152160915382774376012,1644423000
20.78,4,0.0833959518492239824076591771,0.101228045044574,0.100664407966355,0.083803737957726,0.0832387245352072,0.246292122731684,0.2527141616305818710251853077,0.1723469360451049710251853077,0.0803672255854769,3.6198629481302647574341235303,52.228807419421188228896799966,52.2288034222248840823123713,1645215000
20.79,4,0.0833934159335065984076591771,0.101222856659707,0.100659742902635,0.0838011896419919,0.0832367008185169,0.246254420379081,0.2526762257006196990719654107,0.1723168139302868990719654107,0.0803594117703328,3.6193195560706066063240288734,52.224966296365848079863067066,52.224962298318150909303003992,1646007000
20.80,4,0.0833908838116488904076591771,0.101217675547637,0.10065508438233,0.0837986451386684,0.0832346801830742,0.24621676743019,0.2526383395104701343548371003,0.1722867384594126343548371003,0.0803516010510575,3.6187768764829013183182928924,52.221139317470541046914054481,52.221135318583613220703857876,1646798000
20.81,4,0.0833883634463248964076591771,0.101212507368015,0.100650438066446,0.0837961124493654,0.0832326706318476,0.246179130113903,0.2526004697661817302052703641,0.1722566764072532302052703641,0.0803437933589285,3.6182344324664070036986517485,52.217302560514098890555614704,52.217298560794390832682425534,1647590000
20.82,4,0.0833858448551932804076591771,0.101207343634707,0.100645795470203,0.08379358154293,0.0832306621350403,0.246141530875237,0.2525626382662286047254174012,0.1722266496410053047254174012,0.0803359886252233,3.6176925362612917446177732036,52.213481451390599006372819485,52.213477450850481942668720517,1648382000
20.83,4,0.0833833180375862134076591771,0.101202173586365,0.100641145833601,0.0837910423697937,0.0832286446444364,0.2461039598861,0.2525248344558797534340118040,0.1721966476746591534340118040,0.0803281867812206,3.6171510366821652992713478148,52.20965507294714476764082464,52.209651071594338768693604384,1649174000
20.84,4,0.0833808049928371544076591771,0.101197019335588,0.100636511270586,0.0837885170368614,0.0832266402682902,0.246066416455852,0.2524870591887674846378577860,0.1721666714305694846378577860,0.080320387758198,3.6166099459564089666894843873,52.205842383178454937130248761,52.205838381024747241440010978,1649965000
20.85,4,0.0833782937202808414076591771,0.101191867927023,0.100631878827147,0.0837859934847874,0.0832246369486025,0.246028888192005,0.2524492991989654526867171961,0.1721367077115325526867171961,0.0803125914874329,3.6160690740636528290248506767,52.202007578570061847306371438,52.202003575619536961196186821,1650757000
20.86,4,0.0833757742009255164076591771,0.101186711758733,0.100627240902688,0.0837834616455896,0.0832226246187345,0.245991410712141,0.2524115894871029958389559852,0.1721067915868981958389559852,0.0803047979002048,3.6155289223509470233290668868,52.19818685846693350840076217,52.198182854731788365120863775,1651549000
20.87,4,0.0833732674524362484076591771,0.101181569449413,0.100622616117241,0.0837809426397043,0.0832206244004626,0.24595394750206,0.2523738949267950967709638316,0.1720768879990046967709638316,0.0802970069277904,3.6149889876699194697763121773,52.194374742122313827129969884,52.19437073761318638415848016,1652341000
20.88,4,0.0833707625650293924076591771,0.101176432742474,0.10061799621555,0.0837784255040016,0.0832186253319941,0.245916537649841,0.2523362539350445337327241721,0.1720470354335758337327241721,0.0802892185014687,3.6144498203035866293751839488,52.190563415561492029858837046,52.19055941028789941056057297,1653132000
20.89,4,0.0833682503378742414076591771,0.101171288883614,0.100613368444645,0.083775900992661,0.0832166181688423,0.245879131304658,0.2522986158928587921523252292,0.1720171833403411921523252292,0.0802814325525176,3.6139106951882962603213727618,52.186759944424399614016634957,52.18675593839660671498418439,1653924000
20.90,4,0.0833657508796047774076591771,0.101166160393507,0.100608755326526,0.0837733893126429,0.0832146231192985,0.245841760848398,0.2522610146742993585546439933,0.1719873656620852585546439933,0.0802736490122141,3.6133720975342528236234760157,52.182941086004124897269935291,52.182937079228057893886812612,1654716000
20.91,4,0.0833632631712355854076591771,0.10116104575932,0.100604155349686,0.0837708894399793,0.0832126391607224,0.245804419325634,0.2522234432354439775403690755,0.1719575754236070775403690755,0.0802658678118369,3.6128339264446970774771842721,52.179135108937452019327671961,52.179131101424944733066814419,1655508000
20.92,4,0.0833607572304380674076591771,0.101155914317008,0.100599537851401,0.0837683712457351,0.083210636165504,0.245767100135985,0.2521858928530670454505053883,0.1719278039704029454505053883,0.0802580888826641,3.6122960569686369420566766917,52.175334565698116930439226195,52.175330557459338860815884975,1656299000
20.93,4,0.0833582640565571074076591771,0.101150798111169,0.100594934877587,0.0837658658808347,0.0832086452858889,0.245729814971667,0.2521483774263140734688727308,0.1718980652703400734688727308,0.080250312155974,3.6117586881966542839963643546,52.171531175675006385843145201,52.171527166718525373880385451,1657091000
20.94,4,0.0833557836306110654076591771,0.10114569608039,0.100590345368147,0.0837633733262035,0.0832066665041214,0.245692548927114,0.2521108820119777967173996452,0.1718683444489338967173996452,0.0802425375630439,3.611221606083095455866124141,52.167738959213283852483581721,52.167734949550555647387402691,1657883000
20.95,4,0.0833532949702751054076591771,0.101140587854847,0.100585748954568,0.0837608724969182,0.0832046787365937,0.245655312964933,0.2520734161251253201820446772,0.1718386510899733201820446772,0.080234765035152,3.6106849469212463243003671307,52.163929196571097720485586409,52.1639251862075501886742656,1658675000
20.96,4,0.0833508081284261204076591771,0.101135485640945,0.100581157844567,0.0837583734950118,0.0832026920866514,0.245618136826195,0.2520360102859489819421481179,0.1718090157823724819421481179,0.0802269945035765,3.6101491478806702418689702066,52.160153035811851007098145534,52.160149024764383447059319573,1659466000
20.97,4,0.0833483239789435124076591771,0.101130385745186,0.10057656834595,0.0837558771986368,0.0832007074337564,0.245580955102479,0.2519985989878032235282594320,0.1717793730882078235282594320,0.0802192258995954,3.6096132706477876695805307683,52.156351581262406478284340949,52.156347569534313614757129351,1660258000
20.98,4,0.0833458425564651974076591771,0.101125290693607,0.100571982986058,0.0837533836426006,0.0831987248140225,0.245543803418734,0.2519612179451556378249153010,0.1717497587906686378249153010,0.080211459154487,3.6090778267946657980264370936,52.152569515159367372292322561,52.152565502764072252325835188,1661050000
20.99,4,0.0833433628969990934076591771,0.101120199757257,0.10056740103724,0.0837508918581972,0.0831967432600474,0.245506685237348,0.2519238705612016606972417262,0.1717201763616730606972417262,0.0802036941995286,3.6085428650684890614454025469,52.148778298380529443124827817,52.148774285325428971499783579,1661841000
21.00,4,0.0833408949998988004076591771,0.101115122226739,0.100562831791398,0.0837484118936748,0.0831947728213796,0.245469589372515,0.2518865463255536075957324019,0.1716906153595551075957324019,0.0801959309659985,3.6080082349190513800116062871,52.144979943150268644768613144,52.144975929443072180727893644,1662633000
21.01,4,0.0833384298278635974076591771,0.101110050623692,0.100558267771464,0.0837459346675424,0.0831928044178256,0.245432539067094,0.2518492679028773681055268393,0.1716610985177019681055268393,0.0801881693851754,3.6074742609937725119207388745,52.141213878924636275782166299,52.14120986458181440455614022,1663425000
21.02,4,0.0833359574169051004076591771,0.101104972332012,0.100553696362624,0.08374345016709,0.08319082803797,0.245395497440371,0.2518119976223345421418520078,0.1716315882339985421418520078,0.080180409388336,3.6069404036976675125555840298,52.137423785403940776969920568,52.13741977042949544282470975,1664217000
21.03,4,0.0833334868376359074076591771,0.101099898509566,0.100549128724036,0.0837409675072836,0.0831888527980702,0.245358493388817,0.2517747650884291417037804113,0.1716021141816697417037804113,0.0801726509067594,3.6064070870840005457376459926,52.133654460296271174947583047,52.133650444704147186124027543,1665008000
21.04,4,0.0833310279284908164076591771,0.101094837680072,0.1005445733807,0.0837384965746653,0.0831868885859568,0.24532150707778,0.2517375511094999355264428993,0.1715726572377771355264428993,0.0801648938717228,3.6058740362524875048712198859,52.129872399570350890900276897,52.129868383367115406947181271,1665800000
21.05,4,0.0833285617418425464076591771,0.101089771272312,0.100540011762684,0.0837360183289586,0.0831849163626391,0.245284545879952,0.2517003617449044182963921626,0.1715432235303993182963921626,0.0801571382145051,3.6053413379970188509649031075,52.126091785178100048695057294,52.12608776837338957798838936,1666592000
21.06,4,0.0833261083137076054076591771,0.101084720639541,0.100535465224521,0.0837335529041512,0.0831829562633872,0.245247626528459,0.2516632151766259010460851903,0.1715138313102414010460851903,0.0801493838663845,3.6048092527553333689842702584,52.122328509436282288883299275,52.122324492043487801143326379,1667384000
21.07,4,0.0833236566067926144076591771,0.101079672829144,0.100530920814872,0.0837310892089802,0.083180997198218,0.245210722791962,0.2516260843337835575523298204,0.1714844535751458575523298204,0.0801416307586377,3.6042773927656369255637324213,52.118555691009156575876344438,52.118551673035565024303429909,1668175000
21.08,4,0.0833211967462741724076591771,0.101074620248944,0.100526370942835,0.0837286173203366,0.0831790292452991,0.245173868350778,0.2515890022851370610103891299,0.1714551234625934610103891299,0.0801338788225436,3.6037462317030180084817710338,52.114802102357983983177958329,52.114798083817548425370179854,1668967000
21.09,4,0.0833187495347890534076591771,0.101069580465362,0.100521833176101,0.0837261581425771,0.0831770733102611,0.245137014740123,0.2515519219094195465495474204,0.1714257939200400465495474204,0.0801261279893795,3.6032150946050552139555880588,52.111031658588953008445839128,52.11102763948722377633030798,1669759000
21.10,4,0.0833163040426177864076591771,0.101064543975997,0.100517298013536,0.0837237006925384,0.0831751184112117,0.245100183519314,0.2515148640506651626779581970,0.1713964858602407626779581970,0.0801183781904244,3.6026842800405481917421535349,52.107260055158364552802226502,52.107256035504602178499693404,1670551000
21.11,4,0.0833138613057829354076591771,0.101059512543545,0.100512767219102,0.083721246011309,0.0831731655905074,0.245063384971386,0.2514778390899072139071419637,0.1713672097329516139071419637,0.0801106293569556,3.6021539367068392141016922237,52.103503795919929535872752009,52.103499775727057091902222434,1671342000
21.12,4,0.0833114203941444364076591771,0.101054486085274,0.100508240711329,0.0837187931642008,0.0831712139147249,0.245026631312439,0.2514408592078054723881117136,0.1713379777875540723881117136,0.0801028814202514,3.6016242390790394983954764455,52.099746175928419948578909333,52.099742155206063801332015832,1672134000
21.13,4,0.0833089721110206654076591771,0.101049452759406,0.100503706649697,0.0837163329095625,0.0831692541434754,0.244989885681549,0.2514038868072744482927479418,0.1713087524956846482927479418,0.0800951343115898,3.6010946486185680732364058817,52.095998067680140821856190903,52.095994046439651066287571483,1672926000
21.14,4,0.0833065465813416494076591771,0.101044444282623,0.100499196752146,0.0837138955196278,0.0831673165502516,0.244953167678099,0.2513669436524853812201251685,0.1712795556902362812201251685,0.0800873879622491,3.6005654770742132644244733708,52.092238702230064877054753155,52.092234680478714433140181119,1673717000
21.15,4,0.0833041117678236294076591771,0.101039428171888,0.10049467853689,0.0837114488004584,0.0831653689423719,0.244916474291908,0.2513300244747747983603930892,0.1712503821712681983603930892,0.0800796423035066,3.6000366489779419653639740348,52.088492966610712011154113077,52.088488944361071175680444008,1674509000
21.16,4,0.0833016697766506404076591771,0.101034407200507,0.100490154778487,0.0837089948685371,0.0831634134375723,0.244879814841997,0.2512931387640068314216916455,0.1712212414973663314216916455,0.0800718972666405,3.5995083002620569610204824735,52.084735295953231071895176032,52.084731273212642093306408197,1675301000
21.17,4,0.0832992504301465494076591771,0.10102941089412,0.100485655003826,0.0837065636920116,0.0831614800052515,0.244843181953624,0.2512562812230954942752113532,0.1711921284401658942752113532,0.0800641527829296,3.5989803550513610912585257281,52.080987407255628336320330049,52.080983384035836021623685597,1676093000
21.18,4,0.0832968228162538684076591771,0.101024407103028,0.100481147064449,0.0837041242076719,0.0831595375834472,0.244806561173908,0.2512194351918039064852576984,0.1711630264081526064852576984,0.0800564087836513,3.5984525747055788973963533178,52.077248306141696473690860294,52.077244282454181974510913458,1676884000
21.19,4,0.0832943979343491404076591771,0.101019409411931,0.100476644546301,0.083701687468679,0.0831575972265653,0.244769988319509,0.2511826373472511574634481827,0.1711339721471679574634481827,0.0800486652000832,3.5979254845857230573200036839,52.073504928281422800672375153,52.07350090413537653253285814,1677676000
21.20,4,0.0832919748536312484076591771,0.101014414442167,0.100472144071958,0.0836992525396803,0.0831556580004953,0.244733428482023,0.2511458526304717893531889850,0.1711049306669683893531889850,0.0800409219635034,3.5973985825091255179735400283,52.069769853025709250739585072,52.069765828432560500544074869,1678468000
21.21,4,0.0832895634154256884076591771,0.101009432966851,0.100467656415772,0.083696829310123,0.0831537297959238,0.244696893953067,0.2511090940547206350719706750,0.1710759150495293350719706750,0.0800331790051913,3.5968720548769146051569551902,52.06602974062888981260489155,52.066025715597354889725314038,1679259000
21.22,4,0.0832871446890171054076591771,0.10100444491693,0.100463161509923,0.0836943987567251,0.0831517935908053,0.244660370441643,0.2510723459639535092486178837,0.1710469097075304092486178837,0.0800254362564231,3.5963456774328027798788465686,52.062280898892026315230349749,52.062276873429932162102204747,1680051000
21.23,4,0.0832847277104422904076591771,0.100999462016494,0.100458671079731,0.0836919699597075,0.0831498584665941,0.244623895439655,0.2510356465766609183956600707,0.1710179529281826183956600707,0.0800176936484783,3.5958199976163147735650206873,52.058557461695962009263121246,52.05855343581889446895749999,1680843000
21.24,4,0.0832823235119168264076591771,0.100994493863366,0.100454194724248,0.0836895540052306,0.0831479355106817,0.244587447275677,0.2509989749438046393722521031,0.1709890238311710393722521031,0.0800099511126336,3.5952947153546211007638430239,52.054822502898823913513697429,52.054818476614377900189863585,1681635000
21.25,4,0.0832799109720917864076591771,0.100989517816865,0.100449709804017,0.0836871296686672,0.0831460034996688,0.244551006440278,0.2509623100242291239197369143,0.1709601014440612239197369143,0.0800022085801679,3.59476952925534146613123606,52.051096942004719057008802995,52.051092915324473253207906326,1682426000
21.26,4,0.0832775011415957924076591771,0.100984546537404,0.100445228980674,0.0836847080546808,0.0831440735394441,0.244514594793852,0.2509256745083075916919604165,0.1709312085259489916919604165,0.0799944659823586,3.5942447643341532222370766762,52.047366420639503469616860389,52.04736239357246642860504784,1683218000
21.27,4,0.0832751031073831544076591771,0.100979589428835,0.10044076165929,0.0836822982946586,0.0831421547626175,0.244478215913857,0.2508890726208494276669778632,0.1709023493703648276669778632,0.0799867232504846,3.5937204811069793976942645536,52.043638460368981653061277299,52.043634432925770488818947624,1684010000
21.28,4,0.0832727077119494024076591771,0.100974635420369,0.100436296770294,0.0836798911863185,0.0831402379681262,0.24444184340069,0.2508524772543841646774273198,0.1708734969385615646774273198,0.0799789803158226,3.5931962912879407774683742912,52.039919868963895089899624583,52.039915841156328344913336919,1684802000
21.29,4,0.0832703040423337414076591771,0.100969676616334,0.100431826419225,0.0836774757633376,0.0831383121908644,0.244405521549533,0.2508159320455044610625844559,0.1708446949358524610625844559,0.079971237109652,3.5926728199251472014239329313,52.036196794234304462548654741,52.036192766071759645980651482,1685593000
21.30,4,0.0832679121485913464076591771,0.100964730001489,0.100427367592056,0.0836750721738112,0.0831363975801415,0.244369204418936,0.2507793923495520262162026062,0.1708158987863022262162026062,0.0799634935632498,3.5921494275310120489007013945,52.032479752350099703126303468,52.032475723843686744578156665,1686385000
21.31,4,0.0832655229103711904076591771,0.100959788196953,0.100422912911113,0.0836726712527919,0.0831344849722215,0.244332917870765,0.2507428834507539333832071903,0.1707871338428592333832071903,0.0799557496078947,3.5916264762754022133029747985,52.028760321648869919918159272,52.02875629280827883458107108,1687177000
21.32,4,0.0832631253594852014076591771,0.100954839656287,0.100418450831163,0.0836702619784598,0.0831325633464931,0.244296654787457,0.2507063974435310097701713350,0.1707583922686668097701713350,0.0799480051748642,3.5911038529192379936608619456,52.025054373206059666143221779,52.025050344044246474631034337,1687969000
21.33,4,0.0832607406190571024076591771,0.100949906035483,0.100414003009401,0.0836678655772257,0.0831306539305729,0.244260420570969,0.2506699412274113643657130126,0.1707296810319742643657130126,0.0799402601954371,3.5905816562909702833786579579,52.021330647470531812943556352,52.021326617993867143138477408,1688760000
21.34,4,0.0832583575142483084076591771,0.100944976125264,0.100409558237751,0.0836654708196086,0.0831287454961832,0.244224215902282,0.2506335146998814247195211968,0.1707010000989913247195211968,0.0799325146008901,3.5900598849222410294004260326,52.017622456336041711005857929,52.017618426558212348438634441,1689552000
21.35,4,0.0832559770949556014076591771,0.100940049516594,0.100405116108373,0.0836630787606392,0.083126839099555,0.244188019807348,0.2505970969095336444899707794,0.1706723285870314444899707794,0.0799247683225022,3.5895382387062125039863909323,52.013917339793038879312612576,52.013913309724588412293589783,1690344000
21.36,4,0.0832535884840611574076591771,0.100935116761222,0.100400667174212,0.0836606784700131,0.0831249238115816,0.244151853862134,0.2505607087207858197168082423,0.1706436874292345197168082423,0.0799170212915513,3.5890170165036700597064295377,52.010206511016867724244099804,52.010202480666893571112764395,1691135000
21.37,4,0.0832512214888922864076591771,0.100930208100926,0.100396241678237,0.0836582999008082,0.0831230295865359,0.244115721149169,0.2505243553182998709825219501,0.1706150818789847709825219501,0.0799092734393151,3.5884962925794215631949529287,52.006507903427941241429959152,52.006503872809431757017659486,1691927000
21.38,4,0.0832488471957594154076591771,0.100925292838957,0.100391808924889,0.083655913997954,0.0831211273705398,0.244079599205901,0.2504880121530272555660925822,0.1705864874559556555660925822,0.0799015246970716,3.5879757152942723937917220252,52.002799637925568790028753229,52.002795607046595187782632725,1692719000
21.39,4,0.0832464647089764064076591771,0.10092037099199,0.100387368932029,0.0836535198613848,0.0831192162647169,0.244043501173672,0.2504516923355455353873988569,0.1705579173394459353873988569,0.0798937749960996,3.5874554724433919857354501898,51.999095900312431182395618055,51.999091869184194349243535232,1693511000
21.40,4,0.0832441048363621494076591771,0.100915474163588,0.100382953304406,0.0836511484495621,0.0831173272287159,0.244007435196701,0.2504154061948694030525017883,0.1705293819271934030525017883,0.079886024267676,3.5869357119790380972218279798,51.995404084860327615223420269,51.995400053495886494443945541,1694302000
21.41,4,0.0832417367320828414076591771,0.100910570457211,0.10037853014666,0.0836487687658235,0.0831154292670584,0.243971389488486,0.2503791397483008088782404247,0.1705008673052213088782404247,0.0798782724430795,3.5864162336138066216551505187,51.991698552284537530750449127,51.991694520691239597894156325,1695094000
21.42,4,0.0832393702592672574076591771,0.100905669998558,0.100374109585667,0.0836463907215261,0.0831135322922832,0.243935366768036,0.2503428964146405870113323114,0.1704723769610529870113323114,0.0798705194535876,3.5858970863184214524397129252,51.988018743106656912847950587,51.98801471130035224759030514,1695886000
21.43,4,0.0832370064854971154076591771,0.100900773488408,0.100369692323385,0.0836440153894718,0.0831116373783709,0.243899361677666,0.2503066708982205171809479981,0.1704439056677414171809479981,0.0798627652304791,3.5853781942380249421453920804,51.984313611545305589536004278,51.984309579530923533056744387,1696678000
21.44,4,0.0832346444963598374076591771,0.100895881037771,0.100365278471995,0.0836416418507768,0.0831097436076139,0.243863388977535,0.2502704779310704620697875941,0.1704154682260389620697875941,0.0798550097050315,3.5848597683933999574065990655,51.980623032758678517834603978,51.980619000549871418566387649,1697469000
21.45,4,0.0832322951188167654076591771,0.10089100222325,0.100360877609272,0.0836392809853437,0.0831078618610884,0.243827429649573,0.2502342992095585988813034350,0.1703870464010362988813034350,0.0798472528085223,3.5843415466043538507932107602,51.976938353342031405710819385,51.976934320950435435556555169,1698261000
21.46,4,0.0832299385245594834076591771,0.100886118923012,0.100356471614551,0.0836369128679084,0.0831059722147012,0.243791510179758,0.2501981598911119476157399144,0.1703586654188810476157399144,0.0798394944722309,3.5838238892244564889396382452,51.973252243986446085083823042,51.973248211422406302914106415,1699053000
21.47,4,0.0832275825408735964076591771,0.100881235876823,0.100352065228763,0.08363454536403,0.0831040825351798,0.243755585592444,0.2501620154403525275614815906,0.1703302808129184275614815906,0.0798317346274341,3.5833061583314392244157584009,51.969571029260188836535924957,51.969566996534849298939540064,1699844000
21.48,4,0.0832252392532704494076591771,0.100876368790275,0.100347674158662,0.0836321906183151,0.0831022049682962,0.243719706387877,0.2501259173301588358780194188,0.1703019441247481358780194188,0.0798239732054107,3.582789091219966950625866347,51.965879510155114266854815279,51.965875477277179218347381553,1700636000
21.49,4,0.0832228877469415544076591771,0.100871494252294,0.100343274994336,0.0836298276136869,0.0831003184981366,0.24368383906419,0.2500898305072789811851496528,0.1702736203698413811851496528,0.0798162101374376,3.5822721857892095609742572058,51.962195983322286063688174781,51.962191950303887169743466854,1701428000
21.50,4,0.0832205488496572144076591771,0.100866634840748,0.10033889031481,0.0836274772797585,0.0830984440554746,0.243648006461543,0.2500537793312685500533655072,0.1702453339764744500533655072,0.0798084453547941,3.5817557909640848136566215358,51.958524087419073290722014557,51.958520054273444675216931471,1702220000
21.51,4,0.0832182017139844254076591771,0.100861768381856,0.100334497947456,0.0836251186671578,0.0830965606920959,0.243612191801562,0.2500177455179413291459897434,0.1702170667291841291459897434,0.0798006787887572,3.5812396448429235753073704197,51.954844981473891971077009524,51.954840948210014295873256246,1703011000
21.52,4,0.0832158662046710294076591771,0.100856915145345,0.100330118163156,0.0836227717377667,0.0830946883710374,0.24357639878948,0.2499817341775286485122802099,0.1701888238069230485122802099,0.0797929103706056,3.5807238206244083604748693368,51.95117944133958135632431452,51.951175407970996548746751102,1703803000
21.53,4,0.0832135234556390804076591771,0.100852055667323,0.100325731499166,0.0836204175332565,0.0830928081351232,0.243540620857366,0.2499457374004478009888846415,0.1701605973688304009888846415,0.0797851400316174,3.5802082050121059005849248069,51.947497770868824701377312007,51.947493737402616698611381747,1704595000
21.54,4,0.0832111923136297264076591771,0.100847209928772,0.100321357937616,0.0836180749925245,0.0830909389244002,0.24350487224627,0.2499097707869405912679802128,0.1701324030838704912679802128,0.0797773677030701,3.5796930214630290890418319517,51.943822080370466670197545494,51.943818046818725184645830133,1705387000
21.55,4,0.0832088539489042884076591771,0.100842358020861,0.10031697757082,0.083615725193759,0.0830890618182045,0.24346913950186,0.2498738195267580217460014515,0.1701042262105161217460014515,0.0797695933162419,3.5791780578359968460197699318,51.940160724450336801884775383,51.940156690826744124789368871,1706178000
21.56,4,0.0832065271718685474076591771,0.100837520006379,0.100312610462707,0.0836133870393442,0.083087195720065,0.243433438558516,0.2498379009150560985231772360,0.1700760841126451985231772360,0.0797618168024109,3.578663561865862470548847546,51.936487013745088182456572,51.936482980057908999549752168,1706970000
21.57,4,0.0832042021707961904076591771,0.100832684651977,0.10030824538107,0.0836110506695769,0.0830853307714205,0.243397750116426,0.2498019949155148571413145950,0.1700479568226603571413145950,0.0797540380928545,3.5781492465534952884290576373,51.932827830182942266839198384,51.932823796445896612449216037,1707762000
21.58,4,0.0832018797747400624076591771,0.100827852716424,0.100303883085814,0.0836087169175637,0.0830834678065176,0.243362073083351,0.2497661004915645275716148698,0.1700198433727129275716148698,0.0797462571188516,3.577635097051126219834579364,51.929155777818807706750137918,51.929151744039792188745205501,1708553000
21.59,4,0.0831995491533315434076591771,0.100823015959731,0.100299515338083,0.0836063748999781,0.0830815959431668,0.243326445640722,0.2497302551569153639792401543,0.1699917813452351639792401543,0.0797384738116802,3.5771216507030651313998238079,51.925490566801299531402402794,51.925486532992965985467562629,1709345000
21.60,4,0.0831972411176140974076591771,0.100818202770333,0.100295170527445,0.0836040555785222,0.0830797461442046,0.24329082990785,0.2496944231035092634628144991,0.1699637350008919634628144991,0.0797306881026173,3.5766083945966979700688541695,51.92184319323506748475459995,51.921839159412024214798391651,1710137000
21.61,4,0.0831949148369054364076591771,0.100813372512458,0.100290808019259,0.0836017179228614,0.0830778773804288,0.243255232959976,0.2496586085548236266494206859,0.1699357086318814266494206859,0.0797228999229422,3.5760953892288498728932906483,51.918181792791294063651858124,51.9181777589612989379907609,1710929000
21.62,4,0.0831926001775498634076591771,0.100808554270811,0.100286456899354,0.0835993919453794,0.0830760196653523,0.243219640482519,0.2496227992600708117584465510,0.1699076900561390117584465510,0.0797151092039318,3.5755824591199374628602192455,51.914523674045724862876955652,51.914519640220143564221228017,1711720000
21.63,4,0.0831902882718967444076591771,0.100803742196194,0.100282111319657,0.0835970687350647,0.0830741640890908,0.243184096572564,0.2495870388009785917190661597,0.1698797229241136917190661597,0.0797073158768649,3.5750702285322219305610282423,51.910866366452432709559995575,51.910862332642794446447572247,1712512000
21.64,4,0.0831879879499514454076591771,0.100798941972555,0.100277776965238,0.0835947571650994,0.0830723195259506,0.243148555311998,0.2495512817678565331188746680,0.1698517618948369331188746680,0.0796995198730196,3.5745580470198011694000127582,51.907212846052793938704850873,51.907208812270538193738434876,1713304000
21.65,4,0.0831856693987347334076591771,0.100794125347922,0.100273425585244,0.0835924272767259,0.0830704560182963,0.243113042155103,0.2495155515823027424882152770,0.1698238304586301424882152770,0.0796917211236726,3.5740462500723760727814679142,51.903565306926603668462593129,51.903561273184133250946870733,1714096000
21.66,4,0.0831833634302399344076591771,0.100789321685276,0.100269086543773,0.0835901100326009,0.0830686045299038,0.243077533144128,0.2494798263932608628573631436,0.1697959068331572628573631436,0.0796839195601036,3.5735345246965989665053865494,51.899909013829092700144407754,51.899904980135235033438535568,1714887000
21.67,4,0.0831810692311767474076591771,0.100784533027129,0.100264761884451,0.0835878046154571,0.0830667642446228,0.243042069204286,0.2494441471688098156385246509,0.1697680320552205156385246509,0.0796761151135893,3.5730234577170033383502501066,51.896271770609137009365171562,51.896267736979436516084086133,1715679000
21.68,4,0.0831787666138533554076591771,0.100779736333674,0.100260428568582,0.0835854907388899,0.0830649148771632,0.24300661166843,0.2494084737288945249250255936,0.1697401660134861249250255936,0.0796683077154084,3.5725124735966799197418651057,51.892620008958607845724471239,51.892615975400780442700942675,1716471000
21.69,4,0.0831764667463414714076591771,0.100774944556214,0.10025609954858,0.08358317962558,0.0830630676513176,0.242971184865022,0.2493728312462285987011791004,0.1697123339493893987011791004,0.0796604972968392,3.5720019329081900364802243856,51.888970608958738497505669179,51.888966575484487816072279359,1717263000
21.70,4,0.0831741784779188134076591771,0.100770165470303,0.100251782601104,0.0835808801680762,0.0830612314607442,0.242935772509687,0.2493372040185784638759294600,0.1696845202294194638759294600,0.079652683789159,3.5714916107336261763438093879,51.885332704504067843890332742,51.885328671126896763209842811,1718054000
21.71,4,0.0831718829580199614076591771,0.100765381570145,0.100247460221464,0.0835785734236382,0.0830593873638098,0.242900395813108,0.2493016119838925406850367894,0.1696567448602464406850367894,0.0796448671236461,3.5709817926630602327369152332,51.881693570976110276721350449,51.881689537707149226659941893,1718846000
21.72,4,0.0831695890362357394076591771,0.100760599353194,0.100243138908214,0.0835762682851292,0.083057544254482,0.242865020208697,0.2492660211131016830329957136,0.1696289738815230830329957136,0.0796370472315786,3.5704719912659763694810461621,51.878061537162207525425246898,51.878057504013781427474788337,1719638000
21.73,4,0.0831673068616922294076591771,0.100755830384176,0.100238830227181,0.0835739749513021,0.0830557123326159,0.242829664874566,0.2492304513443922438787084561,0.1696012273001576438787084561,0.0796292240442346,3.5699624921358646419589858957,51.874417854313358276186682399,51.874413821294201014822985445,1720429000
21.74,4,0.0831650162659647124076591771,0.100751054993604,0.100234514509973,0.0835716731551135,0.0830538713322675,0.242794339063835,0.2491949105363467032812142930,0.1695735130434552032812142930,0.0796213974928915,3.569453407838639375970727274,51.870778007512611684255964243,51.870773974634934821331090384,1721221000
21.75,4,0.0831627284161993974076591771,0.100746284001487,0.100230202577697,0.0835693741183141,0.0830520324762848,0.242759036639392,0.2491593933216448221768392682,0.1695458258128166221768392682,0.0796135675088282,3.5689446614930833029420768159,51.867156340756948959135752967,51.867152308035822860383365361,1722013000
21.76,4,0.0831604532462714794076591771,0.100741526697227,0.100225903720842,0.0835670878233535,0.0830502057482121,0.242723747341494,0.2491238901136067507565784905,0.1695181560902846507565784905,0.0796057340233221,3.5684361157801519374214000042,51.863515817921859627352798799,51.863511785364537522273659292,1722805000
21.77,4,0.0831581686353825024076591771,0.100736760410773,0.100221595270451,0.0835647920412678,0.0830483689201778,0.242688465638498,0.2490883938127594640018151153,0.1694904968451080640018151153,0.0795978969676514,3.5679276690073741460431079174,51.859890296867243071973572608,51.859886264487971701156952359,1723596000
21.78,4,0.0831558967868743464076591771,0.100732009892465,0.100217301977948,0.0835625090839679,0.0830465443051825,0.24265322562233,0.2490529401545540597016230952,0.1694628838814597597016230952,0.0795900562730943,3.5674198330473836870028911176,51.856259970779792122917798666,51.856255938589232533140130585,1724388000
21.79,4,0.0831536165147713114076591771,0.100727251707036,0.100213000409154,0.0835602176618838,0.0830447106147437,0.242617997351482,0.2490174976357331599786595222,0.1694352857648050599786595222,0.0795822118709281,3.5669121566492704537050447256,51.852635050293927110490278221,51.852631018304462477530833938,1725180000
21.80,4,0.0831513489854541794076591771,0.100722507191807,0.100208711902469,0.0835579390448947,0.0830428891198258,0.242582781047567,0.2489820679658605030160916541,0.1694077042734288030160916541,0.0795743636924317,3.5664046643007289339280501803,51.849011864477948967749433204,51.849007832701212931736496288,1725971000
21.81,4,0.0831490830315842444076591771,0.100717765392069,0.100204425504267,0.0835556620110564,0.0830410685995669,0.242547580924034,0.2489466545840348927218208550,0.1693801429151522927218208550,0.0795665116688826,3.5658974052632142647235276839,51.845384770809018361282877422,51.845380739255484625713138358,1726763000
21.82,4,0.0831468088375653644076591771,0.100713017616491,0.100200132524292,0.0835533766967767,0.0830392391914552,0.242512414089357,0.2489112739508555771528056032,0.1693526182192966771528056032,0.0795586557315589,3.5653906153174719874097267555,51.841759761643428830729021359,51.841755730325270171881593596,1727555000
21.83,4,0.0831445472828356034076591771,0.100708284430705,0.100195853529253,0.0835511040835893,0.0830374218781021,0.242477273863115,0.2488759208368334494943579322,0.1693251250250947494943579322,0.0795507958117387,3.5648842195565689418511744355,51.838150255040438727230681627,51.838146223972480176443839373,1728347000
21.84,4,0.0831422873021230514076591771,0.10070355253938,0.10019157522489,0.0835488330521157,0.0830356055412046,0.242442129515947,0.2488405636601023023593103105,0.1692976318194022023593103105,0.0795429318407001,3.5643777656035978862435612861,51.834523449101653502377518524,51.834519418291317347151207885,1729139000
21.85,4,0.0831400290610483104076591771,0.100698825095086,0.100187300764846,0.0835465637687862,0.0830337903482659,0.242407023745762,0.2488052452345492160598119014,0.1692701814848284160598119014,0.0795350637497208,3.5638718667223423351352527861,51.830913635199014722179845156,51.830909604661794453674659826,1729930000
21.86,4,0.0831377734942652374076591771,0.100694101686806,0.100183029739171,0.0835442971728251,0.083031977239581,0.242371937210348,0.2487699462364821958127248834,0.1692427547664028958127248834,0.0795271914700793,3.5633662461212795607864736968,51.827298944981394443230530942,51.827294914727741516719687556,1730722000
21.87,4,0.0831355184817497754076591771,0.100689378297148,0.100178758131536,0.0835420311338419,0.0830301640858277,0.242336842998609,0.2487346395401935026463670523,0.1692153246071402026463670523,0.0795193149330533,3.5628605152532748889972168592,51.823676776887608432950223131,51.823672746927039796265877268,1731514000
21.88,4,0.0831332672069967004076591771,0.100684662135183,0.100174493152079,0.0835397688508977,0.0830283540871331,0.242301798344605,0.2486993827432768770698897779,0.1691879486733560770698897779,0.0795114340699208,3.5623554991431068343158477513,51.820076180382124300530761859,51.820072150731333278992199219,1732305000
21.89,4,0.0831310075038956164076591771,0.100679937218353,0.100170218819302,0.083537498098393,0.083026535018961,0.242266749948175,0.2486641215605971897599718512,0.1691605727486378897599718512,0.0795035488119593,3.5618504202134941281681728977,51.816458271483653040227297596,51.816454242150281583278486801,1733097000
21.90,4,0.0831287685189843644076591771,0.10067523526415,0.100165966851754,0.0835352481653851,0.0830247361714301,0.242231731514666,0.2486288918279693442411581403,0.1691332327375210442411581403,0.0794956590904483,3.561345791774654663958487416,51.812855116834812353849852314,51.81285108783374470478185104,1733889000
21.91,4,0.0831265232056298584076591771,0.100670528968791,0.10016170994671,0.0835329918729893,0.0830229303667146,0.242196742206995,0.2485936908058082828419839533,0.1691059259691443828419839533,0.0794877648366639,3.5608415745849623618609704661,51.809249062351818020368760013,51.809245033694397012795067373,1734681000
21.92,4,0.0831242784625190154076591771,0.100665822989606,0.100157452762553,0.0835307361536256,0.0830211245382908,0.242161749247702,0.2485584861214512653248431210,0.1690786201395656653248431210,0.0794798659818856,3.5603373049401424941358468114,51.805637907035507874918008165,51.805633878731895337048014216,1735472000
21.93,4,0.0831220364357391594076591771,0.100661121666841,0.100153199640582,0.083528483163875,0.083019320843794,0.242126783789266,0.2485233091543231999745933682,0.1690513466969322999745933682,0.0794719624573909,3.5598334323173784401228773704,51.802041415577629019889004302,51.80203738764283043727180616,1736264000
21.94,4,0.0831197960605593214076591771,0.100656423502022,0.10014894908337,0.0835262318338004,0.083017518214339,0.242091839740605,0.2484881537237255790362620122,0.1690240995292683790362620122,0.0794640541944572,3.5593298681846860664564732232,51.798433781217512835515414622,51.798429753661017045651965219,1737056000
21.95,4,0.0831175572358950584076591771,0.100651728147454,0.10014470074427,0.0835239820618231,0.0830157165493965,0.242056913585566,0.2484530162978899487823787153,0.1689968751735259487823787153,0.079456141124364,3.5588265619531978609151158119,51.794827900156752653228357371,51.794823872990657565859117183,1737848000
21.96,4,0.0831153311623683504076591771,0.100647046521179,0.10014046554237,0.0835217451033332,0.0830139271054041,0.242022000106744,0.2484178924337978225383608426,0.1689696692554096225383608426,0.0794482231783882,3.5583234499813739873203093765,51.791238301152128586874941758,51.791234274391589805409605124,1738639000
21.97,4,0.0831130967204938404076591771,0.100642357508004,0.100136222363517,0.0835194997355764,0.083012128660652,0.241987101583361,0.2483827829322696813354059368,0.1689424826444619813354059368,0.0794403002878077,3.5578205437401335010548376372,51.787635354657662507032179652,51.787631328311687053310072372,1739431000
21.98,4,0.0831108648460703334076591771,0.100637672733988,0.100131982834813,0.0835172569478248,0.0830103322054552,0.241952226738084,0.2483476973057898523060311744,0.1689153249218890523060311744,0.0794323723839008,3.5573179794857781603143911543,51.784041938304823304003084391,51.784037912387395564479802276,1740223000
21.99,4,0.0831086336842896384076591771,0.100632990828044,0.100127745586206,0.0835150148762006,0.0830085358769762,0.241917382683149,0.2483126425537005979101787454,0.1688882031557541979101787454,0.0794244393979464,3.5568158574764812641290787287,51.780451457649722437536883114,51.780447432173459688555743452,1741014000
22.00,4,0.0831064151708777184076591771,0.100628321672492,0.100123520501052,0.0835127855147927,0.0830067516703417,0.241882538799945,0.2482775888214033239739045092,0.1688610875601823239739045092,0.079416501261221,3.55631375007666032704726584,51.776851443813816867645775596,51.776847418788471873745988822,1741806000
22.01,4,0.0831041892235323604076591771,0.100623645989911,0.100119288302966,0.0835105486831012,0.0830049594060878,0.241847708707763,0.2482425483503603566789684121,0.1688339904453573566789684121,0.079408557905003,3.5558118326323246213291772496,51.773268680668923287313866532,51.773264656109961928773162065,1742598000
22.02,4,0.0831019739870003534076591771,0.100618983184586,0.10011506839726,0.0835083226145964,0.0830031773187179,0.241812908513204,0.2482075385615847926186112666,0.1688069293010135926186112666,0.0794006092605712,3.5553103546811175263145738789,51.769670722752931104255854454,51.769666698669366122798543246,1743390000
22.03,4,0.0830997513972347094076591771,0.100614314709878,0.100110842238326,0.0835060891569024,0.0830013872568876,0.24177813321189,0.2481725531692122325745609188,0.1687798979100093325745609188,0.0793926552592029,3.5548092261846558818679827668,51.766093583158521764749880139,51.766089559566789565508818973,1744181000
22.04,4,0.0830975404353754894076591771,0.100609657768732,0.100106627030134,0.0835038673839724,0.0829996082955791,0.241743355380988,0.2481375660172988054748408852,0.1687528701851218054748408852,0.079384695832177,3.5543080724866506349334671139,51.762499169775020494719499169,51.762495146683201746656919738,1744973000
22.05,4,0.0830953220377491404076591771,0.1006049950075,0.100102405420062,0.0835016381389162,0.0829978212789285,0.241708601476993,0.2481026022874353884613397700,0.1687258713766650884613397700,0.0793767309107703,3.5538072542868320845411357226,51.758914424653626154670277406,51.758910402075929909996659912,1745765000
22.06,4,0.0830931153485119234076591771,0.100600346105651,0.100098197088599,0.0834994206595004,0.0829960454457269,0.241673877144649,0.2480676689834560913018032482,0.1686989085571950913018032482,0.079368760426261,3.5533068719077445832608654703,51.755338253395992331250341626,51.755334231346578483247926308,1746557000
22.07,4,0.0830909103039181164076591771,0.100595698588289,0.100093989561869,0.0834972048327699,0.0829942706840415,0.241639148959717,0.2480327318924091553929986808,0.1686719475824813553929986808,0.0793607843099278,3.5528064352849249709571834015,51.751750285711373363026231711,51.751746264199437266153546466,1747348000
22.08,4,0.0830886968851116394076591771,0.100591044179826,0.100089774565303,0.0834949805908788,0.0829924869270462,0.241604442904193,0.2479978163557947315157462240,0.1686450138627459315157462240,0.0793528024930488,3.5523063074086552213440367531,51.748163312430519927856887698,51.748159291468526016361218142,1748140000
22.09,4,0.0830864960103903944076591771,0.100586403291542,0.100085572511196,0.0834927689544105,0.0829907151963421,0.241569749530503,0.2479629143729425524928922420,0.1686180994660416524928922420,0.0793448149069009,3.5518063736777746066816502863,51.744589826978546506016182926,51.744585806581451828083162093,1748932000
22.10,4,0.0830842958599788624076591771,0.100581765720844,0.100081373197965,0.0834905580457937,0.0829889436153732,0.241535093206637,0.2479280495408572278563187450,0.1685912280580943278563187450,0.0793368214827629,3.5513069720944770471442031636,51.741009383354420436870224833,51.741005363533296875200441238,1749724000
22.11,4,0.0830820893337753864076591771,0.100577121540564,0.100077166699456,0.0834883407302088,0.0829871650503334,0.241500434249257,0.2478931815804519149856010897,0.1685643594285383149856010897,0.0793288221519136,3.5508075257033348685316882224,51.737441147340327948665490051,51.737437128109573891625217121,1750515000
22.12,4,0.0830798933686289994076591771,0.100572489062368,0.100072971328342,0.083486134027322,0.0829853965218996,0.241465790540412,0.2478583296076460042128065272,0.1685375127620169042128065272,0.0793208168456291,3.5503083083197429374785165468,51.733856385616974440658062277,51.733852366985400842979557663,1751307000
22.13,4,0.0830777001076702074076591771,0.100567861809095,0.100068780608468,0.0834839300418456,0.0829836301357931,0.241431182635874,0.2478235136763826506636871501,0.1685107081811937506636871501,0.0793128054951889,3.5498096071952710389502627345,51.730282292010004110856558767,51.730278273992412396822019098,1752099000
22.14,4,0.0830755084693487674076591771,0.100563236014663,0.100064590774758,0.0834817276869409,0.0829818648061816,0.241396572258581,0.2477886953402045423364149408,0.1684839073083340423364149408,0.0793047880318705,3.5493108716250002283297105071,51.726714610513686775640273473,51.726710593123462971707177495,1752890000
22.15,4,0.0830733184714708194076591771,0.100558614127368,0.100060404276508,0.083479526980501,0.0829801005519627,0.241361994164219,0.2477539094409873706942650234,0.1684571450540354706942650234,0.0792967643869519,3.5488126006820222102727823459,51.723140657091692517290403318,51.723136640340065054222921467,1753682000
22.16,4,0.0830711310768601134076591771,0.100553996005954,0.100056220973464,0.0834773288900578,0.0829783383416704,0.241327432462533,0.2477191401174004915933455841,0.1684304056256890915933455841,0.0792887344917114,3.5483145671695289317235414493,51.719585203958702419366039693,51.719581187861925933933726021,1754474000
22.17,4,0.0830689442410636644076591771,0.100549377653357,0.100052036869556,0.0834751313611613,0.0829765761218546,0.241292859444498,0.2476843594491655087531051559,0.1684036611717391087531051559,0.0792806982774264,3.5478163711589922593163988993,51.716004665329959760152460869,51.716000649894745865509468727,1755266000
22.18,4,0.0830667601064852384076591771,0.10054476498732,0.100047857883525,0.0834729365466911,0.0829748160463929,0.241258328874929,0.2476496214829984955676038631,0.1683769658076228955676038631,0.0792726556753756,3.547318786812588951247045256,51.71243697894704541227256745,51.71243296418888977647677059,1756057000
22.19,4,0.0830645785919452804076591771,0.100540155244417,0.100043681252938,0.0834707443650707,0.0829730580347043,0.241223802404384,0.2476148877701786178083471221,0.1683502811533420178083471221,0.0792646066168366,3.5468212633929789276896596811,51.708877861910066476593905341,51.708873847843052738908993057,1756849000
22.20,4,0.0830623977152546224076591771,0.100535548317108,0.100039506871245,0.0834685528244186,0.0829713000959007,0.241189307049664,0.2475801852542626282728012573,0.1683236342211743282728012573,0.0792565510330883,3.5463241868381616228829555326,51.705312189874548771696338802,51.705308176509931092618469918,1757641000
22.21,4,0.0830602203589435314076591771,0.10053094404537,0.100035334579412,0.0834663648213598,0.0829695451275985,0.241154798997467,0.2475454702175809523309294012,0.1682969813621736523309294012,0.0792484888554073,3.5458269309386742274183210937,51.701739019694202108812955016,51.7017350070424852824549773,1758432000
22.22,4,0.0830580437198212244076591771,0.100526343820787,0.100031165770012,0.0834641775389967,0.0829677903138891,0.241120338530189,0.2475108028928249370212215597,0.1682703828777531370212215597,0.0792404200150718,3.5453303584642823910527264029,51.698193213362712232204297041,51.69818920144273784841188479,1759224000
22.23,4,0.0830558786986750994076591771,0.100521755153839,0.100027007954506,0.0834620019314189,0.0829660466098492,0.24108587601929,0.2474761342963225113099815006,0.1682437898529619113099815006,0.0792323444433606,3.5448337677755436832334893808,51.694629584735416529408315328,51.694625573555693767944622771,1760016000
22.24,4,0.0830537062766641564076591771,0.100517159581513,0.100022842670865,0.0834598188867878,0.0829642949046248,0.241051421410772,0.2474414730620000673934474256,0.1682172109904481673934474256,0.0792242620715519,3.5443372825443501593433937504,51.691064803977697192736342945,51.691060793550397063595885481,1760808000
22.25,4,0.0830515354899316494076591771,0.100512567562684,0.100018680378946,0.0834576374854312,0.0829625442795266,0.241016994101613,0.2474068392692292227413508890,0.1681906664383068227413508890,0.0792161728309224,3.5438411903865375775781300688,51.687514950859489365887628675,51.687510941200595567364571142,1761599000
22.26,4,0.0830493763196384214076591771,0.10050798794078,0.100014529923152,0.0834554677573156,0.0829608047655014,0.240982576773184,0.2473722162585218487720005518,0.1681641396057702487720005518,0.0792080766527516,3.5433452526724853721764116981,51.68395218171740081735759141,51.683948172836672265916351365,1762391000
22.27,4,0.0830472096854088154076591771,0.100503402307166,0.100010372895826,0.0834532905287667,0.0829590571898535,0.240948181035564,0.2473376143276229003337065327,0.1681376408593065003337065327,0.0791999734683164,3.5428496169065653548736972801,51.680404458273571348264530955,51.680400450186986742657750607,1763183000
22.28,4,0.0830450437465355114076591771,0.100498817326863,0.100006215962963,0.0834511139989742,0.0829573097527487,0.240913784662724,0.2473030117696402242426866837,0.1681111485607446242426866837,0.0791918632088956,3.5423539721604313923043978935,51.676845235691599187824586009,51.67684122840916744379280592,1763975000
22.29,4,0.0830428904042449944076591771,0.10049424753251,0.100002073658172,0.0834489501273588,0.0829555744145819,0.240879424035688,0.2472684458907884404641855011,0.1680847000850219404641855011,0.0791837458057665,3.5418588528062573778728086586,51.673293188033598659794438026,51.67328918156989499126083673,1764766000
22.30,4,0.0830407286946851074076591771,0.100489670084508,0.0999979231428256,0.0834467778475601,0.0829538301099647,0.240845074531565,0.2472338905350172128418548470,0.1680582693448092128418548470,0.079175621190208,3.5413638841862106373789224169,51.669751815007733609108820147,51.669747809377595104339027457,1765558000
22.31,4,0.0830385695806935024076591771,0.100485095177714,0.0999937746127478,0.0834446081760213,0.0829520878563103,0.240810724016351,0.2471993343091021689591217369,0.1680318450156051689591217369,0.079167489293497,3.5408689031044010909969183287,51.666198918645790939605170338,51.66619491385941964925010982,1766350000
22.32,4,0.0830364220984198444076591771,0.100480533869339,0.0999896391261148,0.0834424501930768,0.0829503567349208,0.240776400443536,0.2471648058698204706115231251,0.1680054558229083706115231251,0.0791593500469121,3.5403743200389086053612074752,51.662645418928944929855356312,51.662641414999198635113962508,1767142000
22.33,4,0.0830342661312678744076591771,0.100475965075614,0.0999854956001208,0.083440283683765,0.0829486165318003,0.240742092094446,0.2471302920563823741358159497,0.1679790886746507741358159497,0.0791512033817316,3.5398799464753169654373644547,51.659104979011360617919149329,51.659100975953789236327352977,1767933000
22.34,4,0.0830321218560039914076591771,0.100471408051399,0.0999813632905872,0.0834381289235118,0.0829468875233384,0.240707783666211,0.2470957789464125542250295263,0.1679527297171796542250295263,0.0791430492292329,3.5393855829902886054641026301,51.655552527052254526185983953,51.655548524876984797543201434,1768725000
22.35,4,0.0830299691926179624076591771,0.100466844727092,0.0999772241288709,0.0834359657341206,0.0829451495322999,0.240673506017708,0.2470612960632130001765198362,0.1679264085425182001765198362,0.0791348875206948,3.5388916524739773104069966008,51.652017065957791803058071131,51.652013064681476782035495667,1769517000
22.36,4,0.0830278291406075204076591771,0.10046229408111,0.0999730970943462,0.0834338152177715,0.0829434236618244,0.240639228040738,0.2470268136982963561470480751,0.1679000955109015561470480751,0.0791267181873948,3.5383977293836555412746437684,51.648466665873328888522901623,51.648462665505571254964297244,1770308000
22.37,4,0.0830256906811435224076591771,0.100457746827869,0.0999689729023846,0.083431666301756,0.0829416988401609,0.240604975678978,0.2469923570844806600220876295,0.1678738159238702600220876295,0.0791185411606104,3.5379041751528286238670369709,51.644925085217207230917117921,51.644921085773014705461673904,1771100000
22.38,4,0.0830235438320532764076591771,0.100453192836447,0.0999648414230168,0.083429508955091,0.0829399650372813,0.240570747853458,0.2469579244387908791941966676,0.1678475680671698791941966676,0.079110356371621,3.5374109642422324248185872912,51.641392489027046382924872572,51.641388490521288331693676177,1771892000
22.39,4,0.0830214185928372084076591771,0.100448659979257,0.0999607305296064,0.0834273733239673,0.0829382524003298,0.240536510994842,0.2469234842180132717254867226,0.1678213204663104717254867226,0.0791021637517028,3.536917644828662755864753368,51.63784849620436585545492476,51.637844498647467553900033182,1772684000
22.40,4,0.0830192758840576024076591771,0.100444110846249,0.099956602813052,0.0834252201378581,0.0829365216597307,0.240502293080473,0.2468890617218128801499021855,0.1677950984896770801499021855,0.0790939632321358,3.5364245793030790244743645245,51.634305803959928617894241535,51.634301807365104780316065077,1773475000
22.41,4,0.0830171448448375414076591771,0.100439574155082,0.0999524869919611,0.0834230786783698,0.0829348020980395,0.240468085022951,0.2468546498882337336867577651,0.1677688951440373336867577651,0.0790857547441964,3.5359316665104596099871816789,51.630772919732875858676409742,51.630768924115251630111446555,1774267000
22.42,4,0.0830150154139982014076591771,0.100435040969164,0.099948374130684,0.0834209388351268,0.0829330836058276,0.240433903961125,0.2468202651910566955962636790,0.1677427269718935955962636790,0.0790775382191631,3.5354391424203183790376159122,51.627233671526427336092158747,51.627229676897977046720627523,1775059000
22.43,4,0.0830128875727157934076591771,0.10043051029993,0.0999442632415996,0.0834188005892132,0.0829313661651242,0.240399736028977,0.2467858937291477201838391220,0.1677165801408328201838391220,0.0790693135883149,3.5349468079135666574256600651,51.623711086100704004854567757,51.623707092477890200046862886,1775851000
22.44,4,0.0830107513571507494076591771,0.100425972265861,0.0999401444441296,0.0834166539280689,0.082929639764312,0.240365583450065,0.2467515370314140601859844761,0.1676904562484862601859844761,0.0790610807829278,3.5344546848902283653254932971,51.620171154758879839425115916,51.620167162151393790117419963,1776642000
22.45,4,0.0830086277118254974076591771,0.100421446589022,0.0999360374612781,0.0834145198986297,0.0829279254512679,0.240331426542817,0.2467171768400337647276551029,0.1676643371057523647276551029,0.0790528397342814,3.533962511826240234162922131,51.616631901725786769600539742,51.61662791014660951638283139,1777434000
22.46,4,0.0830065056912300124076591771,0.100416923864716,0.0999319328892832,0.0834123875018648,0.0829262122278999,0.240297288491279,0.2466828356266044298569084466,0.1676382452529506298569084466,0.0790445903736538,3.5334706106035353193207302849,51.613107263170550199174442076,51.613103272635956967562158672,1778226000
22.47,4,0.0830043852582162604076591771,0.100412404124097,0.099927830760235,0.0834102567004446,0.0829245000578152,0.240263170276072,0.2466485143715976219399846591,0.1676121817392758219399846591,0.0790363326323218,3.5329789952663477846204220002,51.609577992342702489598985383,51.609574002865095096377315216,1779017000
22.48,4,0.0830022674122926434076591771,0.100407888291646,0.099923731999546,0.0834081284987648,0.0829227899463444,0.240229070719205,0.2466142119644454202010499572,0.1675861455228812202010499572,0.0790280664415642,3.5324876499069616854447809993,51.606045540959681680633877726,51.606041552551744077904389282,1779809000
22.49,4,0.0830001611712962134076591771,0.100403384501699,0.099919644742484,0.0834060119587574,0.0829210909563524,0.240194976238944,0.2465799154239846543179948505,0.1675601236913255543179948505,0.0790197917326591,3.5319963885839147799894978393,51.602521427009247735311842688,51.602517439685859829216562552,1780601000
22.50,4,0.0829980455164093444076591771,0.100398872157531,0.0999155483932514,0.083403885958828,0.0829193819671754,0.24016089507877,0.2465456315369266750124561341,0.1675341231000420750124561341,0.0790115084368846,3.5315053085096783672846813225,51.598992545359468314146144025,51.598988559132885451339249422,1781393000
22.51,4,0.0829959324654708364076591771,0.100394363182967,0.0999114548765991,0.0834017625755796,0.0829176750563454,0.24012682463206,0.2465113585348252421500762888,0.1675081420493075421500762888,0.0790032164855177,3.5310143843531609618786969306,51.595473641073670359355256999,51.595469655959360746928423418,1782184000
22.52,4,0.0829938219215664524076591771,0.100389857535573,0.0999073641510204,0.0833996417116241,0.0829159701274011,0.240092765688066,0.2464770972021152404150780928,0.1674821813922776404150780928,0.0789949158098376,3.5305236273505408628016534608,51.591944679144195953008690382,51.591940695153395428788193307,1782976000
22.53,4,0.0829917120588028834076591771,0.100385353811609,0.0999032748136952,0.08339752153214,0.0829142653464458,0.240058724475512,0.2464428536544926116274116879,0.1674562473133706116274116879,0.078986606341122,3.5300331251027159634578460372,51.588422247802480708534265906,51.58841826494998642201025055,1783768000
22.54,4,0.0829896047801980884076591771,0.100380852752753,0.0998991876072229,0.0833954039494506,0.0829125626267256,0.240024684186559,0.2464086111768619561158668595,0.1674303231662130561158668595,0.0789782880106489,3.5295426381835845896472674982,51.584901709207164433671423558,51.584897727506578697822994054,1784560000
22.55,4,0.0829875090852665574076591771,0.100376365387907,0.0998951135614236,0.0833932980070759,0.0829108710126813,0.239990672897616,0.2463743985466407804957342357,0.1674044377969455804957342357,0.0789699607496952,3.529052578799309499565608405,51.581380904419433573101519556,51.581376923884504699158735357,1785351000
22.56,4,0.0829854049918514214076591771,0.100371869972467,0.0998910309326112,0.083391183625151,0.0829091704253669,0.239956667502962,0.2463401911976288178388635031,0.1673785667080879178388635031,0.0789616244895409,3.528562595064962721825768438,51.57785270967671406758453365,51.577848730319180130034812597,1786143000
22.57,4,0.0829833024811411204076591771,0.100367376452807,0.0998869496680739,0.0833890708336699,0.0829074708956934,0.239922666456446,0.2463059882813311481245350837,0.1673527091198681481245350837,0.078953279161463,3.5280726748267776089976244779,51.574344589011495851972955971,51.574340610848887962300456277,1786935000
22.58,4,0.0829812025709805034076591771,0.100362887121539,0.0998828720613366,0.0833869606554546,0.0829057734473976,0.239888687881136,0.2462718080366557016419128745,0.1673268833399169016419128745,0.0789449246967388,3.5275830793378809192768670843,51.570821876080322756331706592,51.570817899123439272235619566,1787726000
22.59,4,0.0829791142242319494076591771,0.100358410223693,0.099878806358339,0.0833848620971937,0.0829040870880811,0.239854720570208,0.2462376398592854849049793985,0.1673010788326377849049793985,0.0789365610266477,3.5270936567025896545065118977,51.567300028320779803402537544,51.567296052583265605196268249,1788518000
22.60,4,0.0829770164770697954076591771,0.100353923526924,0.099874730327645,0.0833827540925534,0.0829023907523211,0.239820748584515,0.2462034662981134770624193381,0.1672752782156466770624193381,0.0789281880824668,3.5266041569522380320478312404,51.563790166680596820674068379,51.563786192178267943785817611,1789310000
22.61,4,0.0829749323290136814076591771,0.100349452940378,0.0998706698793094,0.0833806597535156,0.0829007075530084,0.239786811118244,0.2461693282592470390071141669,0.1672495224637724390071141669,0.0789198057954746,3.5261151660236364861395384719,51.560275926937255502126901203,51.560271953683151793208152949,1790102000
22.62,4,0.0829728387429285434076591771,0.100344973059114,0.0998665996092927,0.083378555930299,0.082899014341269,0.239752876729404,0.2461351926051896590646395231,0.1672237785082408590646395231,0.0789114140969488,3.525626209257139396121394512,51.556752380103312301094522726,51.55674840810909531520712993,1790893000
22.63,4,0.0829707567549912734076591771,0.100340505748243,0.0998625413836121,0.0833764637619424,0.0828973322570469,0.239718955063103,0.2461010704828497615706660743,0.1671980575646830615706660743,0.0789030129181667,3.5251374463204406018579264021,51.553246905825888509837105496,51.553242935108976715412875522,1791685000
22.64,4,0.0829686673463962804076591771,0.100336031642896,0.0998584758382978,0.0833743641366428,0.0828956421894421,0.23968504316764,0.2460669575969542395372918585,0.1671723554065463395372918585,0.0788946021904079,3.5246488156882740235233133021,51.549734755648003945715786966,51.549730786220628720758305496,1792477000
22.65,4,0.0829665895166665964076591771,0.10033156940823,0.0998544216394065,0.0833722761468265,0.0828939632317823,0.239651134266003,0.2460328484890790066710932809,0.1671466666441292066710932809,0.0788861818449498,3.5241602391744888517089434927,51.546226548399075709264466468,51.546222580275648716858058145,1793269000
22.66,4,0.0829645132653260984076591771,0.100327110365011,0.0998503701086022,0.0833701897431172,0.0828922853355906,0.239617248303019,0.2459987624500955103264980358,0.1671210106370257103264980358,0.0788777518130698,3.5236719931004807094019029756,51.542716115571297485842523753,51.542712148765381501966690954,1794060000
22.67,4,0.0829624285918995004076591771,0.100322643868902,0.0998463106024411,0.0833680948761399,0.0828905984523893,0.239583377121178,0.2459646905999159029371395100,0.1670953785738697029371395100,0.0788693120260462,3.5231839502683513280279982689,51.539206286405043857160461545,51.53920232093059752682194508,1794852000
22.68,4,0.0829603564959123624076591771,0.100318190056162,0.0998422632580769,0.0833660126481027,0.0828889236852821,0.239549506169812,0.2459306198280148270338097500,0.1670697574128572270338097500,0.0788608624151576,3.5226959228836444390130358948,51.535704539824419685370552502,51.535700575696654075652541615,1795644000
22.69,4,0.0829582849952188524076591771,0.100313736910863,0.0998382160604718,0.08336393101827,0.082887248994427,0.239515636224082,0.2458965500695366831730777923,0.1670441471578555831730777923,0.0788524029116811,3.5222079100174141512795676531,51.532187543037645402557147899,51.532183580267249903896432408,1796436000
22.70,4,0.0829562060526906514076591771,0.100309279045282,0.0998341636227942,0.0833618419102138,0.0828855663042876,0.23948180601626,0.2458625195866383496757995575,0.1670185861397424496757995575,0.0788439334468959,3.5217204597346455751093297066,51.528680265595219343117691909,51.528676304198385475842324182,1797227000
22.71,4,0.0829541397045113764076591771,0.10030483289243,0.0998301223789415,0.0833597654580899,0.0828838957499096,0.239447961914328,0.2458284760243170181813829902,0.1669930220722382181813829902,0.0788354539520788,3.5212328221052093870291761311,51.525182632217029141964132121,51.525178672209346667965586843,1798019000
22.72,4,0.0829520739135543734076591771,0.100300388816222,0.099826082693715,0.0833576895659129,0.0828822252361955,0.239414139518849,0.2457944542242969365081797079,0.1669674898657887365081797079,0.0788269643585082,3.5207454962000251564864248513,51.521676430644776331258105569,51.521672472038594752252634256,1798811000
22.73,4,0.0829500097160049224076591771,0.100295946628419,0.0998220443797588,0.0833556152749348,0.0828805558052832,0.239380321210849,0.2457604365974538013259250098,0.1669419719999912013259250098,0.0788184645974626,3.5202582300734393444896732671,51.518168783356874609592249297,51.518164826165689711421002745,1799602000
22.74,4,0.0829479370747380284076591771,0.100291498156749,0.0998179992656834,0.0833535324989516,0.0828788773718528,0.239346534712995,0.2457264502289170119158777714,0.1669164956286980119158777714,0.078809954600219,3.5197714116913874655872868561,51.514677866021035467379671213,51.51467391026268502567533379,1800394000
22.75,4,0.0829458870259406304076591771,0.100287071217726,0.0998139751688828,0.0833514724259096,0.0828772211247328,0.239312730722392,0.2456924478763325354200375931,0.1668910135782757354200375931,0.0788014342980568,3.5192843643569606568308858226,51.511167435303743282496973348,51.511163480987750833376225521,1801186000
22.76,4,0.0829438185324893824076591771,0.100282627711964,0.0998099339908498,0.0833493938180238,0.0828755458270187,0.239278955560233,0.2456584730904422919413043169,0.1668655694681894919413043169,0.0787929036222528,3.518797711888614838394649325,51.507673651433674091216446795,51.507669698577797712588543019,1801978000
22.77,4,0.0829417616305728714076591771,0.100278195675917,0.0998059037689132,0.0833473268583526,0.0828738816626472,0.239245177474551,0.2456244961524085382165206077,0.1668401336483227382165206077,0.0787843625040858,3.5183110285953454712871747644,51.504170862282930861602847881,51.504166910899183786194306855,1802769000
22.78,4,0.0829397163593917484076591771,0.10027377709828,0.0998018864926439,0.0833452715862882,0.0828722286718872,0.239211424340256,0.2455905450080253740927579657,0.1668147341331921740927579657,0.0787758108748332,3.5178247147711889080783390202,51.500670425666091783412037346,51.500666475769381396057238294,1803561000
22.79,4,0.0829376635840966724076591771,0.100269350715142,0.099797860899002,0.0833432087734166,0.0828705676271992,0.239177667719777,0.2455565898057606941230640548,0.1667893411399872941230640548,0.0787672486657734,3.5173383428244224210283668541,51.497178662267936961313172306,51.497174713873861935646453831,1804353000
22.80,4,0.0829356023806126654076591771,0.100264916629466,0.0997938270918225,0.0833411374911443,0.0828688976008629,0.23914392239744,0.2455226453011675803299878464,0.1667639694929833803299878464,0.0787586758081842,3.5168521241128013894770191867,51.493676016886394232091450213,51.493672070006978339761028739,1805145000
22.81,4,0.0829335517484760364076591771,0.100260494131188,0.0997898043619104,0.0833390768319106,0.0828672376861884,0.239110190530798,0.2454887149922045203156874890,0.1667386227588612203156874890,0.0787500922333433,3.5163661087408852476630093774,51.490180227481543046037403011,51.490176282132451060777274908,1805936000
22.82,4,0.0829315136688961314076591771,0.100256085873458,0.0997857953632822,0.0833370287866127,0.0828655898749421,0.239076481520917,0.2454548084421691004181816470,0.1667133105696391004181816470,0.07874149787253,3.5158804336928063213863302689,51.486692813861574032602267334,51.486688870058858605184558609,1806728000
22.83,4,0.0829294671780664384076591771,0.100251669244896,0.0997817774854222,0.083334972288936,0.0828639331016767,0.239042774007909,0.2454209027659773387861802017,0.1666880101089567387861802017,0.0787328926570206,3.5153947711639209632168587397,51.483198547437942716939410712,51.483194605194423252610735044,1807520000
22.84,4,0.0829274232388701504076591771,0.100247255361506,0.0997777618452003,0.0833329183553696,0.0828622783837468,0.239009069030177,0.2453869997749752810860431154,0.1666627232568807810860431154,0.0787242765180945,3.5149091470998320665588899107,51.479700380505898020527976271,51.479696439834935984852418305,1808312000
22.85,4,0.0829253798691745994076591771,0.10024284234946,0.0997737465696468,0.0833308649940886,0.0828606237301911,0.238975368344604,0.2453531010911147635990680240,0.1666374517040855635990680240,0.0787156493870292,3.5144235847332889304425325813,51.476212576869353749602160042,51.476208637787239725940181401,1809103000
22.86,4,0.0829233390685201474076591771,0.100238433182584,0.0997697346334506,0.0833288142144107,0.0828589711511892,0.238941685674118,0.2453192206113992690773674445,0.1666122094162965690773674445,0.0787070111951027,3.5139382831242154750419659157,51.47271639548661961178477677,51.472712458006153711505591335,1809895000
22.87,4,0.0829213088181201844076591771,0.100234035739455,0.0997657339160439,0.0833267740365755,0.0828573286678405,0.238908018712681,0.2452853565850501480201413436,0.1665869947114575480201413436,0.0786983618735926,3.5134532171945625937614850295,51.469226819418296776457988739,51.469222883555337231585015196,1810687000
22.88,4,0.0829192711358444584076591771,0.100229630397393,0.0997617247956045,0.0833247263905245,0.0828556782109448,0.238874345887756,0.2452514861233296934195116407,0.1665617847695518934195116407,0.0786897013537778,3.5129680590872950180268964482,51.465739223346101366600050245,51.465735289115115409964156951,1811478000
22.89,4,0.0829172350212357434076591771,0.1002252277655,0.0997577178820877,0.083322680319806,0.0828540288249066,0.238840689271923,0.2452176319851636182233071429,0.1665366024182281182233071429,0.0786810295669355,3.5124831348000422623865656478,51.462246625206122731352918066,51.46224269262072357626650843,1812270000
22.90,4,0.0829152005310328714076591771,0.100220828137642,0.0997537134702123,0.0833206358814363,0.0828523805675969,0.238807052250243,0.2451837975679258700988306868,0.1665114511235818700988306868,0.078672346444344,3.5119984929965805991007173924,51.458768332401183750410401065,51.458764401478832185999528346,1813062000
22.91,4,0.0829131785319958774076591771,0.100216440878325,0.0997497209253359,0.0833186039953112,0.0828507443597642,0.23877341219823,0.2451499609555367017274582662,0.1664863090382545017274582662,0.0786636519172822,3.511513819752200975113414879,51.455275207419406606436293323,51.455271278171396630846715333,1813854000
22.92,4,0.0829111570992590944076591771,0.100212054576072,0.0997457288368279,0.0833165726782555,0.0828491082190839,0.238739777709919,0.2451161299251317225029342267,0.1664611840081057225029342267,0.078654945917026,3.511029226466188689454766912,51.451780300456007184592533469,51.451776372896535471239975465,1814645000
22.93,4,0.0829091282140407094076591771,0.100207662041114,0.0997417300157689,0.0833145338722773,0.0828474640884135,0.238706161482842,0.2450823166418376685306101899,0.1664360882669819685306101899,0.0786462283748557,3.5105448873911190679247663284,51.448306211427958195866402449,51.448302285575816435723985056,1815437000
22.94,4,0.0829071008942152564076591771,0.100218474159049,0.0997529353486009,0.0833124966393464,0.0828458210305701,0.238889959406672,0.2452664484876684502288126381,0.1664110008740096502288126381,0.0788554476136588,3.513182137661910871517310344,51.462146651947456336356266016,51.462141377807753999900249773,1816229000
22.95,4,0.0829050851210025044076591771,0.100214705683839,0.0997495595901286,0.0833104710094884,0.0828441890764246,0.238865078832071,0.2452413930398902030205615904,0.1663859454262314030205615904,0.0788554476136588,3.5128232448090348715173103443,51.459354435332761785090258449,51.459349159898331533139009053,1817021000
22.96,4,0.0829030609122785714076591771,0.100210930494175,0.0997461766198868,0.0833084369028716,0.0828425481469893,0.238840223790411,0.2452163625597870648203869482,0.1663609149461282648203869482,0.0788554476136588,3.5124647095917608715173103435,51.45658186089293007882062801,51.456576584169362522078037414,1817812000
22.97,4,0.0829010483426551394076591771,0.100207167800115,0.0997428056487712,0.0833064144922676,0.0828409184158777,0.238815379809705,0.2451913439507110385683022880,0.1663358963370522385683022880,0.0788554476136588,3.5121063444144248715173103439,51.453800574243651108981695192,51.453795296228579595753296901,1818604000
22.98,4,0.0828990372431637874076591771,0.100203408076925,0.0997394371528876,0.0833043935589844,0.0828392896652378,0.238790557170828,0.2451663468041408801213830939,0.1663108991904820801213830939,0.0788554476136588,3.5117482866648398715173103438,51.451016265722775018763988316,51.451010986415579815627870078,1819396000
22.99,4,0.0828970186884832964076591771,0.10019964188688,0.0997360616953466,0.0833023651340579,0.082837652926944,0.238765749483321,0.2451413640868983794163592858,0.1662859164732395794163592858,0.0788554476136588,3.5113904356001488715173103434,51.448243235858481083232485404,51.448237955262264013846960315,1820187000
23.00,4,0.0828950016964929224076591771,0.100195879492981,0.0997326895399834,0.0833003382794628,0.0828360172638076,0.238740973606143,0.2451164133328449227114742420,0.1662609657191861227114742420,0.0788554476136588,3.5110330423744158715173103439,51.445468988631244518989208141,51.445463706746101859299484504,1820979000
23.01,4,0.0828930052484171504076591771,0.100192137975098,0.0997293377675009,0.083298332069237,0.0828344017507015,0.238716200355227,0.2450914666204939782679889577,0.1662360190068351782679889577,0.0788554476136588,3.5106757070418068715173103433,51.442690065490050964774139935,51.442684782314540805483719329,1821771000
23.02,4,0.0828909913621367964076591771,0.100188381931642,0.0997259709771431,0.083296308335538,0.0828327682206162,0.238691470622662,0.2450665622728909546686796782,0.1662111146592321546686796782,0.0788554476136588,3.5103189785395118715173103429,51.439931366296085824244200979,51.439926081836337763589984009,1822563000
23.03,4,0.0828889890188779034076591771,0.100184637620797,0.0997226154279204,0.0832942962013031,0.0828311457973203,0.238666742423472,0.2450416602390701524933828023,0.1661862126254113524933828023,0.0788554476136588,3.5099622831797058715173103436,51.437156957247367790064091803,51.437151671498914377700974547,1823354000
23.04,4,0.0828869793111291214076591771,0.100180887916352,0.0997192539944512,0.0832922766665677,0.0828295154816789,0.238642043217041,0.2450167867169193176845580195,0.1661613391032605176845580195,0.0788554476136588,3.5096059962194888715173103437,51.43438965003571223883257659,51.434384363000831072106756301,1824146000
23.05,4,0.0828849900708406364076591771,0.10017715955602,0.0997159134152739,0.0832902776993736,0.0828279052425616,0.238617354432123,0.2449919250456164470781151742,0.1661364774319576470781151742,0.0788554476136588,3.5092498790101648715173103437,51.431628820567440288648051137,51.431623532247881350468987486,1824938000
23.06,4,0.0828829823722397994076591771,0.100173414557508,0.0997125557089193,0.0832882601836104,0.0828262759646841,0.238592693648959,0.2449670901131260513101488122,0.1661116424994672513101488122,0.0788554476136588,3.5088941448061168715173103441,51.428864057558506230344541597,51.428858767953520081323758097,1825730000
23.07,4,0.0828809872148835234076591771,0.100169683992167,0.0997092119475621,0.0832862552704154,0.0828246588000083,0.238568058638694,0.2449422818635060692508657910,0.1660868342498472692508657910,0.0788554476136588,3.508538792806033871517310343,51.426115524960682107427339323,51.426110234074983589414505164,1826521000
23.08,4,0.0828789936166572674076591771,0.100165955273408,0.0997058695454318,0.0832842519239742,0.0828230427135422,0.23854342760951,0.2449174776800850634495938284,0.1660620300664262634495938284,0.0788554476136588,3.5081834990499608715173103432,51.423350796947570972019495488,51.423345504776598397259955824,1827313000
23.09,4,0.0828770016330746164076591771,0.100162230042374,0.0997025301444927,0.0832822502000718,0.0828214277618918,0.238518823231109,0.2448927002918797794181384736,0.1660372526782209794181384736,0.0788554476136588,3.5078285891070808715173103441,51.420593671450293499349495197,51.420588377996426722555253369,1828105000
23.10,4,0.0828750101333923124076591771,0.100158507155246,0.0996991926017412,0.083280248962436,0.082819812809604,0.238494245435167,0.2448679495509999524282704134,0.1660125019373411524282704134,0.0788554476136588,3.5074740608590218715173103435,51.417846704861704064628766884,51.417841410128013988837083435,1828897000
23.11,4,0.0828730211731899774076591771,0.100154788136143,0.0996958584421118,0.0832782502766976,0.0828181999231271,0.238469686405514,0.2448432177666893741734569421,0.1659877701530305741734569421,0.0788554476136588,3.5071198041438158715173103433,51.415094367119640706667218703,51.415089071104822214670641927,1829688000
23.12,4,0.0828710347337005804076591771,0.10015107265345,0.099692527334804,0.0832762541239977,0.0828165890844182,0.238445141670137,0.2448185004547552091004892456,0.1659630528410964091004892456,0.0788554476136588,3.5067657547301318715173103432,51.412335717953685207224567581,51.412330420656081073948931349,1830480000
23.13,4,0.0828690488694689534076591771,0.100147359070253,0.099689197643716,0.0832742585493686,0.0828149783393232,0.238420615845636,0.2447938021064206186159494589,0.1659383544927618186159494589,0.0788554476136588,3.5064119769500028715173103436,51.409583200344962733780418751,51.409577901766387300321237411,1831272000
23.14,4,0.0828670555990356754076591771,0.100143639197089,0.0996858611801942,0.0832722555323232,0.0828133596681678,0.238396106795548,0.2447691200192170209869461324,0.1659136724055582209869461324,0.0788554476136588,3.5060584320934178715173103436,51.406847462067266153485425504,51.406842162212364138274412818,1832063000
23.15,4,0.0828650827923042454076591771,0.100139942248437,0.0996825471595283,0.0832702730790422,0.0828117610779431,0.238371630821323,0.2447444724928393136465052635,0.1658890248791805136465052635,0.0788554476136588,3.5057053822841978715173103442,51.404101424601840160131295813,51.404096123468308936780674569,1832855000
23.16,4,0.0828631025411919534076591771,0.100136238122833,0.0996792254810583,0.0832682831449792,0.0828101545249116,0.238347159486906,0.2447198290607867030863042405,0.1658643814471279030863042405,0.0788554476136588,3.5053523911218648715173103441,51.401362178069166587565620989,51.40135687565867961615847264,1833647000
23.17,4,0.0828611238269355524076591771,0.100132537099458,0.0996759064247728,0.0832662947552869,0.0828085490350334,0.238322710410548,0.2446952080154873036789355485,0.1658397604018285036789355485,0.0788554476136588,3.504999720626150871517310343,51.398619760145009737703448006,51.398614456456934586282617396,1834439000
23.18,4,0.0828591556491003254076591771,0.100128849359288,0.0996726001724505,0.0832643169535363,0.082806953652685,0.238298299542022,0.2446706259781065152695450543,0.1658151783644477152695450543,0.0788554476136588,3.5046476088777128715173103439,51.395883875493403052302816658,51.395878570530101131176739744,1835230000
23.19,4,0.0828571710808947694076591771,0.100125144927215,0.0996692767497854,0.0832623226812704,0.0828053413202132,0.238273886116123,0.2446460401918402447984971344,0.1657905925781814447984971344,0.0788554476136588,3.5042954434304458715173103434,51.393152254005257059647058415,51.393146947767547687366217828,1836022000
23.20,4,0.0828552069745371584076591771,0.100121463117136,0.0996659754714752,0.083260348970906,0.082803749070837,0.238249501466289,0.2446214846562534960931199984,0.1657660370425946960931199984,0.0788554476136588,3.5039437112922448715173103438,51.39041394055922197147947933,51.390408633045689135924909851,1836814000
23.21,4,0.0828532344033011604076591771,0.100117774198753,0.099662666608019,0.083258366754272,0.0828021478371858,0.238225137138668,0.2445969488642638083494180972,0.1657415012506050083494180972,0.0788554476136588,3.5035922619602398715173103432,51.387678109607585564676579009,51.387672800819075433572415195,1837605000
23.22,4,0.0828512633667550524076591771,0.100114088265132,0.0996593602532818,0.0832563860798322,0.0828005476685223,0.238200793420178,0.2445724338062005301199180166,0.1657169861925417301199180166,0.0788554476136588,3.503241109619853871517310343,51.384959361760917469392849946,51.384954051702261652320909827,1838397000
23.23,4,0.0828492949378564544076591771,0.100110406632945,0.0996560577247292,0.0832544080257906,0.0827989496438477,0.238176473683336,0.2445479429382692961457416031,0.1656924953246104961457416031,0.0788554476136588,3.5028903037775858715173103441,51.38223093137475769236088024,51.382225620043598303172713577,1839189000
23.24,4,0.0828473369693346814076591771,0.1001067363745,0.099652766095464,0.0832524404832746,0.0827973616550848,0.23815216594288,0.2445234647977971210625516262,0.1656680171841383210625516262,0.0788554476136588,3.5025396802427398715173103439,51.379502724603817118698204874,51.379497412000236490185518485,1839981000
23.25,4,0.0828453715525399564076591771,0.100103059302979,0.0996494671794585,0.0832504654560653,0.0827957657068087,0.238127868101479,0.2444989960239687818916157078,0.1656435484103099818916157078,0.0788554476136588,3.5021891908751838715173103435,51.37678401672763047065889853,51.376778702854156672906533433,1840772000
23.26,4,0.0828434176503879784076591771,0.100099396497189,0.0996461820563111,0.0832485019998026,0.0827941808554514,0.238103608426292,0.2444745662855248114651022002,0.1656191186718660114651022002,0.0788554476136588,3.5018392606483218715173103431,51.374060401300692306727989545,51.374055086156587109849579769,1841564000
23.27,4,0.0828414543539145514076591771,0.100095724501503,0.0996428872711836,0.0832465291032826,0.0827925860905993,0.23807935269412,0.2444501398065051404734050162,0.1655946921928463404734050162,0.0788554476136588,3.5014893771092738715173103435,51.371331821568903220381290535,51.37132650515263529565001373,1842356000
23.28,4,0.0828395035163573774076591771,0.100092067530182,0.0996396070391235,0.0832445687265998,0.0827910033731362,0.238055132374114,0.2444257496685588556038902121,0.1655703020549000556038902121,0.0788554476136588,3.5011400141177578715173103439,51.36862746633006178725277977,51.368622148648747253462393002,1843148000
23.29,4,0.0828375442104889784076591771,0.100088403211153,0.0996363189888428,0.0832425998401979,0.0827894116742928,0.238030929001704,0.2444013758915546849080927346,0.1655459282778958849080927346,0.0788554476136588,3.5007908854794748715173103431,51.365905931877001137552570758,51.365900612926076958954936974,1843939000
23.30,4,0.0828355875088310294076591771,0.100084742217751,0.0996330337944608,0.0832406335707404,0.0827878221215182,0.23800673570539,0.2443770123653193664956697248,0.1655215647516605664956697248,0.0788554476136588,3.5004419036726398715173103441,51.363187724913239884745058328,51.363182404693579947056861866,1844731000
23.31,4,0.0828336412466730174076591771,0.100081092578612,0.0996297594853957,0.0832386777918294,0.0827862425891986,0.237982554427258,0.2443526615873111986227341630,0.1654972139736523986227341630,0.0788554476136588,3.5000931044707078715173103433,51.360481161686059942069864293,51.360475840200852440556804396,1845523000
23.32,4,0.0828316965332564084076591771,0.100077447280351,0.099626489049042,0.0832367235692328,0.0827846641438842,0.23795841294862,0.2443283507819937849975000120,0.1654729031683349849975000120,0.0788554476136588,3.4997448778353948715173103429,51.3577760483899921946353452,51.357770725640249665578668172,1846314000
23.33,4,0.0828297443498298124076591771,0.100073795021076,0.099623211184288,0.0832347618400996,0.0827830777235048,0.237934279566147,0.2443040475349413549409152270,0.1654485999212825549409152270,0.0788554476136588,3.499396759464252871517310344,51.355062374844173707821677853,51.355057050827482939750208484,1847106000
23.34,4,0.0828278027503397634076591771,0.100070154337022,0.0996199444281437,0.083232810746656,0.0827815014710653,0.237910159280808,0.2442797581280154881146852284,0.1654243105143566881146852284,0.0788554476136588,3.4990488393383208715173103432,51.352357454981412372105654381,51.352352129700202041932014809,1847898000
23.35,4,0.0828258626072351024076591771,0.10006651752797,0.099616681081168,0.083230861116719,0.0827799262151607,0.237886073462938,0.2442555033424096008355222819,0.1654000557287508008355222819,0.0788554476136588,3.4987014151262678715173103431,51.349654422933566608868228474,51.349649096388853336519951949,1848690000
23.36,4,0.0828239149928540434076591771,0.100062873334264,0.0996134098844778,0.083228903978973,0.0827783429852508,0.237861989700966,0.2442312500601260303481760164,0.1653758024464672303481760164,0.0788554476136588,3.4983540124477208715173103441,51.346946909571279265603669225,51.346941581761626721823282615,1849481000
23.37,4,0.0828219789609584324076591771,0.100059243352008,0.0996101524349491,0.0832269584803479,0.0827767709290401,0.237837942351027,0.2442070340601303727473568346,0.1653515864464715727473568346,0.0788554476136588,3.4980071437986108715173103429,51.344256787911419444993498933,51.344251458842118039271765128,1850273000
23.38,4,0.0828200444027010184076591771,0.100055615564197,0.0996068967163477,0.0832250144625668,0.082775199889024,0.237813905186755,0.2441828283417332029634801250,0.1653273807280744029634801250,0.0788554476136588,3.4976604224225508715173103439,51.341559632566767313455026275,51.341554302235879282739741233,1851065000
23.39,4,0.0828181013535795264076591771,0.100051980831289,0.0996036335899014,0.0832230619124033,0.0827736198527474,0.23778989105204,0.2441586450800491616957166295,0.1653031974663903616957166295,0.0788554476136588,3.4973140227152118715173103434,51.338858699880082282973960388,51.338853368286820751890273579,1851857000
23.40,4,0.0828161699038273654076591771,0.100048358930435,0.0996003828335288,0.0832211210183273,0.0827720510094495,0.237765893359702,0.2441344790835817281212150106,0.1652790314699229281212150106,0.0788554476136588,3.4969678703138838715173103439,51.33617472753207068414150678,51.336169394681174889262176862,1852648000
23.41,4,0.0828142398899886404076591771,0.100044739609909,0.0995971341962695,0.083219181567186,0.0827704831467454,0.237741911914708,0.2441103294427022272675026726,0.1652548818290434272675026726,0.0788554476136588,3.4966219521890958715173103432,51.333473607092812998961923733,51.333468272979727618488143722,1853440000
23.42,4,0.0828123114023601674076591771,0.100041122713857,0.0995938875230335,0.0832172436497177,0.0827689163561396,0.237717943187396,0.2440861926255295726089159338,0.1652307450118707726089159338,0.0788554476136588,3.4962762177503778715173103442,51.330778768487111278368079383,51.330773433113575479009289089,1854232000
23.43,4,0.0828103745126643004076591771,0.100037500733857,0.0995906353061616,0.083215297289098,0.0827673406615724,0.237694022825911,0.2440621036696619443330091759,0.1652066560560031443330091759,0.0788554476136588,3.4959311688743548715173103435,51.328103620975262989738450914,51.328098284347430373472716762,1855024000
23.44,4,0.0828084600761461524076591771,0.10003390045547,0.0995874043319767,0.0832133734914466,0.0827657870699264,0.237670089390654,0.2440380031536843458494871684,0.1651825555400255458494871684,0.0788554476136588,3.4955859544119538715173103443,51.325408374390539868533912299,51.325403036502442058130014035,1855815000
23.45,4,0.0828065261462634554076591771,0.10003028347923,0.0995841562017724,0.0832114301051128,0.0827642134303128,0.237646198012272,0.2440139433953896316139311109,0.1651584957817308316139311109,0.0788554476136588,3.4952413237603558715173103434,51.322728418810065164689233586,51.322723079666505300123513763,1856607000
23.46,4,0.0828046048128837574076591771,0.100026679611637,0.0995809207228064,0.0832094993768758,0.0827626519902704,0.237622312667013,0.2439898905380281337546331538,0.1651344429243693337546331538,0.0788554476136588,3.4948967919573448715173103437,51.320048870117902356065915286,51.320043529718894596807599036,1857399000
23.47,4,0.0828026839132961864076591771,0.100023077071466,0.099577686114611,0.0832075690845522,0.082761090528374,0.237598440087644,0.2439658504762004471179384008,0.1651104028625416471179384008,0.0788554476136588,3.4945524434368548715173103443,51.317364220524338497734530298,51.317358878868527354487268236,1858190000
23.48,4,0.0828007655374312004076591771,0.100019478693578,0.0995744552128006,0.0832056413282914,0.0827595311455303,0.237574590707607,0.2439418338157377370037492793,0.1650863862020789370037492793,0.0788554476136588,3.4942084301162268715173103438,51.314693483202882064132283433,51.314688140294318659187365421,1858982000
23.49,4,0.0827988477566466774076591771,0.100015883028652,0.0995712265688088,0.083203714170021,0.0827579719044216,0.237550771584027,0.2439178474955254741861106751,0.1650623998818666741861106751,0.0788554476136588,3.493864851387673871517310343,51.312015133053595430655811531,51.312009788890625742718023311,1859774000
23.50,4,0.0827969324086021114076591771,0.100012290035258,0.0995680001419566,0.0832017894563861,0.0827564146524469,0.237526955651618,0.2438938645133713654831306992,0.1650384168997125654831306992,0.0788554476136588,3.4935213204732818715173103437,51.309332848494307298117575316,51.309327503075686774088832741,1860566000
23.51,4,0.0827950185647180484076591771,0.100008700420004,0.0995647766396036,0.0831998662542666,0.0827548584572382,0.237503166392133,0.2438699083431695690658716795,0.1650144607295107690658716795,0.0788554476136588,3.4931781736118168715173103431,51.306661353185447540121437729,51.30665600651445425264631441,1861357000
23.52,4,0.0827931063144989424076591771,0.100005114769144,0.0995615566487512,0.0831979446536047,0.0827533034094883,0.237479410899952,0.2438459861029658374470390292,0.1649905384893070374470390292,0.0788554476136588,3.4928355127617738715173103442,51.303998971616984860104285322,51.303993623696598194014486536,1862149000
23.53,4,0.0827911955143010074076591771,0.100001530068602,0.0995583371560709,0.0831960245100542,0.0827517493655999,0.23745564814102,0.2438220566484635394631160593,0.1649666090348047394631160593,0.0788554476136588,3.4924927485745158715173103437,51.301325032250031771217953785,51.301319683076701235990846383,1862941000
23.54,4,0.0827892962885004964076591771,0.0999979603120442,0.0995551321559741,0.0831941159974972,0.0827502065002025,0.237431932385457,0.2437981750937847768821768962,0.1649427274801259768821768962,0.0788554476136588,3.4921506705016898715173103433,51.29867075410491425411601671,51.298665403684799149541708007,1863733000
23.55,4,0.0827873884936987874076591771,0.0999943812768985,0.0995519174266339,0.0831921988740387,0.0827486545721471,0.237408207413754,0.2437742836667367611549979699,0.1649188360530779611549979699,0.0788554476136588,3.4918084510175908715173103433,51.295999099069807192953803855,51.295993747397714052788515312,1864524000
23.56,4,0.0827854822193421824076591771,0.0999908060088786,0.099548706014506,0.0831902832784598,0.0827471037209593,0.237384514442867,0.2437504243939511301353709935,0.1648949767802923301353709935,0.0788554476136588,3.4914666921093738715173103434,51.293331751786448244126166498,51.293326398864011064988504467,1865316000
23.57,4,0.0827835875363068954076591771,0.0999872436326646,0.0995455070450116,0.083188379330881,0.0827455640675022,0.237360838883887,0.2437265833586112740076300015,0.1648711357449524740076300015,0.0788554476136588,3.491125194433324871517310344,51.290670258651163619923719399,51.290664904480132879732056238,1866108000
23.58,4,0.0827816752649053274076591771,0.0999836650708617,0.0995422914414952,0.0831864577089331,0.082744006290148,0.237337185264014,0.2437027630486051526075022650,0.1648473154349463526075022650,0.0788554476136588,3.4907839936258138715173103436,51.288016806873766905477994618,51.288011451456544391061512008,1866899000
23.59,4,0.0827797836022208034076591771,0.099980108799788,0.0995390976810132,0.0831845567964739,0.0827424687734944,0.237313553565049,0.2436789661298016536272179739,0.1648235185161428536272179739,0.0788554476136588,3.4904431278725998715173103433,51.285359571106207770336544152,51.285354214442033099435101374,1867691000
23.60,4,0.0827778833504815474076591771,0.0999765439677833,0.0995358949126417,0.0831826472529616,0.0827409221777378,0.237289923201534,0.2436551699148361745274761048,0.1647997223011773745274761048,0.0788554476136588,3.4901022722011228715173103432,51.282709928815084470527757343,51.282704570905798580047213885,1868483000
23.61,4,0.0827759946171615314076591771,0.0999729927404996,0.0995327053027676,0.0831807492841908,0.0827393867094094,0.237266321495082,0.2436314032050183060646503674,0.1647759555913595060646503674,0.0788554476136588,3.4897618391597538715173103431,51.28005349953041996723857433,51.280048140374579189228373078,1869275000
23.62,4,0.0827740984545106174076591771,0.099969436498946,0.0995295102331336,0.0831788438497614,0.0827378433288447,0.23724275513698,0.2436076713765891364617636045,0.1647522237629303364617636045,0.0788554476136588,3.4894219057574738715173103432,51.277401174905599465863728399,51.277395814504846741808114632,1870067000
23.63,4,0.0827722037384323834076591771,0.099965881930313,0.099526316391662,0.0831769398689781,0.0827363009560818,0.237219191894988,0.2435839427423507005448129277,0.1647284951286919005448129277,0.0788554476136588,3.4890820181086058715173103437,51.274753080584748180132335087,51.274747718940064228959010873,1870858000
23.64,4,0.0827703195737710504076591771,0.0999623393985474,0.0995231341430302,0.0831750464912056,0.0827347687412178,0.237195648818884,0.2435602350335541416555924612,0.1647047874198953416555924612,0.0788554476136588,3.4887424301946138715173103439,51.272109830639618001106508928,51.272104467752541681348003423,1871650000
23.65,4,0.0827684278733277954076591771,0.0999587902727168,0.0995199448570346,0.083173145540803,0.0827332285093424,0.237172120032354,0.2435365410886212163859636540,0.1646810934749624163859636540,0.0788554476136588,3.4884030394334458715173103434,51.269461830311648257181295175,51.269456466180945853679215203,1872442000
23.66,4,0.0827665367233800454076591771,0.0999552433959281,0.0995167573775095,0.0831712451435878,0.0827316883870022,0.237148615509303,0.2435128714740749940619228725,0.1646574238604161940619228725,0.0788554476136588,3.4880639971793958715173103442,51.266815612088475148948142058,51.266810246714926589877480837,1873233000
23.67,4,0.0827646580186426294076591771,0.0999517087952309,0.0995135817322306,0.0831693572524369,0.0827301603278022,0.237125107291664,0.2434891989994556320996711269,0.1646337513857968320996711269,0.0788554476136588,3.4877249139578158715173103433,51.264176892651464753287662485,51.264171526036809989162064771,1874025000
23.68,4,0.0827627807928614344076591771,0.0999481784097482,0.0995104098610453,0.083167470847474,0.082728633312592,0.237101638079869,0.2434655656989319378211526045,0.1646101180852731378211526045,0.0788554476136588,3.4873863918638228715173103436,51.261533454315429861462960925,51.261528086459004460386836927,1874817000
23.69,4,0.0827608941528548124076591771,0.0999446405349236,0.0995072300601202,0.0831655749822524,0.0827270963956498,0.237078197414653,0.2434419603222990710457503962,0.1645865127086402710457503962,0.0788554476136588,3.4870482697501028715173103435,51.258897907558620585878957276,51.258892538462951445073137505,1875609000
23.70,4,0.0827590099570430384076591771,0.0999411053343474,0.0995040524937669,0.0831636815731771,0.0827255614941038,0.237054759813416,0.2434183581580567427038905889,0.1645629105443979427038905889,0.0788554476136588,3.4867101936504878715173103439,51.256265778747889717600825744,51.256260408413739569110666298,1876400000
23.71,4,0.0827571373094364014076591771,0.099937584446405,0.0995008888010911,0.0831617997687749,0.0827240377572026,0.237031360563272,0.2433947952192646499564451707,0.1645393476056058499564451707,0.0788554476136588,3.4863726794140598715173103432,51.253635001539503719625768206,51.25362962996786672374887564,1877192000
23.72,4,0.0827552661053506284076591771,0.0999340645059974,0.0994977256177121,0.0831599194149521,0.0827225150315727,0.237007954099245,0.2433712251196891367422194199,0.1645157775060303367422194199,0.0788554476136588,3.486035062606964871517310344,51.250997952631172113497079178,51.250992579819939686632615518,1877984000
23.73,4,0.0827533864668868734076591771,0.0999305380594161,0.0994945554906385,0.0831580305855092,0.0827209833917335,0.236984576126182,0.2433476829573075600293210058,0.1644922353436487600293210058,0.0788554476136588,3.4856978459706958715173103438,51.24837401787560061263882964,51.248368643828727376801617012,1878775000
23.74,4,0.0827515182346168184076591771,0.0999270247326473,0.0994913980465723,0.0831561532180335,0.0827194627759897,0.236961221491696,0.2433241649613733511168225621,0.1644687173477145511168225621,0.0788554476136588,3.4853609754932868715173103429,51.245743779146868510482247007,51.245738403862929215541468168,1879567000
23.75,4,0.0827496515853886324076591771,0.099923513968065,0.0994882427286017,0.0831542774413404,0.0827179433138726,0.236937880723877,0.2433006609466365498963458921,0.1644452133329777498963458921,0.0788554476136588,3.4850243052817788715173103435,51.24311086698983146874768376,51.243105490468166416568224243,1880359000
23.76,4,0.0827477763783404554076591771,0.099919995887851,0.0994850796596208,0.0831523930649816,0.0827164148156482,0.236914558649349,0.2432771750389715228388811486,0.1644217274253127228388811486,0.0788554476136588,3.4846878944349688715173103433,51.240498244312077087514209588,51.240492866558384340062202076,1881151000
23.77,4,0.0827459126466874454076591771,0.0999164900977413,0.0994819284460771,0.08315052022013,0.0827148974132024,0.236891247050972,0.2432537004089323434664563924,0.1643982527952735434664563924,0.0788554476136588,3.4843516451282498715173103431,51.237865852892460695376062427,51.237860473901356356433968033,1881942000
23.78,4,0.0827440504783921454076591771,0.0999129874523922,0.0994787799433366,0.0831486489462804,0.0827133811467416,0.236867957933876,0.2432302483945058150072740782,0.1643748007808470150072740782,0.0788554476136588,3.4840157197663198715173103434,51.235241794374329108072529966,51.235236414148349054283484076,1882734000
23.79,4,0.0827421897329495884076591771,0.0999094882924177,0.0994756344927217,0.083146779102241,0.082711865875784,0.236844698193087,0.2432068258977329492204181474,0.1643513782840741492204181474,0.0788554476136588,3.4836802172136338715173103436,51.232633508073983220134625175,51.232628126617847890708278636,1883526000
23.80,4,0.0827403305682919704076591771,0.0999059913210886,0.09947249079821,0.0831449108467162,0.0827103517597426,0.236821447009341,0.2431834120596582321641201576,0.1643279644459994321641201576,0.0788554476136588,3.4833448386876628715173103433,51.230017782130151856930122763,51.230012399441784890837176968,1884318000
23.81,4,0.0827384738074959394076591771,0.0999024974219349,0.0994693497440369,0.0831430450068073,0.0827088396264258,0.236798205160676,0.2431600077181054688018736552,0.1643045601044466688018736552,0.0788554476136588,3.4830095961893488715173103431,51.22739403863274298886566322,51.227388654709928321031141375,1885109000
23.82,4,0.0827366076082594534076591771,0.09989899661366,0.09946620134961,0.0831411696823063,0.0827073175763314,0.236775000504318,0.2431366399662310694685622169,0.1642811923525722694685622169,0.0788554476136588,3.4826748777995708715173103436,51.224788346683239875722751331,51.224782961531479343868374356,1885901000
23.83,4,0.0827347528488790584076591771,0.0998955089100167,0.0994630656293844,0.0831393058535995,0.08270580659055,0.236751818484062,0.2431132956794260945423793751,0.1642578480657672945423793751,0.0788554476136588,3.482340495522153871517310344,51.222180012864782904970963855,51.222174626483638701136677336,1886693000
23.84,4,0.0827328996318357314076591771,0.0998920223193301,0.0994599305923865,0.0831374435747714,0.0827042967238689,0.236728630191458,0.2430899451832109497315789421,0.1642344975695521497315789421,0.0788554476136588,3.4820060243014878715173103439,51.219564629542738147811769978,51.219559241929911255738653243,1887485000
23.85,4,0.0827310488356619864076591771,0.099888539792677,0.0994567991903929,0.0831355837286503,0.0827027888598179,0.236705465172959,0.2430666181579720518351866364,0.1642111705443132518351866364,0.0788554476136588,3.4816718892777918715173103443,51.216963020975805956696340587,51.216957632135342447893129813,1888276000
23.86,4,0.0827291986175890684076591771,0.09988506033474,0.0994536704287843,0.0831337244634569,0.0827012811473176,0.236682335741156,0.2430433268169252772551102212,0.1641878792032664772551102212,0.0788554476136588,3.4813382653924968715173103439,51.214356721253195036286862467,51.214351331184369199840844108,1889068000
23.87,4,0.0827273498014015334076591771,0.0998815825227585,0.0994505428854969,0.0831318666070037,0.082699774414879,0.236659209682398,0.2430200389256935794533933730,0.1641645913120347794533933730,0.0788554476136588,3.481004690922162871517310344,51.21174646700512186275617464,51.211741075706694451508179049,1889860000
23.88,4,0.0827255025440981494076591771,0.0998781077890842,0.0994474179935782,0.0831300103170572,0.082698268820966,0.236636105218546,0.2429967727617126945279972817,0.1641413251480538945279972817,0.0788554476136588,3.4806714276717718715173103431,51.209155473325704797301243538,51.209150080803184534223386878,1890651000
23.89,4,0.0827236577063538004076591771,0.0998746365095466,0.0994442961295513,0.0831281564585009,0.0826967652311575,0.23661301532555,0.2429735213443097806219280146,0.1641180737306509806219280146,0.0788554476136588,3.4803383756505508715173103439,51.20654801764372925625975687,51.2065426238927110075927382,1891443000
23.90,4,0.0827218134266075814076591771,0.0998711676141686,0.0994411762241322,0.0831263031606711,0.0826952617754844,0.23658995151904,0.2429502960864729069644694918,0.1640948484728141069644694918,0.0788554476136588,3.4800056983375118715173103429,51.203947882513206753591776884,51.203942487536036728448659842,1892235000
23.91,4,0.0827199715474407894076591771,0.0998677029418924,0.0994380601169539,0.083124452275159,0.0826937603062307,0.236566913553417,0.2429270968715273017519913114,0.1640716492578685017519913114,0.0788554476136588,3.4796733940614118715173103431,51.201364498090784601426021155,51.201359101892384666488771702,1893027000
23.92,4,0.0827181302437167534076591771,0.0998642391522439,0.0994349444682321,0.0831226019679035,0.0826922589900266,0.236543879949972,0.2429039020401141335605206374,0.1640484544264553335605206374,0.0788554476136588,3.4793411525747888715173103433,51.198765183192156588957943773,51.198759785768036796963152791,1893818000
23.93,4,0.0827162904090730554076591771,0.0998607773750674,0.0994318304085,0.0831207531369117,0.0826907587255697,0.236520853992724,0.2428807149471149946041996846,0.1640252673334561946041996846,0.0788554476136588,3.479009021932781871517310343,51.196169371295672772831120118,51.196163972646728543265571611,1894610000
23.94,4,0.0827144629923631114076591771,0.0998573310237331,0.0994287313518144,0.0831189167845744,0.0826892705159392,0.236497869776023,0.2428575705395447089472062298,0.1640021229258859089472062298,0.0788554476136588,3.478677502714504871517310344,51.19358857149537018803093066,51.193583171626420587957667285,1895402000
23.95,4,0.0827126261314488194076591771,0.0998538749606012,0.099425622161221,0.0831170709418529,0.0826877723927837,0.236474882753891,0.2428344226264709864421299614,0.1639789750128121864421299614,0.0788554476136588,3.4783459332835898715173103434,51.190989296174116075850120296,51.190983895079799453236626242,1896194000
23.96,4,0.0827107916878221264076591771,0.0998504238116305,0.0994225174633632,0.0831152275282389,0.0826862762762809,0.236451931214326,0.2428113104229283565865035855,0.1639558628092695565865035855,0.0788554476136588,3.4780148753540298715173103437,51.188403660674034077075823836,51.188398258358640722083744324,1896985000
23.97,4,0.0827089577807872814076591771,0.0998469739304402,0.099419413612543,0.0831133846538406,0.0826847802772235,0.236428990104313,0.2427882086826181863419168130,0.1639327610689593863419168130,0.0788554476136588,3.477683967299234871517310344,51.185826456989162028257803409,51.185821053454997992183278983,1897777000
23.98,4,0.0827071352903961374076591771,0.0998435357866819,0.0994163210790932,0.0831115532519106,0.0826832953295472,0.236406052412203,0.2427651111413452583616909913,0.1639096635276864583616909913,0.0788554476136588,3.4773531193912178715173103438,51.183236532817105258966006515,51.183231128060553348874096017,1898569000
23.99,4,0.0827053053540514204076591771,0.0998400925565634,0.099413223039902,0.0831097143676181,0.082681802479103,0.23638314927514,0.2427420476868826434179757077,0.1638866000732238434179757077,0.0788554476136588,3.4770227597407928715173103441,51.180650442372649407032298468,51.180645036395284648768727373,1899360000
24.00,4,0.0827034758337087494076591771,0.0998366515616542,0.0994101268172174,0.0831078759013618,0.0826803096269699,0.236360272139541,0.2427190102972602085264710615,0.1638635626836014085264710615,0.0788554476136588,3.4766927734417018715173103442,51.1780871179205464832821205,51.178081710728944615715925167,1900152000
24.01,4,0.0827016588482143494076591771,0.0998332229528738,0.0994070425626361,0.0831060500312462,0.0826788289519314,0.236337391589996,0.2426959703368599388318236260,0.1638405227232011388318236260,0.0788554476136588,3.4763627503189308715173103436,51.175499578737796298463734555,51.175494170325045536200393448,1900944000
24.02,4,0.0826998323467149194076591771,0.0998297868074076,0.0994039503540198,0.0831042145985946,0.0826773382959884,0.236314540374575,0.2426729590842825136528956875,0.1638175114706237136528956875,0.0788554476136588,3.4760331384054318715173103442,51.17292234616645560266015464,51.172916936535783676695217858,1901736000
24.03,4,0.0826980082602592764076591771,0.0998263546011581,0.0994008616679456,0.0831023815927957,0.082675849649206,0.236291710731356,0.2426499695970776621250289810,0.1637945219834188621250289810,0.0788554476136588,3.4757038382579298715173103438,51.170359338480476586079929031,51.170353927636029821773660566,1902527000
24.04,4,0.0826961947073516294076591771,0.0998229336855115,0.0993977838564727,0.0831005591720514,0.0826743711704608,0.236268890837399,0.2426269905939606981324726854,0.1637715429803018981324726854,0.0788554476136588,3.4753746882839248715173103432,51.167782417597940564393680931,51.167777005535915745136616022,1903319000
24.05,4,0.0826943735688516864076591771,0.0998195071713929,0.099394700031198,0.083098729128623,0.0826728846526876,0.236246100186256,0.2426040403429214264218844374,0.1637485927292626264218844374,0.0788554476136588,3.4750459501530958715173103432,51.16521083382053436131218243,51.165205420542802912419449951,1904111000
24.06,4,0.0826925529813641304076591771,0.0998160817547543,0.0993916168887443,0.0830968996389014,0.0826713982729496,0.236223317321092,0.2425810979065258126750809856,0.1637256502928670126750809856,0.0788554476136588,3.4747173239587918715173103443,51.162636719950316818858886417,51.162631305456130694595559006,1904903000
24.07,4,0.0826907437893226284076591771,0.0998126689160834,0.0993885459102685,0.0830950816003467,0.0826699229293777,0.236200550198996,0.2425581720233659182092324019,0.1637027244097071182092324019,0.0788554476136588,3.474388934872123871517310343,51.160080079420134945255982156,51.160074663714416195938284136,1905694000
24.08,4,0.0826889271474329034076591771,0.0998092497058372,0.0993854681468951,0.0830932560755159,0.0826684396851982,0.236177799308192,0.2425352618586687735933312288,0.1636798142450099735933312288,0.0788554476136588,3.4740607709358498715173103436,51.157506276534568695083422992,51.157500859612741442129795661,1906486000
24.09,4,0.0826871209685909414076591771,0.0998058425650784,0.0993824020403536,0.0830914410648946,0.082666966541565,0.236155070320591,0.2425123743569583102829152349,0.1636569267432995102829152349,0.0788554476136588,3.4737329316229478715173103438,51.154940799137108137656559601,51.154935381001728113844756647,1907278000
24.10,4,0.0826853162025761614076591771,0.0998024378731634,0.0993793379706652,0.083089627474009,0.0826654944046708,0.236132356029152,0.2424895016576945054798653664,0.1636340540440357054798653664,0.0788554476136588,3.4734053043394758715173103429,51.152387252498260732367276302,51.152381833152696128109523214,1908070000
24.11,4,0.0826835039854274674076591771,0.0997990274186849,0.0993762677270866,0.0830878063955551,0.0826640143678772,0.236109666696664,0.2424666534259151805748306179,0.1636112058122563805748306179,0.0788554476136588,3.4730780275269028715173103438,51.14982435785218403422035199,51.149818937294193939231304157,1908861000
24.12,4,0.0826816921621497974076591771,0.0997956191152801,0.0993731992239175,0.0830859857128982,0.0826625343152135,0.236087002480699,0.2424438303708797669840682793,0.1635883827572209669840682793,0.0788554476136588,3.4727511113446218715173103441,51.147272780570907732441676568,51.147267358803925756136451835,1909653000
24.13,4,0.0826798928685567194076591771,0.0997922236183362,0.0993701431172062,0.083084177621193,0.0826610664424972,0.236064340935643,0.2424210108449810143899636577,0.1635655632313222143899636577,0.0788554476136588,3.4724242457134998715173103434,51.144721258956029351397662575,51.144715835979922041326089124,1910445000
24.14,4,0.0826780940544867644076591771,0.0997888300116207,0.0993670884913799,0.0830823700113557,0.0826595986413058,0.236041699542878,0.2423982115255846924967509238,0.1635427639119258924967509238,0.0788554476136588,3.472097669519204871517310343,51.142165016699015124519831769,51.14215959251271406378265725,1911236000
24.15,4,0.0826762866516771494076591771,0.0997854288142272,0.0993640258661905,0.0830805537707819,0.082658121799695,0.236019073353611,0.2423754268146439167731770885,0.1635199792009851167731770885,0.0788554476136588,3.4717713025756218715173103441,51.139605674430294708530081145,51.139600249033050085531270817,1912028000
24.16,4,0.0826744917772767244076591771,0.0997820421343374,0.099360977350477,0.0830787501198782,0.0826566571387301,0.23599647432254,0.2423526701799711955351459838,0.1634972225663123955351459838,0.0788554476136588,3.4714453377949548715173103441,51.137065339952546982772013423,51.137059913349966748066787108,1912820000
24.17,4,0.0826726973629675724076591771,0.0997786565241274,0.0993579294970715,0.0830769469313155,0.0826551925317395,0.235973883989161,0.2423299222680023845543600865,0.1634744746543435845543600865,0.0788554476136588,3.471119497957817871517310343,51.134511629684471852773580456,51.134506201872860504636512521,1913612000
24.18,4,0.0826708943589851714076591771,0.0997752641244664,0.0993548744474974,0.0830751351110781,0.0826537188853636,0.235951320330673,0.2423072004639666309892256320,0.1634517528503078309892256320,0.0788554476136588,3.4707940320892748715173103434,51.131969526982787929372302146,51.131964097965683784199273452,1914403000
24.19,4,0.0826691028821426784076591771,0.0997718835275038,0.0993518307945576,0.0830733348743455,0.0826522564154367,0.235928759430688,0.2422844822067044395780019982,0.1634290345930456395780019982,0.0788554476136588,3.4704686170245208715173103429,51.129427454448780567342425385,51.129422024226045278040686358,1915195000
24.20,4,0.0826673128150072164076591771,0.0997685066521918,0.0993487904578558,0.0830715360542131,0.0826507949557075,0.235906231473341,0.2422617970431618923345970471,0.1634063494295030923345970471,0.0788554476136588,3.4701436759923828715173103434,51.126882119940814326985841515,51.126876688512069808698794904,1915987000
24.21,4,0.0826655252741688314076591771,0.0997651322570152,0.0993457521965276,0.0830697397727308,0.0826493356288782,0.235883702618847,0.2422391111294288011230141781,0.1633836635157700011230141781,0.0788554476136588,3.4698187242145568715173103429,51.124335295270557863775670337,51.124329862635153006749877382,1916778000
24.22,4,0.0826637281915937334076591771,0.0997617501803251,0.0993427058495733,0.0830679339028549,0.0826478663085559,0.235861201397101,0.2422164522171067239069604562,0.1633610046034479239069604562,0.0788554476136588,3.4694941592034538715173103436,51.121793255318821413853798503,51.121787821478447391012122795,1917570000
24.23,4,0.0826619525178001284076591771,0.0997583915735779,0.0993396825690972,0.0830661495464444,0.0826464180972491,0.235838727431234,0.2421938221033049918630832651,0.1633383744896461918630832651,0.0788554476136588,3.4691700067007688715173103436,51.119267652127292800852540762,51.11926221708687603495502367,1918362000
24.24,4,0.0826601583690444424076591771,0.0997550152461315,0.099336641165104,0.0830643466247336,0.0826449509168404,0.235816266220207,0.2421712034490414942206213280,0.1633157558353826942206213280,0.0788554476136588,3.4688460183438778715173103435,51.116728485958110362054018016,51.116723049713965601627967856,1919154000
24.25,4,0.0826583756957902834076591771,0.0997516512683068,0.0993336117085598,0.0830625552346368,0.0826434948648911,0.235793816332664,0.2421485969240901711567531698,0.1632931493104313711567531698,0.0788554476136588,3.4685222037265858715173103441,51.114200348683067713577556656,51.114194911238266237987204493,1919945000
24.26,4,0.0826565944120690924076591771,0.0997482904567204,0.0993305850167256,0.0830607652408674,0.0826420398067602,0.235771391735345,0.2421260158206138743193535706,0.1632705682069550743193535706,0.0788554476136588,3.4681987532451008715173103438,51.111670306456646248872464629,51.111664867811012544461996641,1920737000
24.27,4,0.0826548146521326844076591771,0.0997449304968392,0.0993275587757106,0.0830589767783338,0.0826405858780003,0.235748957394844,0.2421034250291374365071966936,0.1632479774154786365071966936,0.0788554476136588,3.4678751639932358715173103438,51.109127068045927246585734118,51.109121628195400955615873023,1921529000
24.28,4,0.0826530363482858804076591771,0.0997415743829786,0.0993245359804721,0.0830571897790097,0.0826391330112283,0.235726557107023,0.2420808684477549472807824868,0.1632254208340961472807824868,0.0788554476136588,3.4675520647648708715173103431,51.106594786923801339560676926,51.10658934587193149553738731,1922321000
24.29,4,0.0826512594513838314076591771,0.0997382213745658,0.0993215158910772,0.08305540419351,0.0826376811577008,0.235704180989113,0.2420583361661571862140184414,0.1632028885524983862140184414,0.0788554476136588,3.4672293136052828715173103435,51.104078572229130718593637198,51.104073129980646335671516192,1923112000
24.30,4,0.0826494840770194194076591771,0.0997348716669612,0.0993184987035252,0.0830536201379928,0.0826362304342164,0.235681830169661,0.2420358293238130034530679183,0.1631803817101542034530679183,0.0788554476136588,3.4669069268361608715173103443,51.101553367735233803734156425,51.101547924288018338458087293,1923904000
24.31,4,0.0826477101576658204076591771,0.0997315245799763,0.0993154837382658,0.083051837544601,0.0826347807735574,0.235659495894245,0.2420133391402248427140368226,0.1631578915265660427140368226,0.0788554476136588,3.466584778686141871517310343,51.099028464665612370131496891,51.099023020019900327159703411,1924696000
24.32,4,0.0826459376260179374076591771,0.099728178395657,0.0993124692779808,0.0830500563457005,0.0826333321087275,0.235637154564507,0.2419908419547231133080707184,0.1631353943410643133080707184,0.0788554476136588,3.4662625302410988715173103441,51.096514334603769852060847983,51.096508888762136446461502627,1925487000
24.33,4,0.0826441666339942744076591771,0.0997248363168401,0.0993094585261422,0.0830482766939526,0.0826318845930246,0.235614849794611,0.2419683814986946868963287304,0.1631129338850358868963287304,0.0788554476136588,3.465940807907006871517310343,51.093989964495835929054833371,51.093984517456076003937334067,1926279000
24.34,4,0.0826423970775801814076591771,0.0997214958018114,0.0993064489416697,0.083046498484834,0.0826304381225609,0.235592546734712,0.2419459228299285836478222757,0.1630904752162697836478222757,0.0788554476136588,3.4656191111735618715173103436,51.091467089189647525229620161,51.091461640951989049645198243,1927071000
24.35,4,0.0826406279262930174076591771,0.099718158426866,0.0993034421014907,0.0830447206828234,0.082628991662449,0.235570282771639,0.2419235033541823342834030859,0.1630680557405235342834030859,0.0788554476136588,3.465297975838772871517310343,51.088965108187384562909106421,51.088959658758221887387033327,1927863000
24.36,4,0.0826388712950670184076591771,0.0997148334303257,0.0993004472445588,0.083042955462094,0.0826275573874953,0.235548015495588,0.2419010814094378235775912583,0.1630456337957790235775912583,0.0788554476136588,3.4649768051381888715173103442,51.086445043590823098595267646,51.086439592964916680844148076,1928654000
24.37,4,0.0826371051350379644076591771,0.0997115005318783,0.0992974440911916,0.083041180665968,0.0826261131416533,0.235525772513521,0.2418786831207678007059831947,0.1630232355071090007059831947,0.0788554476136588,3.4646559732859118715173103438,51.08392755827143184661114896,51.083922106449800957877690202,1929446000
24.38,4,0.0826353414091954354076591771,0.0997081719598393,0.0992944448703334,0.0830394083159311,0.0826246709470392,0.235503556363397,0.2418563118729978435406571115,0.1630008642593390435406571115,0.0788554476136588,3.4643355287659968715173103432,51.08142590285848787545140458,51.081420449845866052160676559,1930238000
24.39,4,0.0826335790872783664076591771,0.0997048448588742,0.0992914467272773,0.0830376373766845,0.0826232297689833,0.235481341053602,0.2418339415386939818675785176,0.1629784939250351818675785176,0.0788554476136588,3.4640150973305198715173103431,51.078915487362413998901477518,51.078910033156196616965432785,1931030000
24.40,4,0.0826318272654568124076591771,0.0997015299962259,0.0992884604298924,0.0830358769888764,0.0826217987487615,0.235459149526283,0.2418115957552448594832494814,0.1629561481415860594832494814,0.0788554476136588,3.463695017560132871517310343,51.07640082666183255251408438,51.076395371261187120394104466,1931821000
24.41,4,0.0826300679134161614076591771,0.0996982092358863,0.0992854678427958,0.0830341090340282,0.0826203597685219,0.235436982163425,0.2417892736386450499768962453,0.1629338260249862499768962453,0.0788554476136588,3.4633752767923908715173103436,51.07389478522827979599467306,51.073889328635886298703016875,1932613000
24.42,4,0.0826283089460774814076591771,0.0996948891613176,0.0992824755500733,0.0830323414657631,0.0826189207825129,0.235414819093019,0.2417669558245767374669834212,0.1629115082109179374669834212,0.0788554476136588,3.4630555976538728715173103443,51.071398219116397888330463922,51.071392761334735337178389764,1933405000
24.43,4,0.0826265524959404774076591771,0.099691574110062,0.0992794878898899,0.0830305764270082,0.0826174839342858,0.23539269162465,0.2417446738489693630991243591,0.1628892262353105630991243591,0.0788554476136588,3.4627364318634938715173103429,51.068897207253905232851493098,51.068891748282342402181196381,1934197000
24.44,4,0.0826247964962006424076591771,0.0996882604389234,0.0992765012196706,0.0830288118408528,0.0826160471475526,0.235370577431877,0.2417224051856757836041358934,0.1628669575720169836041358934,0.0788554476136588,3.4624174567579638715173103441,51.066405295074304891254675836,51.066399834915422375674446815,1934988000
24.45,4,0.0826230519281793904076591771,0.0996849574287605,0.0992735248208945,0.0830270587423143,0.0826146214579526,0.235348451043666,0.2417001250731513257646500484,0.1628446774594925257646500484,0.0788554476136588,3.4620983176542818715173103437,51.063901728455804670483839089,51.06389626710592375850883863,1935780000
24.46,4,0.0826212987620007714076591771,0.0996816490375036,0.0992705426521104,0.0830252970035756,0.0826131867382888,0.235326371591763,0.2416778913801043687544555671,0.1628224437664455687544555671,0.0788554476136588,3.4617798434606368715173103431,51.061402115395385799502105382,51.061396652856422154225184735,1936572000
24.47,4,0.0826195581114040464076591771,0.0996783527071815,0.0992675721559651,0.0830235478416168,0.0826117642061606,0.235304284350894,0.2416556507313074527267257068,0.1628002031176486527267257068,0.0788554476136588,3.4614612696332128715173103432,51.058901141607889425558346124,51.058895677879093144167437816,1937363000
24.48,4,0.0826178079098046254076591771,0.0996750504666491,0.0992645953619297,0.0830217890819533,0.0826103316877013,0.235282250205918,0.2416334626097467411182510335,0.1627780149960879411182510335,0.0788554476136588,3.461143448203024871517310343,51.056423168691770950368357488,51.056417703780430579665323039,1938155000
24.49,4,0.0826160590908350394076591771,0.0996717484523644,0.0992616184070773,0.0830200317116804,0.0826089001706227,0.235260199405772,0.2416112578623689083290451250,0.1627558102487101083290451250,0.0788554476136588,3.4608253886255488715173103442,51.053925796883424654943265824,51.053920330783616442805425612,1938947000
24.50,4,0.0826143217862392074076591771,0.0996684601820874,0.099258654809782,0.0830182859120837,0.0826074798368261,0.235238179308681,0.2415890846750305647856723211,0.1627336370613717647856723211,0.0788554476136588,3.4605077811123388715173103432,51.051432502617105068501190587,51.051427035330445297032058713,1939739000
24.51,4,0.0826125759295967634076591771,0.0996651648043136,0.0992556837191522,0.083016531518623,0.0826060505223854,0.235216180794717,0.2415669324955354904863970723,0.1627114848818766904863970723,0.0788554476136588,3.4601904745143178715173103437,51.04895300575712429826498915,51.048947537287662596083718798,1940530000
24.52,4,0.0826108415205608944076591771,0.0996618810940306,0.0992527239107867,0.0830147886287449,0.0826046323253603,0.235194184249972,0.2415447830674735817661834831,0.1626893354538147817661834831,0.0788554476136588,3.459873207327673871517310343,51.046458248687414522457649179,51.046452779030801893469802365,1941322000
24.53,4,0.0826090974929818974076591771,0.099658589691861,0.0992497560259186,0.0830130360732913,0.0826032040772045,0.235172216294718,0.2415226615958710425230012036,0.1626672139822122425230012036,0.0788554476136588,3.4595563405878128715173103438,51.043974608337952449944648609,51.043969137497660177870714865,1942114000
24.54,4,0.0826073659598469354076591771,0.0996553114325817,0.0992468008999339,0.0830112960733766,0.0826017879996429,0.235150256327384,0.2415005489827454157740574497,0.1626451013690866157740574497,0.0788554476136588,3.4592396007362868715173103429,51.041499687444781360568110137,51.041494215423190342417678207,1942906000
24.55,4,0.0826056258916092154076591771,0.0996520267578075,0.0992438389750553,0.0830095474966245,0.0826003629609088,0.235128327595006,0.2414784670542225807294242458,0.1626230194405637807294242458,0.0788554476136588,3.4589233004093198715173103434,51.039018652052161755891343063,51.039013178848070058545450954,1943697000
24.56,4,0.0826038962512686294076591771,0.0996487529647218,0.0992408875490728,0.0830078093987594,0.0825989480173346,0.235106404283795,0.2414563912660263629301391427,0.1626009436523675629301391427,0.0788554476136588,3.4586070880360528715173103443,51.036535567518238450820006724,51.036530093131005579704817489,1944489000
24.57,4,0.0826021690751367414076591771,0.0996454832317201,0.0992379398009877,0.0830060737771524,0.0825975351668985,0.235084503562602,0.2414343382693781282040919656,0.1625788906557193282040919656,0.0788554476136588,3.4582912021276628715173103433,51.034054779511319577192637234,51.034049303941877567652676963,1945281000
24.58,4,0.0826004322606789884076591771,0.0996422051774038,0.0992349833500054,0.0830043284700905,0.0825961122484932,0.235062622714431,0.2414123044902579096313183283,0.1625568568765991096313183283,0.0788554476136588,3.4579755914900848715173103435,51.031588267705087212548617169,51.031582790957582093135195203,1946073000
24.59,4,0.0825987079570048064076591771,0.0996389409576379,0.0992320403525941,0.0830025957349869,0.0825947015201364,0.235040759509786,0.2413902892501589772157010358,0.1625348416365001772157010358,0.0788554476136588,3.4576602464044258715173103437,51.029116623833820953974236513,51.029111145907046892725408999,1946864000
24.60,4,0.0825969840981828634076591771,0.0996356768262498,0.0992290970631833,0.0830008634469107,0.0825932908575009,0.235018891187201,0.2413682688842185518338842342,0.1625128212705597518338842342,0.0788554476136588,3.457344827896495871517310344,51.026632097042187294464655887,51.026626617932269282042329012,1947656000
24.61,4,0.0825952516655436264076591771,0.0996324065411933,0.0992261472403272,0.0829991225430933,0.08259187119842,0.234997058401322,0.2413462835126676092270186651,0.1624908358990088092270186651,0.0788554476136588,3.4570299106462718715173103439,51.024171944399172305598041648,51.024166464113393941592561813,1948448000
24.62,4,0.0825935216300790024076591771,0.0996291390263356,0.0992231998084929,0.0829973840481722,0.0825904535681323,0.234975230724705,0.2413243034047225126867013738,0.1624688557910637126867013738,0.0788554476136588,3.4567150687916478715173103442,51.021699571042997357147566077,51.02169408957790195357517569,1949240000
24.63,4,0.0825918120854908034076591771,0.0996258937694013,0.0992202742560031,0.0829956661443229,0.0825890561494132,0.234953426192591,0.2413023479111280015675582430,0.1624469002974692015675582430,0.0788554476136588,3.4564005795116248715173103436,51.019228994565694432243103505,51.019223511922120784447285495,1950031000
24.64,4,0.0825900839843910874076591771,0.0996226315657179,0.0992173313787826,0.0829939295932252,0.0825876397045411,0.234931646656359,0.2412804161440133734841787923,0.1624249685303545734841787923,0.0788554476136588,3.4560864300883918715173103434,51.016771950947494520044055246,51.016766467129491064718682161,1950823000
24.65,4,0.0825883673264403154076591771,0.0996193812629397,0.0992144000250816,0.0829922045412307,0.082586234380465,0.234909872490994,0.2412584905385234758818940918,0.1624030429248646758818940918,0.0788554476136588,3.4557723689239318715173103435,51.014307943129114531583877722,51.014302458134691408984932018,1951615000
24.66,4,0.0825866520929717264076591771,0.0996161345305448,0.0992114718649732,0.0829904809206838,0.0825848301101256,0.234888128890195,0.2412365956459197795783384579,0.1623811480322609795783384579,0.0788554476136588,3.4554587476891608715173103443,51.011842773742348961397924272,51.011837287571671123142337562,1952406000
24.67,4,0.0825849382369171634076591771,0.0996128895468704,0.0992085450773881,0.0829887586842861,0.0825834268468197,0.23486639048098,0.2412147060279949962476839291,0.1623592584143361962476839291,0.0788554476136588,3.4551452020085998715173103433,51.009393314527274463414263305,51.009387827184572299888305623,1953198000
24.68,4,0.0825832148881065264076591771,0.0996096356036875,0.0992056089546899,0.0829870269087151,0.0825820136678186,0.234844660720738,0.2411928243867914982194849396,0.1623373767731326982194849396,0.0788554476136588,3.4548317705861548715173103438,51.006930362143575679366962005,51.006924873625103889466317492,1953990000
24.69,4,0.0825815139810921224076591771,0.0996064067870332,0.0992026975835072,0.0829853176846752,0.0825806226644197,0.234822967023382,0.2411709804472048794376163721,0.1623155328335460794376163721,0.0788554476136588,3.4545188791995918715173103431,51.004474574628440702675101936,51.004469084936816473499518349,1954782000
24.70,4,0.0825797944972093854076591771,0.099603158569327,0.0991997664368492,0.0829835897929306,0.0825792126179786,0.234801263516745,0.2411491253427641398746883390,0.1622936777291053398746883390,0.0788554476136588,3.4542058278882738715173103435,51.002009933187302945026110575,51.002004442319621981098960886,1955573000
24.71,4,0.0825780854544498464076591771,0.0995999231969976,0.0991968477617338,0.0829818723933639,0.0825778126889682,0.234779593322168,0.2411273043392072106783121639,0.1622718567255484106783121639,0.0788554476136588,3.453893265036135871517310344,50.999563314070674804109975506,50.99955782203246272503878925,1956365000
24.72,4,0.0825763788524778044076591771,0.0995966917402931,0.0991939326289972,0.0829801574465194,0.0825764148385224,0.234757943988522,0.2411055043928700322756744160,0.1622500567792112322756744160,0.0788554476136588,3.4535810038064528715173103437,50.997108583437173154632175122,50.997103090226464284872658248,1957157000
24.73,4,0.0825746726078886504076591771,0.0995934611343387,0.0991910179743509,0.0829784428588054,0.0825750169736374,0.234736301698881,0.2410837115067288305703490563,0.1622282638930700305703490563,0.0788554476136588,3.4532688437066278715173103431,50.994658112681402859171902923,50.994652618299319146910144314,1957948000
24.74,4,0.0825729678682113144076591771,0.099590233696338,0.0991881061155842,0.0829767297833618,0.0825736202480402,0.234714683059823,0.2410619424085889019570158339,0.1622064947949301019570158339,0.0788554476136588,3.4529570243448218715173103438,50.992221154795085790479681043,50.992215659245679267636385081,1958740000
24.75,4,0.0825712645499897944076591771,0.0995870092763163,0.0991851969033068,0.0829750181363246,0.0825722245784525,0.234693087128808,0.2410401961477870656063933804,0.1621847485341282656063933804,0.0788554476136588,3.4526455321037878715173103435,50.989775583227433194787729375,50.989770086508641325893246274,1959532000
24.76,4,0.0825695626712183374076591771,0.0995837857568611,0.0991822882206894,0.0829733079357761,0.0825708299835413,0.234671483366167,0.2410184421113828413298472986,0.1621629944977240413298472986,0.0788554476136588,3.4523339284854538715173103436,50.987323376069132841140204708,50.987317878178739426629990675,1960324000
24.77,4,0.0825678622315639524076591771,0.0995805672853664,0.0991793842157081,0.0829715991813816,0.0825694364635554,0.234649931087152,0.2409967397594891545850816618,0.1621412921458303545850816618,0.0788554476136588,3.4520230651931998715173103438,50.984893822658855126007903233,50.984888323604068652428573338,1961115000
24.78,4,0.0825661632123664074076591771,0.0995773497596778,0.0991764807867897,0.0829698918543895,0.0825680440003257,0.234628371896999,0.2409750305534767991112813595,0.1621195829398179991112813595,0.0788554476136588,3.4517121037229278715173103441,50.982447017547625263670781567,50.98244151732332662148368039,1961907000
24.79,4,0.0825644655671934114076591771,0.0995741344680845,0.0991735792228027,0.0829681859081408,0.0825666525477741,0.234606824887944,0.2409533336289814764815742926,0.1620978860153226764815742926,0.0788554476136588,3.4514013181724288715173103432,50.980001239013024008214529727,50.979995737619565719617828805,1962699000
24.80,4,0.0825627694246219234076591771,0.0995709224029581,0.0991706805166977,0.0829664814718408,0.0825652622356864,0.234585302399288,0.2409316613645094227104400508,0.1620762137508506227104400508,0.0788554476136588,3.4510908858507438715173103433,50.977574186919552892863995216,50.977568684362447745503960098,1963491000
24.81,4,0.0825610737015130744076591771,0.0995677114423993,0.0991677825471529,0.0829647774570546,0.0825638719762063,0.234563789689771,0.2409099989067353975734352364,0.1620545512930765975734352364,0.0788554476136588,3.4507805939996608715173103436,50.975134248556330591842473452,50.975128744832042069040849227,1964282000
24.82,4,0.0825593803975365524076591771,0.099564504377375,0.0991648881057116,0.0829630758732296,0.0825624837793593,0.23454229786543,0.2408883575293695676721655177,0.1620329099157107676721655177,0.0788554476136588,3.4504706041031828715173103437,50.972697126106676652916293472,50.972691621216252648425167613,1965074000
24.83,4,0.0825576875306903594076591771,0.0995612986702425,0.0991619946553064,0.0829613747286725,0.0825610956540285,0.234520819188336,0.2408667293363565543255296182,0.1620112817226977543255296182,0.0788554476136588,3.4501608030586478715173103442,50.970260238434405849386049181,50.970254732378002910701591775,1965866000
24.84,4,0.0825560070823174714076591771,0.0995581068826964,0.099159114758206,0.082959686063312,0.0825597196407184,0.234499360699607,0.2408451222279606326123981810,0.1619896746143018326123981810,0.0788554476136588,3.4498513040290058715173103432,50.967837045302284056133984235,50.967831538083949848628619296,1966658000
24.85,4,0.0825543070704169514076591771,0.0995548971425888,0.0991562165428354,0.082957977738763,0.0825583236016181,0.234477927328866,0.2408235388985494036359459330,0.1619680912848906036359459330,0.0788554476136588,3.4495421456082298715173103434,50.965411599661866519566561378,50.9654060912813154732289973,1967449000
24.86,4,0.0825526284305953664076591771,0.0995517093213679,0.0991533398812152,0.0829562908907971,0.0825569486730729,0.234456499558916,0.2408019626597995017688978213,0.1619465150461407017688978213,0.0788554476136588,3.4492330887536958715173103438,50.962978339382820620187419809,50.962972829837852106785187549,1968241000
24.87,4,0.0825509412723793704076591771,0.0995485138837708,0.0991504552386527,0.082954595482784,0.0825555648190242,0.234435085608507,0.2407803996502039013444567037,0.1619249520365451013444567037,0.0788554476136588,3.4489242213928388715173103439,50.960551360623572151759894936,50.960545849916012249514851447,1969033000
24.88,4,0.0825492555313249344076591771,0.0995453212268987,0.0991475730128191,0.082952901498862,0.0825541820241816,0.23441369103459,0.2407588561384828301411918124,0.1619034085248240301411918124,0.0788554476136588,3.4486156333184618715173103437,50.958129286092115828836451212,50.958123774223555020873979299,1969824000
24.89,4,0.0825475812254332304076591771,0.0995421403428758,0.099144702196407,0.082951219006018,0.082552810356102,0.234392300114322,0.2407373170673922933720785348,0.1618818694537334933720785348,0.0788554476136588,3.4483071088514318715173103442,50.955700834223191613365289883,50.955695321191765072939514715,1970616000
24.90,4,0.0825458983360504084076591771,0.099538952937037,0.099141824495319,0.0829495278877116,0.0825514296988138,0.234370939604184,0.2407158078521032578185519897,0.1618603602384444578185519897,0.0788554476136588,3.4479990120372568715173103434,50.95327698021586730375056006,50.95327146602331894658192548,1971408000
24.91,4,0.0825442158811786914076591771,0.0995357674386698,0.0991389483394086,0.082947837206041,0.0825500491149828,0.234349600138064,0.2406943197373556281805560939,0.1618388721236968281805560939,0.0788554476136588,3.4476912174660738715173103438,50.950866799588352918158782578,50.950861284238730207022783383,1972200000
24.92,4,0.0825425458421652744076591771,0.0995325955594352,0.0991360854409025,0.0829461590009392,0.0825486806451089,0.234328276600971,0.2406728484376230692428516716,0.1618174008239642692428516716,0.0788554476136588,3.4473836637522398715173103432,50.948452096925931778041827279,50.948446580418166109355178842,1972991000
24.93,4,0.0825408662186856514076591771,0.0995294149936025,0.0991332134946336,0.0829444711645056,0.0825473021818566,0.234306966935789,0.2406513903448694262167851636,0.1617959427312106262167851636,0.0788554476136588,3.4470762992144438715173103437,50.946031594642411344828411406,50.946026076974998891489073167,1973783000
24.94,4,0.0825391889650893734076591771,0.0995262362013791,0.0991303429613727,0.0829427857095434,0.0825459257385939,0.234285648519825,0.2406299236212173085990964827,0.1617744760075585085990964827,0.0788554476136588,3.4467688110481338715173103443,50.94362211354852318070577983,50.943616594724099921267988111,1974575000
24.95,4,0.0825375121900847764076591771,0.0995230611367966,0.0991274757957134,0.082941100735513,0.0825445494153445,0.234264376542346,0.2406085034578407762168644789,0.1617530558441819762168644789,0.0788554476136588,3.4464619898086448715173103433,50.941210762772721454622725124,50.941205242791633218525379051,1975367000
24.96,4,0.0825358468296435164076591771,0.0995198980133522,0.0991246202117135,0.0829394272318605,0.0825431842021165,0.234243110921636,0.2405870904436428304785623480,0.1617316428299840304785623480,0.0788554476136588,3.4461552709735958715173103439,50.938797641502844727630368015,50.938792120364561049219987757,1976158000
24.97,4,0.0825341729017709434076591771,0.099516726800403,0.09912175617929,0.082937745118884,0.0825418100197692,0.234221853060427,0.2405656845807136078832084199,0.1617102369670548078832084199,0.0788554476136588,3.445848654572925871517310343,50.93639358279624068414644803,50.936388060503220749451956952,1976950000
24.98,4,0.0825325103878173684076591771,0.0995135700872301,0.0991189062882826,0.0829360744756378,0.0825404469479169,0.234200638155424,0.2405443225558052193790907181,0.1616888749421464193790907181,0.0788554476136588,3.4455426661056498715173103439,50.933987882030191892428530675,50.93398235858278359865836097,1977742000
24.99,4,0.0825308492874614004076591771,0.0995104138292972,0.0991160564947125,0.0829344052529014,0.0825390849378981,0.234179409421833,0.2405229467427921098349218681,0.1616674991291333098349218681,0.0788554476136588,3.4452364801383218715173103431,50.931579554910118618101087324,50.931574030307075276376125717,1978534000
